ref
198878
198878
198878
198878
198878
198878
198878
198878
198878
198878
198878
198878
198878
198878
198878
198878
198878
198878
198878
198878
198878
198878
198878
198878
198878
198878
198878
198878
198878
198878
198878
198878
198878
198878
198878
198878
198878
198878
198878
198878
1355940
1355940
1355940
1355940
1355940
1355940
1355940
1355940
1355940
1355940
1355940
1355940
1355940
1355940
1355940
1355940
1355940
1355940
1355940
1355940
1355940
1355940
1355940
1355940
1355940
1355940
1355940
1355940
1355940
1355940
1355940
1355940
1355940
1355940
1355940
1355940
1355940
1355940
1355940
1355940
437064
437064
437064
437064
437064
437064
437064
437064
437064
437064
437064
437064
437064
437064
437064
437064
437064
437064
437064
437064
437064
437064
437064
437064
437064
437064
437064
437064
437064
437064
437064
437064
437064
437064
437064
437064
437064
437064
437064
437064
582062
582062
582062
582062
582062
582062
582062
582062
582062
582062
582062
582062
582062
582062
582062
582062
582062
582062
582062
582062
582062
582062
582062
582062
582062
582062
582062
582062
582062
582062
582062
582062
582062
582062
582062
582062
582062
582062
582062
582062
254633
254633
254633
254633
254633
254633
254633
254633
254633
254633
254633
254633
254633
254633
254633
254633
254633
254633
254633
254633
254633
254633
254633
254633
254633
254633
254633
254633
254633
254633
254633
254633
254633
254633
254633
254633
254633
254633
254633
254633
148299
148299
148299
148299
148299
148299
148299
148299
148299
148299
148299
148299
148299
148299
148299
148299
148299
148299
148299
148299
148299
148299
148299
148299
148299
148299
148299
148299
148299
148299
148299
148299
148299
148299
148299
148299
148299
148299
148299
148299
107579
107579
107579
107579
107579
107579
107579
107579
107579
107579
107579
107579
107579
107579
107579
107579
107579
107579
107579
107579
107579
107579
107579
107579
107579
107579
107579
107579
107579
107579
107579
107579
107579
107579
107579
107579
107579
107579
107579
107579
98673
98673
98673
98673
98673
98673
98673
98673
98673
98673
98673
98673
98673
98673
98673
98673
98673
98673
98673
98673
98673
98673
98673
98673
98673
98673
98673
98673
98673
98673
98673
98673
98673
98673
98673
98673
98673
98673
98673
98673
81883
81883
81883
81883
81883
81883
81883
81883
81883
81883
81883
81883
81883
81883
81883
81883
81883
81883
81883
81883
81883
81883
81883
81883
81883
81883
81883
81883
81883
81883
81883
81883
81883
81883
81883
81883
81883
81883
81883
81883
386238
386238
386238
386238
386238
386238
386238
386238
386238
386238
386238
386238
386238
386238
386238
386238
386238
386238
386238
386238
386238
386238
386238
386238
386238
386238
386238
386238
386238
386238
386238
386238
386238
386238
386238
386238
386238
386238
386238
386238
214909
214909
214909
214909
214909
214909
214909
214909
214909
214909
214909
214909
214909
214909
214909
214909
214909
214909
214909
214909
214909
214909
214909
214909
214909
214909
214909
214909
214909
214909
214909
214909
214909
214909
214909
214909
214909
214909
214909
214909
113348
113348
113348
113348
113348
113348
113348
113348
113348
113348
113348
113348
113348
113348
113348
113348
113348
113348
113348
113348
113348
113348
113348
113348
113348
113348
113348
113348
113348
113348
113348
113348
113348
113348
113348
113348
113348
113348
113348
113348
456458
456458
456458
456458
456458
456458
456458
456458
456458
456458
456458
456458
456458
456458
456458
456458
456458
456458
456458
456458
456458
456458
456458
456458
456458
456458
456458
456458
456458
456458
456458
456458
456458
456458
456458
456458
456458
456458
456458
456458
58098
58098
58098
58098
58098
58098
58098
58098
58098
58098
58098
58098
58098
58098
58098
58098
58098
58098
58098
58098
58098
58098
58098
58098
58098
58098
58098
58098
58098
58098
58098
58098
58098
58098
58098
58098
58098
58098
58098
58098
244502
244502
244502
244502
244502
244502
244502
244502
244502
244502
244502
244502
244502
244502
244502
244502
244502
244502
244502
244502
244502
244502
244502
244502
244502
244502
244502
244502
244502
244502
244502
244502
244502
244502
244502
244502
244502
244502
244502
244502
1370530
1370530
1370530
1370530
1370530
1370530
1370530
1370530
1370530
1370530
1370530
1370530
1370530
1370530
1370530
1370530
1370530
1370530
1370530
1370530
1370530
1370530
1370530
1370530
1370530
1370530
1370530
1370530
1370530
1370530
1370530
1370530
1370530
1370530
1370530
1370530
1370530
1370530
1370530
1370530
66380
66380
66380
66380
66380
66380
66380
66380
66380
66380
66380
66380
66380
66380
66380
66380
66380
66380
66380
66380
66380
66380
66380
66380
66380
66380
66380
66380
66380
66380
66380
66380
66380
66380
66380
66380
66380
66380
66380
66380
393906
393906
393906
393906
393906
393906
393906
393906
393906
393906
393906
393906
393906
393906
393906
393906
393906
393906
393906
393906
393906
393906
393906
393906
393906
393906
393906
393906
393906
393906
393906
393906
393906
393906
393906
393906
393906
393906
393906
393906
379732
379732
379732
379732
379732
379732
379732
379732
379732
379732
379732
379732
379732
379732
379732
379732
379732
379732
379732
379732
379732
379732
379732
379732
379732
379732
379732
379732
379732
379732
379732
379732
379732
379732
379732
379732
379732
379732
379732
379732
503532
503532
503532
503532
503532
503532
503532
503532
503532
503532
503532
503532
503532
503532
503532
503532
503532
503532
503532
503532
503532
503532
503532
503532
503532
503532
503532
503532
503532
503532
503532
503532
503532
503532
503532
503532
503532
503532
503532
503532
164465
164465
164465
164465
164465
164465
164465
164465
164465
164465
164465
164465
164465
164465
164465
164465
164465
164465
164465
164465
164465
164465
164465
164465
164465
164465
164465
164465
164465
164465
164465
164465
164465
164465
164465
164465
164465
164465
164465
164465
93281
93281
93281
93281
93281
93281
93281
93281
93281
93281
93281
93281
93281
93281
93281
93281
93281
93281
93281
93281
93281
93281
93281
93281
93281
93281
93281
93281
93281
93281
93281
93281
93281
93281
93281
93281
93281
93281
93281
93281
114006
114006
114006
114006
114006
114006
114006
114006
114006
114006
114006
114006
114006
114006
114006
114006
114006
114006
114006
114006
114006
114006
114006
114006
114006
114006
114006
114006
114006
114006
114006
114006
114006
114006
114006
114006
114006
114006
114006
114006
359012
359012
359012
359012
359012
359012
359012
359012
359012
359012
359012
359012
359012
359012
359012
359012
359012
359012
359012
359012
359012
359012
359012
359012
359012
359012
359012
359012
359012
359012
359012
359012
359012
359012
359012
359012
359012
359012
359012
359012
163360
163360
163360
163360
163360
163360
163360
163360
163360
163360
163360
163360
163360
163360
163360
163360
163360
163360
163360
163360
163360
163360
163360
163360
163360
163360
163360
163360
163360
163360
163360
163360
163360
163360
163360
163360
163360
163360
163360
163360
174385
174385
174385
174385
174385
174385
174385
174385
174385
174385
174385
174385
174385
174385
174385
174385
174385
174385
174385
174385
174385
174385
174385
174385
174385
174385
174385
174385
174385
174385
174385
174385
174385
174385
174385
174385
174385
174385
174385
174385
297774
297774
297774
297774
297774
297774
297774
297774
297774
297774
297774
297774
297774
297774
297774
297774
297774
297774
297774
297774
297774
297774
297774
297774
297774
297774
297774
297774
297774
297774
297774
297774
297774
297774
297774
297774
297774
297774
297774
297774
59659
59659
59659
59659
59659
59659
59659
59659
59659
59659
59659
59659
59659
59659
59659
59659
59659
59659
59659
59659
59659
59659
59659
59659
59659
59659
59659
59659
59659
59659
59659
59659
59659
59659
59659
59659
59659
59659
59659
59659
291770
291770
291770
291770
291770
291770
291770
291770
291770
291770
291770
291770
291770
291770
291770
291770
291770
291770
291770
291770
291770
291770
291770
291770
291770
291770
291770
291770
291770
291770
291770
291770
291770
291770
291770
291770
291770
291770
291770
291770
474498
474498
474498
474498
474498
474498
474498
474498
474498
474498
474498
474498
474498
474498
474498
474498
474498
474498
474498
474498
474498
474498
474498
474498
474498
474498
474498
474498
474498
474498
474498
474498
474498
474498
474498
474498
474498
474498
474498
474498
192490
192490
192490
192490
192490
192490
192490
192490
192490
192490
192490
192490
192490
192490
192490
192490
192490
192490
192490
192490
192490
192490
192490
192490
192490
192490
192490
192490
192490
192490
192490
192490
192490
192490
192490
192490
192490
192490
192490
192490
229693
229693
229693
229693
229693
229693
229693
229693
229693
229693
229693
229693
229693
229693
229693
229693
229693
229693
229693
229693
229693
229693
229693
229693
229693
229693
229693
229693
229693
229693
229693
229693
229693
229693
229693
229693
229693
229693
229693
229693
163177
163177
163177
163177
163177
163177
163177
163177
163177
163177
163177
163177
163177
163177
163177
163177
163177
163177
163177
163177
163177
163177
163177
163177
163177
163177
163177
163177
163177
163177
163177
163177
163177
163177
163177
163177
163177
163177
163177
163177
547457
547457
547457
547457
547457
547457
547457
547457
547457
547457
547457
547457
547457
547457
547457
547457
547457
547457
547457
547457
547457
547457
547457
547457
547457
547457
547457
547457
547457
547457
547457
547457
547457
547457
547457
547457
547457
547457
547457
547457
207177
207177
207177
207177
207177
207177
207177
207177
207177
207177
207177
207177
207177
207177
207177
207177
207177
207177
207177
207177
207177
207177
207177
207177
207177
207177
207177
207177
207177
207177
207177
207177
207177
207177
207177
207177
207177
207177
207177
207177
218923
218923
218923
218923
218923
218923
218923
218923
218923
218923
218923
218923
218923
218923
218923
218923
218923
218923
218923
218923
218923
218923
218923
218923
218923
218923
218923
218923
218923
218923
218923
218923
218923
218923
218923
218923
218923
218923
218923
218923
117122
117122
117122
117122
117122
117122
117122
117122
117122
117122
117122
117122
117122
117122
117122
117122
117122
117122
117122
117122
117122
117122
117122
117122
117122
117122
117122
117122
117122
117122
117122
117122
117122
117122
117122
117122
117122
117122
117122
117122
46297
46297
46297
46297
46297
46297
46297
46297
46297
46297
46297
46297
46297
46297
46297
46297
46297
46297
46297
46297
46297
46297
46297
46297
46297
46297
46297
46297
46297
46297
46297
46297
46297
46297
46297
46297
46297
46297
46297
46297
78820
78820
78820
78820
78820
78820
78820
78820
78820
78820
78820
78820
78820
78820
78820
78820
78820
78820
78820
78820
78820
78820
78820
78820
78820
78820
78820
78820
78820
78820
78820
78820
78820
78820
78820
78820
78820
78820
78820
78820
355779
355779
355779
355779
355779
355779
355779
355779
355779
355779
355779
355779
355779
355779
355779
355779
355779
355779
355779
355779
355779
355779
355779
355779
355779
355779
355779
355779
355779
355779
355779
355779
355779
355779
355779
355779
355779
355779
355779
355779
354368
354368
354368
354368
354368
354368
354368
354368
354368
354368
354368
354368
354368
354368
354368
354368
354368
354368
354368
354368
354368
354368
354368
354368
354368
354368
354368
354368
354368
354368
354368
354368
354368
354368
354368
354368
354368
354368
354368
354368
474191
474191
474191
474191
474191
474191
474191
474191
474191
474191
474191
474191
474191
474191
474191
474191
474191
474191
474191
474191
474191
474191
474191
474191
474191
474191
474191
474191
474191
474191
474191
474191
474191
474191
474191
474191
474191
474191
474191
474191
87017
87017
87017
87017
87017
87017
87017
87017
87017
87017
87017
87017
87017
87017
87017
87017
87017
87017
87017
87017
87017
87017
87017
87017
87017
87017
87017
87017
87017
87017
87017
87017
87017
87017
87017
87017
87017
87017
87017
87017
118189
118189
118189
118189
118189
118189
118189
118189
118189
118189
118189
118189
118189
118189
118189
118189
118189
118189
118189
118189
118189
118189
118189
118189
118189
118189
118189
118189
118189
118189
118189
118189
118189
118189
118189
118189
118189
118189
118189
118189
83636
83636
83636
83636
83636
83636
83636
83636
83636
83636
83636
83636
83636
83636
83636
83636
83636
83636
83636
83636
83636
83636
83636
83636
83636
83636
83636
83636
83636
83636
83636
83636
83636
83636
83636
83636
83636
83636
83636
83636
161741
161741
161741
161741
161741
161741
161741
161741
161741
161741
161741
161741
161741
161741
161741
161741
161741
161741
161741
161741
161741
161741
161741
161741
161741
161741
161741
161741
161741
161741
161741
161741
161741
161741
161741
161741
161741
161741
161741
161741
468915
468915
468915
468915
468915
468915
468915
468915
468915
468915
468915
468915
468915
468915
468915
468915
468915
468915
468915
468915
468915
468915
468915
468915
468915
468915
468915
468915
468915
468915
468915
468915
468915
468915
468915
468915
468915
468915
468915
468915
59591
59591
59591
59591
59591
59591
59591
59591
59591
59591
59591
59591
59591
59591
59591
59591
59591
59591
59591
59591
59591
59591
59591
59591
59591
59591
59591
59591
59591
59591
59591
59591
59591
59591
59591
59591
59591
59591
59591
59591
672585
672585
672585
672585
672585
672585
672585
672585
672585
672585
672585
672585
672585
672585
672585
672585
672585
672585
672585
672585
672585
672585
672585
672585
672585
672585
672585
672585
672585
672585
672585
672585
672585
672585
672585
672585
672585
672585
672585
672585
525495
525495
525495
525495
525495
525495
525495
525495
525495
525495
525495
525495
525495
525495
525495
525495
525495
525495
525495
525495
525495
525495
525495
525495
525495
525495
525495
525495
525495
525495
525495
525495
525495
525495
525495
525495
525495
525495
525495
525495
1505290
1505290
1505290
1505290
1505290
1505290
1505290
1505290
1505290
1505290
1505290
1505290
1505290
1505290
1505290
1505290
1505290
1505290
1505290
1505290
1505290
1505290
1505290
1505290
1505290
1505290
1505290
1505290
1505290
1505290
1505290
1505290
1505290
1505290
1505290
1505290
1505290
1505290
1505290
1505290
84170
84170
84170
84170
84170
84170
84170
84170
84170
84170
84170
84170
84170
84170
84170
84170
84170
84170
84170
84170
84170
84170
84170
84170
84170
84170
84170
84170
84170
84170
84170
84170
84170
84170
84170
84170
84170
84170
84170
84170
184985
184985
184985
184985
184985
184985
184985
184985
184985
184985
184985
184985
184985
184985
184985
184985
184985
184985
184985
184985
184985
184985
184985
184985
184985
184985
184985
184985
184985
184985
184985
184985
184985
184985
184985
184985
184985
184985
184985
184985
225526
225526
225526
225526
225526
225526
225526
225526
225526
225526
225526
225526
225526
225526
225526
225526
225526
225526
225526
225526
225526
225526
225526
225526
225526
225526
225526
225526
225526
225526
225526
225526
225526
225526
225526
225526
225526
225526
225526
225526
681555
681555
681555
681555
681555
681555
681555
681555
681555
681555
681555
681555
681555
681555
681555
681555
681555
681555
681555
681555
681555
681555
681555
681555
681555
681555
681555
681555
681555
681555
681555
681555
681555
681555
681555
681555
681555
681555
681555
681555
208506
208506
208506
208506
208506
208506
208506
208506
208506
208506
208506
208506
208506
208506
208506
208506
208506
208506
208506
208506
208506
208506
208506
208506
208506
208506
208506
208506
208506
208506
208506
208506
208506
208506
208506
208506
208506
208506
208506
208506
147483
147483
147483
147483
147483
147483
147483
147483
147483
147483
147483
147483
147483
147483
147483
147483
147483
147483
147483
147483
147483
147483
147483
147483
147483
147483
147483
147483
147483
147483
147483
147483
147483
147483
147483
147483
147483
147483
147483
147483
693550
693550
693550
693550
693550
693550
693550
693550
693550
693550
693550
693550
693550
693550
693550
693550
693550
693550
693550
693550
693550
693550
693550
693550
693550
693550
693550
693550
693550
693550
693550
693550
693550
693550
693550
693550
693550
693550
693550
693550
449701
449701
449701
449701
449701
449701
449701
449701
449701
449701
449701
449701
449701
449701
449701
449701
449701
449701
449701
449701
449701
449701
449701
449701
449701
449701
449701
449701
449701
449701
449701
449701
449701
449701
449701
449701
449701
449701
449701
449701
183063
183063
183063
183063
183063
183063
183063
183063
183063
183063
183063
183063
183063
183063
183063
183063
183063
183063
183063
183063
183063
183063
183063
183063
183063
183063
183063
183063
183063
183063
183063
183063
183063
183063
183063
183063
183063
183063
183063
183063
509751
509751
509751
509751
509751
509751
509751
509751
509751
509751
509751
509751
509751
509751
509751
509751
509751
509751
509751
509751
509751
509751
509751
509751
509751
509751
509751
509751
509751
509751
509751
509751
509751
509751
509751
509751
509751
509751
509751
509751
808490
808490
808490
808490
808490
808490
808490
808490
808490
808490
808490
808490
808490
808490
808490
808490
808490
808490
808490
808490
808490
808490
808490
808490
808490
808490
808490
808490
808490
808490
808490
808490
808490
808490
808490
808490
808490
808490
808490
808490
74519
74519
74519
74519
74519
74519
74519
74519
74519
74519
74519
74519
74519
74519
74519
74519
74519
74519
74519
74519
74519
74519
74519
74519
74519
74519
74519
74519
74519
74519
74519
74519
74519
74519
74519
74519
74519
74519
74519
74519
1503900
1503900
1503900
1503900
1503900
1503900
1503900
1503900
1503900
1503900
1503900
1503900
1503900
1503900
1503900
1503900
1503900
1503900
1503900
1503900
1503900
1503900
1503900
1503900
1503900
1503900
1503900
1503900
1503900
1503900
1503900
1503900
1503900
1503900
1503900
1503900
1503900
1503900
1503900
1503900
100916
100916
100916
100916
100916
100916
100916
100916
100916
100916
100916
100916
100916
100916
100916
100916
100916
100916
100916
100916
100916
100916
100916
100916
100916
100916
100916
100916
100916
100916
100916
100916
100916
100916
100916
100916
100916
100916
100916
100916
432423
432423
432423
432423
432423
432423
432423
432423
432423
432423
432423
432423
432423
432423
432423
432423
432423
432423
432423
432423
432423
432423
432423
432423
432423
432423
432423
432423
432423
432423
432423
432423
432423
432423
432423
432423
432423
432423
432423
432423
232613
232613
232613
232613
232613
232613
232613
232613
232613
232613
232613
232613
232613
232613
232613
232613
232613
232613
232613
232613
232613
232613
232613
232613
232613
232613
232613
232613
232613
232613
232613
232613
232613
232613
232613
232613
232613
232613
232613
232613
364356
364356
364356
364356
364356
364356
364356
364356
364356
364356
364356
364356
364356
364356
364356
364356
364356
364356
364356
364356
364356
364356
364356
364356
364356
364356
364356
364356
364356
364356
364356
364356
364356
364356
364356
364356
364356
364356
364356
364356
389366
389366
389366
389366
389366
389366
389366
389366
389366
389366
389366
389366
389366
389366
389366
389366
389366
389366
389366
389366
389366
389366
389366
389366
389366
389366
389366
389366
389366
389366
389366
389366
389366
389366
389366
389366
389366
389366
389366
389366
52612
52612
52612
52612
52612
52612
52612
52612
52612
52612
52612
52612
52612
52612
52612
52612
52612
52612
52612
52612
52612
52612
52612
52612
52612
52612
52612
52612
52612
52612
52612
52612
52612
52612
52612
52612
52612
52612
52612
52612
102772
102772
102772
102772
102772
102772
102772
102772
102772
102772
102772
102772
102772
102772
102772
102772
102772
102772
102772
102772
102772
102772
102772
102772
102772
102772
102772
102772
102772
102772
102772
102772
102772
102772
102772
102772
102772
102772
102772
102772
892625
892625
892625
892625
892625
892625
892625
892625
892625
892625
892625
892625
892625
892625
892625
892625
892625
892625
892625
892625
892625
892625
892625
892625
892625
892625
892625
892625
892625
892625
892625
892625
892625
892625
892625
892625
892625
892625
892625
892625
323695
323695
323695
323695
323695
323695
323695
323695
323695
323695
323695
323695
323695
323695
323695
323695
323695
323695
323695
323695
323695
323695
323695
323695
323695
323695
323695
323695
323695
323695
323695
323695
323695
323695
323695
323695
323695
323695
323695
323695
150111
150111
150111
150111
150111
150111
150111
150111
150111
150111
150111
150111
150111
150111
150111
150111
150111
150111
150111
150111
150111
150111
150111
150111
150111
150111
150111
150111
150111
150111
150111
150111
150111
150111
150111
150111
150111
150111
150111
150111
139035
139035
139035
139035
139035
139035
139035
139035
139035
139035
139035
139035
139035
139035
139035
139035
139035
139035
139035
139035
139035
139035
139035
139035
139035
139035
139035
139035
139035
139035
139035
139035
139035
139035
139035
139035
139035
139035
139035
139035
192295
192295
192295
192295
192295
192295
192295
192295
192295
192295
192295
192295
192295
192295
192295
192295
192295
192295
192295
192295
192295
192295
192295
192295
192295
192295
192295
192295
192295
192295
192295
192295
192295
192295
192295
192295
192295
192295
192295
192295
325360
325360
325360
325360
325360
325360
325360
325360
325360
325360
325360
325360
325360
325360
325360
325360
325360
325360
325360
325360
325360
325360
325360
325360
325360
325360
325360
325360
325360
325360
325360
325360
325360
325360
325360
325360
325360
325360
325360
325360
144511
144511
144511
144511
144511
144511
144511
144511
144511
144511
144511
144511
144511
144511
144511
144511
144511
144511
144511
144511
144511
144511
144511
144511
144511
144511
144511
144511
144511
144511
144511
144511
144511
144511
144511
144511
144511
144511
144511
144511
159460
159460
159460
159460
159460
159460
159460
159460
159460
159460
159460
159460
159460
159460
159460
159460
159460
159460
159460
159460
159460
159460
159460
159460
159460
159460
159460
159460
159460
159460
159460
159460
159460
159460
159460
159460
159460
159460
159460
159460
459192
459192
459192
459192
459192
459192
459192
459192
459192
459192
459192
459192
459192
459192
459192
459192
459192
459192
459192
459192
459192
459192
459192
459192
459192
459192
459192
459192
459192
459192
459192
459192
459192
459192
459192
459192
459192
459192
459192
459192
139719
139719
139719
139719
139719
139719
139719
139719
139719
139719
139719
139719
139719
139719
139719
139719
139719
139719
139719
139719
139719
139719
139719
139719
139719
139719
139719
139719
139719
139719
139719
139719
139719
139719
139719
139719
139719
139719
139719
139719
154277
154277
154277
154277
154277
154277
154277
154277
154277
154277
154277
154277
154277
154277
154277
154277
154277
154277
154277
154277
154277
154277
154277
154277
154277
154277
154277
154277
154277
154277
154277
154277
154277
154277
154277
154277
154277
154277
154277
154277
