A14 13281 15028 7614 15279 12397 6834 11280 12873 9856 13484 13737 8167 13006 12542 26875 24630 
A20 15207 14843 24097 15658 18217 23298 20497 25403 20766 24068 29234 23748 24895 25690 43770 44435 
A29 10119 8338 7496 8400 10918 9540 7943 12380 9884 9471 10560 7588 11471 10122 16808 13893 
A30 8778 8871 9132 9267 9286 9534 12319 14668 8336 13327 12363 10232 12069 11691 18710 20870 
A31 40988 41399 37662 36151 40261 40409 42264 37416 40988 36001 29599 42137 31467 28862 63094 62875 
A32 27890 26843 25381 25221 30456 25680 29347 28656 27510 30801 26950 26220 27416 26562 45754 42728 
A33 44000 41722 41459 47628 44290 43583 43682 42755 44675 36134 29345 44989 32776 29214 68561 70923 
A34 49921 50821 56972 51033 53165 53997 57951 55223 53841 56959 55295 58546 52438 49207 85406 86106 
A35 4046 3497 8039 5745 5752 4942 6442 6485 4973 6502 6307 3603 4441 5340 10074 11600 
A36 16625 13860 24171 12627 14038 22736 17258 20265 22399 21574 22312 20866 21517 24893 37214 37047 
A37 8616 8888 8824 7974 9621 8908 10560 10858 7356 11962 11736 8792 11787 14094 21882 20826 
A38 8311 8766 7052 8561 9664 6203 10323 11267 5892 12211 11782 5241 11794 9126 18242 18296 
A41 27225 30296 25471 29681 28961 24231 25414 26271 25437 22891 16965 26495 18387 16082 40370 42072 
A42 7648 7703 5226 6736 7515 5291 9347 7923 6748 8938 8268 6199 9784 9463 16890 18225 
A43 24752 24041 19632 24575 24681 20527 25887 22537 23236 19065 20274 21155 18002 14063 39796 39606 
A44 19835 21533 29166 20436 26187 29111 29850 37045 27568 34487 35084 27108 36408 32460 49101 46832 
A45 17967 18920 18752 18616 19735 20694 20659 21968 17874 19877 18202 19250 17032 15573 30999 36043 
A46 19422 21531 18932 18587 20042 16715 19766 17728 17173 19840 14805 17852 14126 12952 31660 32927 
A48 9061 8238 8633 7542 9079 6884 10367 9089 7755 7545 7212 7601 7445 6713 14256 13792 
A49 9152 8791 8643 8389 7828 7380 9799 9184 7725 9828 9997 9277 8675 8370 15147 14826 
A50 10341 12227 9054 9713 11917 11707 13275 15747 10623 13011 15832 9875 14168 14032 22839 26324 
A52 25304 28157 35784 28837 32904 37383 33655 40936 34475 37731 39351 36930 38271 39036 68583 73526 
A53 20514 20921 18017 22329 21540 17727 22107 22867 17446 24511 20853 16367 24193 20296 34271 37426 
A54 20015 19383 17651 18866 17625 16505 19717 20303 16871 19743 17292 15207 16729 13777 31744 32714 
A55 16074 16789 12205 16597 18166 11947 17273 16724 12385 12801 13063 11260 12565 9257 28411 27269 
A56 11897 13566 12540 15357 16147 11995 15428 16704 11847 15205 16325 14186 16702 14737 29369 29018 
A59 5922 8809 9032 7344 6678 8599 9049 11947 7683 10423 10672 10859 8003 9713 15271 18162 
A62 16132 17552 13109 14363 15384 12478 14143 15556 13807 15633 15386 12500 16680 11127 31128 30154 
A66 11056 10410 10577 12369 10980 9959 12664 14745 10881 14502 11765 12636 10788 12156 21667 20817 
A69 15874 17943 20243 15675 20657 19382 24501 23549 20215 27588 25969 19560 24851 25484 50512 49131 
A71 8403 8442 9142 8687 11382 9095 10472 10310 7936 10120 10887 7458 11632 11148 21538 20284 
A72 14473 15970 16502 16182 18033 18216 18044 19789 16981 20164 18168 15711 17912 17178 30187 28309 
A73 7280 6048 8107 6786 8306 8746 9545 9366 8693 9750 11571 10169 11885 11821 20103 20239 
A77 9423 9068 7485 8949 10810 6518 12376 11552 7632 12224 13112 7788 13296 10952 19540 22302 
A78 11314 11812 8081 12489 12599 7480 12900 13217 8697 11101 11745 7862 10954 8971 21666 20397 
A79 19475 21386 22841 21216 20841 22765 23340 25203 24853 24762 23868 25489 25583 24865 45235 43349 
A80 5989 6781 7765 4959 6968 9924 8971 9374 8257 9971 9969 8381 9946 9130 17122 16970 
A81 50601 49229 50017 48173 51007 53025 56363 55115 52320 52077 48902 49985 49160 44184 83370 83947 
A82 22076 22878 20435 21278 22682 23972 23033 21748 19427 16316 13713 20045 13863 9953 34913 31820 
A83 41056 41997 47708 42425 44060 47392 50452 51601 47878 47788 44490 49025 46127 40055 83374 81121 
A84 33117 34575 41177 32617 37249 38815 36339 40698 37818 41267 36836 41014 35521 36236 63403 66649 
A86 8281 8741 8256 8164 10497 10928 10579 13432 9121 10196 11732 8540 11986 10094 20486 22462 
A90 9444 10207 10283 9561 9207 8877 11540 12782 10826 9577 10488 10705 9091 9319 12523 12467 
1961 2680 1480 1772 1266 2194 1355 1345 1967 2342 2033 2519 1566 846 1454 2136 4002 
B31 2522 3482 4665 2279 3914 997 3654 2620 3050 2281 2195 1599 2459 770 3748 5018 
B33 3490 4948 2105 3641 2685 1703 4005 3125 2566 3538 1020 2918 2465 3310 5884 4210 
B43 2185 1773 3257 3546 2302 4236 3195 1959 2151 2626 2789 3552 1393 192 3191 3010 
B45 1320 2808 3218 2015 2641 1236 2920 1897 2716 3685 1921 2197 1932 4470 -332 3953 
B55 2159 2831 2652 1305 2433 2053 401 3670 998 2152 1571 1606 1167 804 3690 2624 
B70 998 2300 3146 2729 2996 3440 3659 4278 5143 5197 3953 3575 4765 3167 6271 7279 
B76 13714 13571 13287 13184 11533 12081 13378 13612 13184 15682 12792 12712 13326 10667 13756 16490 
B77 8439 9712 14666 10632 12977 14408 11781 13636 11868 14360 13128 14223 13264 14474 16235 15471 
B78 8549 7643 9610 6995 7447 9844 11985 9778 8404 9600 9776 9764 6417 8769 9047 12542 
B81 11564 10707 12796 9307 10217 10946 9601 9610 11645 10946 12397 12250 10962 10808 11901 14054 
B82 10647 11195 9646 10202 9802 9838 10480 10391 10726 12333 7476 9291 8874 9665 13811 11922 
B83 7553 7408 9855 8293 11198 9941 8334 7586 10801 11207 10676 9225 9324 7935 11281 10050 
B84 7953 7964 10756 8301 8217 10736 10873 10570 9717 11319 12141 7981 11025 11040 14705 11872 
B94 2922 3689 3383 2799 4150 4652 4090 5337 3761 4163 4235 3173 5541 4686 4644 6007 
B95 4515 4659 6625 5588 4875 5500 4521 5794 5949 3961 6445 5237 6565 5440 6151 5237 
B98 7978 9238 13252 10761 12773 15913 12416 14697 15267 16031 15608 14192 15004 17044 16228 15954 
2347 2815 1237 2571 837 1056 3574 3087 2366 2302 936 3076 2736 3180 3107 9928 5884 
C20 3288 5551 6183 4765 5043 4585 4821 6874 4459 7004 7311 6238 6528 5264 12144 12487 
C30 5799 5335 8349 5392 6164 6837 7087 7694 7707 9175 8178 6824 7714 7016 15679 14892 
C32 19484 17829 18937 18437 20711 16159 20370 20850 17732 19634 19800 20275 19526 17321 34408 34392 
C34 12803 13585 15076 14498 17300 15109 15610 16248 16693 16917 15916 16072 16281 13282 31319 32628 
C35 4566 4060 2080 3351 3352 1130 4308 4231 3175 3703 3711 3011 3521 2672 7535 5675 
C36 3469 2289 2485 2687 3781 2977 2539 3829 1488 2513 5192 4289 4312 3887 9232 8326 
C40 4761 5510 4192 4398 4189 3815 5282 3749 5661 5947 6252 4642 4812 5065 11998 13553 
C41 10621 9204 10220 10383 10589 8888 9732 8064 11109 8431 6301 8363 5361 4381 21185 20122 
C43 8069 9831 7503 6415 7526 7146 7937 8122 5752 7892 5012 7178 6572 4578 17728 18998 
C44 6706 8785 8118 6002 10114 9681 9077 9523 7357 13049 12651 6892 13666 12077 21396 22220 
C45 5449 4949 5103 4227 6263 4304 5694 6214 4892 4850 5363 4884 3661 3722 12931 10257 
C51 4101 5300 10053 3219 6392 8682 7320 5449 7325 8073 7715 7958 9062 9076 10623 8643 
C56 6060 5254 6191 6520 8153 3620 6643 5391 4650 8054 5383 3102 6749 5660 14199 13526 
C57 4174 4684 4850 5360 3757 5369 5105 6718 4014 5752 6137 5970 5581 5321 14761 16111 
C73 1049 2604 2536 3068 1995 2875 3761 753 2779 2854 3183 3095 2842 1776 7734 7622 
C77 11845 11632 13449 10692 13848 16706 13690 17128 15359 16622 17479 15029 16737 14489 21374 21901 
C78 4442 5109 3721 5225 6452 4524 5492 6348 3243 4730 5003 6506 5717 5460 10827 12637 
C80 5264 5536 5896 3446 2452 5595 3283 5222 4145 5624 6402 5431 5483 6308 13603 14271 
C82 7168 6629 4198 7041 5322 4456 6301 5244 6059 5573 3486 4661 4639 2350 10972 12708 
D38 9988 9977 7317 8754 10538 7337 10561 12775 7291 11632 10621 6897 11586 12621 21725 21204 
D49 4405 5014 5822 3472 5550 4887 5766 8070 3646 4550 4729 4544 5499 3581 9107 8803 
D59 2835 2988 2980 2488 1167 2406 2569 3217 3934 2013 3614 3460 3447 2438 6699 6531 
D71 9430 8718 7090 8969 8989 6680 9876 11435 7792 10883 7711 9046 9982 9055 16198 16880 
D80 5582 5100 4182 4568 5284 3502 4676 6091 3235 6129 5296 3971 6712 4140 11585 10470 
