500_RD_223 7.78830 120.80930 1 96111 4080
500_RD_223 7.78865 120.80958 2 95629 4080
500_RD_223 7.78820 120.80849 3 94711 4080
500_RD_223 7.78887 120.80916 4 95097 4080
500_RD_223 7.78810 120.80696 5 95813 4080
500_RD_223 7.78840 120.81056 6 94031 4080
500_RD_223 7.78779 120.81134 7 95205 4080
500_RD_223 7.78850 120.81173 8 96620 4080
500_RD_223 7.78771 120.80529 9 93764 4080
500_RD_223 7.78945 120.81021 10 96658 4080
500_RD_223 7.78913 120.80859 11 95825 4080
500_RD_223 7.78830 120.80930 12 94500 4080
500_RD_223 7.78888 120.80919 13 97241 4080
500_RD_223 7.78863 120.80768 14 94669 4080
500_RD_223 7.78852 120.80905 15 102114 4080
500_RD_223 7.78830 120.80930 16 100999 4080
500_RD_223 7.78830 120.80930 17 90529 4080
