SS CSH unique_name 700_W2AW4A_B_SF_22@1@1 700_W2AW4A_B_SF_22@2@1 700_W2AW4A_B_SF_22@3@1 700_W2AW4A_B_SF_22@4@1 700_W2AW4A_B_SF_22@5@1 700_W2AW4A_B_SF_22@6@1 700_W2AW4A_B_SF_22@7@1 700_W2AW4A_B_SF_22@8@1 700_W2AW4A_B_SF_22@9@1 700_W2AW4A_B_SF_22@10@1 700_W2AW4A_B_SF_22@11@1 700_W2AW4A_B_SF_22@12@1 700_W2AW4A_B_SF_22@13@1 700_W2AW4A_B_SF_22@14@1 700_W2AW4A_B_SF_22@15@1 700_W2AW4A_B_SF_22@16@1 700_W2AW4A_B_SF_22@17@1 
1014 8.038 117.257 1.00 1.03 0.97 1.03 1.02 0.97 0.95 1.03 
1020 8.422 129.556 -15.36 1.08 1.03 0.97 0.98 1.01 1.03 1.05 0.83 
1029 7.179 121.475 1.04 0.95 1.01 1.00 0.98 1.01 1.02 1.00 
1030 8.928 125.190 0.45 1.05 1.03 0.99 0.97 1.00 1.04 1.04 0.81 
1031 9.133 112.150 0.99 0.98 1.00 0.99 0.96 1.04 1.00 1.01 
1032 7.630 118.370 1.33 1.01 1.02 1.01 0.98 0.98 0.98 1.08 0.85 
1033 8.905 110.036 1.00 1.00 1.00 0.98 0.95 1.06 0.98 1.02 
1034 8.216 118.939 4.55 1.04 1.02 0.98 1.00 0.98 0.97 1.10 0.84 
1035 7.026 118.959 0.93 0.90 0.94 0.96 0.97 1.07 1.01 0.98 
1036 8.929 130.813 -1.70 1.10 0.98 0.94 1.04 1.02 0.98 1.06 0.83 
1037 8.835 128.070 0.96 0.94 1.03 1.00 1.00 0.98 0.98 0.98 
1038 8.476 122.429 1.16 1.04 1.02 1.01 0.96 0.96 1.02 1.08 0.83 
1041 8.356 107.870 1.00 0.99 1.02 0.96 0.95 1.07 0.95 0.99 
1042 8.083 122.308 4.64 1.06 1.04 1.00 1.00 1.00 1.00 1.06 0.84 
1043 8.426 110.507 1.00 1.03 0.97 0.98 1.00 1.04 1.00 1.00 
1044 8.010 127.340 2.71 1.06 1.01 0.97 1.01 1.00 1.01 1.07 0.83 
1045 9.473 116.071 1.02 0.98 0.99 0.99 1.01 1.05 1.00 1.01 
1046 7.128 110.886 1.14 0.99 1.01 1.00 1.02 0.97 0.94 1.13 0.84 
1048 7.503 115.511 0.99 1.03 1.00 1.03 1.00 1.05 1.00 0.98 
1049 8.731 119.941 1.05 1.04 1.00 1.03 0.99 0.97 0.98 1.11 0.83 
1050 8.674 124.502 0.98 1.00 0.95 1.01 1.08 0.92 0.99 1.00 
1051 8.334 127.860 0.25 1.04 0.93 0.91 1.11 1.08 1.04 1.11 0.88 
1052 8.962 126.962 1.00 0.92 1.04 1.02 1.00 0.99 0.99 1.00 
1053 8.171 120.068 0.44 1.00 1.02 1.06 0.94 0.99 1.03 1.11 0.83 
1054 8.077 114.497 1.01 1.01 0.99 1.01 0.99 1.03 0.97 1.00 
1055 8.378 110.742 0.39 0.94 1.01 1.08 0.98 0.98 0.99 1.20 0.80 
1056 7.784 119.285 1.01 0.97 0.99 0.99 1.00 1.00 0.99 1.01 
1059 8.993 123.840 0.29 1.04 0.99 1.00 0.97 0.98 0.95 1.08 0.83 
1062 7.865 116.115 1.01 1.01 0.97 0.98 1.00 1.06 0.97 1.00 
1066 8.074 118.038 1.82 1.00 1.01 1.04 0.97 1.01 0.98 1.09 0.81 
1069 8.270 125.262 0.99 0.98 1.02 1.01 1.03 0.98 0.97 1.01 
1071 8.609 120.356 0.38 1.03 1.04 0.98 0.95 1.01 1.02 1.14 0.83 
1072 8.668 120.269 1.01 1.00 1.00 0.98 1.00 1.01 0.96 1.03 
1073 8.250 132.555 0.46 1.07 0.96 0.90 0.99 1.02 1.00 1.12 0.81 
1077 8.877 124.567 0.99 0.96 0.99 1.04 1.05 0.98 0.97 1.02 
1078 8.480 115.629 0.88 0.98 1.03 1.06 0.97 0.97 1.03 1.16 0.82 
1079 8.395 123.259 0.99 0.98 1.04 1.01 1.02 0.99 0.97 1.00 
1080 8.531 129.147 0.15 1.08 1.04 1.00 0.97 1.02 1.08 1.09 0.81 
1081 8.476 116.596 1.00 0.97 1.00 0.99 0.99 1.03 0.99 1.01 
1082 7.758 107.557 0.33 1.00 0.99 1.00 1.04 0.98 0.90 1.17 0.82 
1083 8.349 118.387 1.00 0.98 1.01 1.01 0.99 1.02 0.99 1.00 
1084 7.379 121.130 1.10 1.03 1.01 0.97 1.01 0.99 0.99 1.08 0.85 
1086 8.722 123.951 1.01 0.98 1.02 1.03 1.02 0.99 0.98 1.00 
1090 8.226 116.895 0.49 1.03 1.02 0.99 1.00 0.98 0.98 1.09 0.84 
1961 9.817 130.233 0.92 0.86 0.98 0.86 1.00 0.89 1.07 1.08 
2031 8.294 111.598 -2.71 0.95 0.98 1.02 1.04 1.03 0.91 1.08 0.87 
2033 8.294 109.988 1.00 0.98 1.00 0.97 0.94 1.03 0.97 0.98 
2041 8.230 111.393 0.30 1.06 0.96 0.98 1.01 0.95 0.88 1.23 0.84 
2043 8.348 110.790 0.98 1.03 0.97 0.96 0.96 1.04 1.02 1.01 
2045 8.240 108.719 0.71 0.97 1.06 0.92 1.01 0.91 0.94 1.12 0.85 
2055 8.162 111.057 1.08 0.91 0.97 0.97 0.93 1.08 1.01 0.94 
2070 9.985 128.633 1.07 1.09 1.03 0.97 1.01 1.04 1.01 1.02 0.82 
2076 8.211 120.625 1.04 0.98 1.03 1.00 1.03 0.98 1.00 0.99 
2077 8.236 126.858 1.01 1.07 1.04 0.98 1.03 0.97 1.00 0.99 0.87 
2078 7.970 119.760 1.01 0.91 0.97 1.03 0.99 1.05 0.96 1.00 
2081 8.254 121.658 9.98 1.03 1.03 1.00 1.00 0.99 0.96 1.08 0.86 
2082 7.872 114.772 1.00 0.98 1.00 0.98 0.96 1.05 0.96 1.03 
2083 8.250 121.220 1.10 1.06 1.01 0.97 1.01 0.97 0.97 1.03 0.86 
2084 7.862 122.753 1.03 0.93 1.03 0.99 0.99 0.99 0.97 0.98 
2094 8.048 126.856 0.50 1.10 1.07 0.97 1.02 1.03 1.02 1.08 0.84 
2095 8.219 127.655 1.01 0.94 1.02 1.03 0.96 0.99 1.01 1.00 
2098 7.892 129.169 15.61 1.08 0.99 0.96 1.04 1.03 1.02 0.99 0.87 
3020 8.633 129.683 1.02 0.96 1.02 1.05 1.05 1.01 0.99 1.00 
3030 9.022 125.435 0.63 1.07 1.02 0.92 1.02 0.97 0.95 1.14 0.82 
3034 8.181 118.957 1.01 0.96 1.01 1.01 0.96 1.04 0.98 1.01 
3041 8.466 108.000 0.31 1.01 0.99 0.94 1.08 0.93 0.95 1.19 0.80 
3043 8.428 109.995 1.00 0.99 1.00 1.02 0.90 1.03 0.95 1.08 
3044 7.949 126.870 1.90 1.09 1.07 0.88 1.00 0.98 1.03 1.07 0.80 
3056 7.686 118.930 0.99 0.98 1.04 1.03 1.06 0.99 0.99 1.00 
3077 8.329 127.367 -2.76 1.05 1.02 0.98 1.02 1.02 1.02 1.00 0.89 
4038 8.628 121.902 1.02 0.98 0.96 1.02 1.05 0.98 0.97 1.01 
4049 8.760 119.611 0.51 1.04 1.01 1.02 0.95 1.05 0.98 1.12 0.84 
4059 9.105 123.608 0.96 0.90 1.04 1.10 1.04 1.08 0.95 0.97 
4071 8.712 120.805 -2.28 1.03 0.99 1.04 0.99 1.02 0.98 1.05 0.84 
4080 7.812 120.509 1.02 0.99 1.03 1.06 0.97 1.08 0.94 0.99 
