1014 895651 897007 887751 900945 909870 894091 908557 920402 892642 903702 905620 891236 908267 884079 944020 958205 853062 
1020 1824980 1822300 1889110 1821660 1849450 1883570 1858060 1887980 1868600 1897700 1910300 1877050 1908510 1906900 1954770 1945680 1770980 
1029 1224320 1247010 1260350 1231480 1251080 1254700 1264770 1267040 1263300 1251900 1251470 1259910 1244790 1254410 1303800 1302860 1184310 
1030 735317 735909 753441 733153 744475 747138 741865 752581 742441 762700 762369 749181 765050 760919 775913 795052 709265 
1031 3336090 3328480 3370540 3344200 3353340 3356340 3336650 3328380 3346210 3278470 3284950 3352970 3269150 3265680 3421910 3432090 3141500 
1032 3592060 3592800 3606220 3596900 3629310 3625600 3646930 3650370 3618440 3630360 3588860 3621540 3591650 3572440 3705320 3716290 3410890 
1033 3767350 3760560 3779580 3775590 3775900 3780790 3763710 3720640 3780660 3690730 3681730 3786800 3683910 3645350 3844870 3879110 3536310 
1034 5798350 5806000 5934860 5794950 5854100 5937450 5889960 5915870 5928660 5875260 5817570 5910150 5808300 5761430 6039160 6053360 5536790 
1035 542636 523040 542941 515274 543181 527089 537490 527580 546024 537097 521917 539580 527284 530976 556882 552634 504213 
1036 2443710 2443880 2564700 2458790 2439570 2557530 2484050 2513070 2560390 2538930 2564290 2576340 2549370 2561360 2636060 2635850 2383990 
1037 1111100 1090340 1132100 1097290 1113210 1129040 1124850 1127650 1143820 1141760 1146060 1132350 1164830 1152640 1208950 1195680 1071280 
1038 1152260 1156890 1178970 1159770 1169210 1167660 1173520 1189130 1165170 1203970 1179970 1174070 1186820 1178220 1224010 1224950 1110860 
1041 2186350 2187330 2185950 2174850 2174680 2192390 2166320 2122890 2192350 2137190 2119940 2194960 2119100 2067810 2251760 2244420 2042250 
1042 3361000 3356490 3460640 3353890 3422810 3463140 3462200 3457270 3458310 3456660 3457750 3457210 3452350 3429640 3531350 3546390 3242770 
1043 2153450 2154230 2136430 2163500 2163210 2132560 2157650 2138600 2122680 2120480 2090830 2130210 2092320 2088140 2237940 2240080 2018960 
1044 2948320 2954190 3044120 2959170 2968720 3044450 2992600 3032290 3047090 3050290 3052490 3048340 3058720 3039830 3137200 3140870 2854040 
1045 1988680 2005560 2007540 1990560 2024450 2014390 2028800 2014570 1996970 2004500 1969290 2014040 1967970 1971520 2071680 2081800 1891310 
1046 2013180 2015180 2010220 2006490 2020240 2011390 2011790 1988810 2010020 1967710 1940490 2001150 1935270 1929680 2043850 2059520 1880290 
1048 989824 984933 987831 1001890 997590 999812 987781 1000930 996777 996346 974509 997993 978472 978911 1039400 1028320 937724 
1049 962115 957908 978615 963851 964661 972856 987315 984649 979919 981263 965857 979792 972113 958992 1008300 1014420 919567 
1050 620819 613817 624912 625347 643308 627548 648073 651394 632408 656239 648893 623304 656042 651980 681353 680034 605028 
1051 239711 238964 243526 243776 234936 247330 234991 244815 257613 239923 249273 249759 254182 240116 252965 246047 230466 
1052 3253460 3250480 3380560 3246840 3301000 3374350 3347410 3382030 3383990 3385710 3403960 3379920 3403380 3381500 3470900 3475530 3165940 
1053 1924860 1935460 1934130 1933460 1949600 1921690 1979160 1979370 1920550 1967760 1962550 1925710 1955600 1920540 2023180 2029400 1839000 
1054 1557570 1565270 1539690 1550770 1554260 1547340 1555450 1559810 1543170 1535660 1527330 1546760 1524570 1501420 1612620 1611810 1460790 
1055 822606 815913 790946 824799 827715 791329 821542 811386 803689 797298 790003 793275 787652 777598 849395 855068 762366 
1056 1731070 1742620 1769170 1741590 1769000 1763460 1779900 1775080 1774040 1776430 1766720 1770860 1756220 1745570 1826690 1836670 1666180 
1059 748653 760283 774174 767469 762171 781643 781121 785679 772784 782116 774396 792027 772132 769033 799256 806141 731122 
1062 700874 703418 704607 706831 711565 700171 711836 704128 699017 700028 696150 717584 694046 684136 744123 743549 666004 
1066 859387 851451 853394 857671 861986 859024 875648 871287 856218 850694 854675 857061 850153 853273 890145 904554 812154 
1069 1103500 1098350 1115830 1106840 1109390 1119960 1119300 1125930 1117050 1133150 1131950 1119470 1133780 1117670 1202140 1206850 1062420 
1071 582399 577568 585742 573886 586246 594417 589860 597464 582849 582978 586066 581314 588417 573662 610608 609336 553107 
1072 1403010 1411910 1421640 1421020 1423670 1424740 1444720 1432520 1432650 1430990 1416750 1421870 1424090 1398580 1458040 1480840 1343940 
1073 842815 841968 871283 838036 821213 876704 832211 857720 854566 854434 863298 870557 868905 871001 919464 902740 810995 
1077 1180430 1176220 1201860 1174800 1200880 1196120 1202470 1224930 1206260 1233440 1209740 1197800 1225820 1206750 1255310 1267950 1138870 
1078 1067950 1059610 1050580 1053410 1070000 1046230 1077520 1065040 1049000 1061670 1045810 1044370 1057870 1027960 1103020 1107220 999251 
1079 2312120 2305900 2344840 2321460 2328680 2372140 2362290 2379870 2361610 2382930 2386610 2372610 2381500 2339740 2425410 2423630 2223610 
1080 573823 564715 586285 568241 579702 588884 589889 599191 591294 602892 607616 590135 613054 599507 624164 625432 559107 
1081 5365940 5355560 5428110 5357300 5414610 5426110 5440860 5414850 5438880 5422280 5344620 5431620 5328010 5298210 5546600 5568810 5093080 
1082 2528120 2523350 2529320 2523740 2508240 2501060 2495690 2462550 2506200 2426040 2402260 2530160 2393920 2383490 2571250 2600840 2346250 
1083 4573580 4577990 4621630 4586060 4604080 4632810 4611730 4633650 4628120 4606220 4582800 4635580 4559640 4538520 4761300 4764920 4348160 
1084 4551750 4570030 4641550 4570260 4586320 4679170 4620350 4638770 4661000 4649390 4622460 4659580 4629690 4610440 4789190 4765510 4367380 
1086 1235050 1238960 1265010 1250380 1255810 1266240 1261200 1280120 1266490 1277360 1275780 1267520 1279270 1264440 1325750 1325990 1196200 
1090 787594 792400 806046 791524 799828 805379 800742 802939 802879 793411 784816 800032 791650 774835 809529 824272 751052 
1961 155715 149247 165704 153156 154708 153333 161423 149065 158012 158338 161682 152515 159650 164797 163461 169802 148859 
2031 471315 479145 465969 473974 470027 452246 457843 457792 467587 456292 462945 471441 448388 446457 464044 469085 436150 
2033 549054 547909 546468 541636 546884 545948 543652 534886 551086 534409 535502 543969 532236 524204 558177 553984 511177 
2041 233735 234671 242032 237614 232897 234271 232094 228041 229298 228414 222867 237777 222372 218365 240939 238619 218471 
2043 520758 515769 512877 520455 519914 512182 516143 505242 522459 511337 497895 508544 496938 502027 530889 534189 483978 
2045 403580 412679 406680 399078 410122 411914 394319 399995 401886 401434 382334 402651 390056 391528 413537 411699 378441 
2055 454849 471960 478932 455813 468539 462106 455836 448951 463246 445520 442751 459182 446123 447954 483059 469349 432598 
2070 447568 454795 473778 454520 461648 466201 458218 466985 468946 474422 483912 478931 481988 478266 483760 492019 442703 
2076 567581 577937 582805 578207 577407 586767 578697 578912 588507 596651 589195 584216 589443 590658 593500 591102 550093 
2077 553851 565266 584517 552945 565103 576436 572003 578828 588199 578163 569454 580942 581791 585099 581554 580720 540875 
2078 503058 506531 525166 498979 512173 504255 505627 512262 511699 508473 505326 518327 518190 507076 517491 518361 480764 
2081 873971 880485 895630 873553 886711 900539 902080 893911 894691 891208 888388 907582 887322 879481 914531 910134 840013 
2082 815684 815091 824714 815878 824086 825326 816407 809335 821814 803894 806391 824662 799592 781572 824908 837987 767491 
2083 802981 808001 830599 815785 818203 842475 829052 822586 827095 828954 817051 831224 820094 808816 822901 836041 774227 
2084 953390 967934 994049 955786 976735 989322 973994 970776 989886 986608 983641 980130 980701 967873 1007280 997777 922111 
2094 611246 609543 638900 594327 614273 636719 627140 636968 642355 631246 639436 634211 639940 626305 649318 649328 593015 
2095 689114 692278 717173 696066 701269 710087 704012 714345 728144 713947 721774 716575 721738 725578 728617 728152 671110 
2098 1261410 1245100 1295550 1260970 1257350 1305480 1281850 1282290 1307580 1287970 1307400 1298900 1312720 1318410 1312150 1306830 1214230 
3020 420960 424973 430562 422565 437292 442647 435280 446997 437307 448142 440132 441526 446021 443181 460074 459283 413938 
3030 319790 321901 332545 323978 328029 337247 322885 327921 331553 330729 325598 340577 331671 325375 346999 344900 311276 
3034 866118 871098 884484 865368 875964 881103 880563 886515 887996 871014 869515 886431 870923 861031 898632 901206 826939 
3041 390109 378158 380912 384347 381800 391767 380358 375385 389044 381960 368297 382653 372054 361993 393818 404569 359837 
3043 324393 324949 330919 329410 336193 336706 325484 328601 340450 322806 325752 330630 324708 317042 346356 359810 312012 
3044 408795 409861 427187 410146 423921 439733 411198 429038 428405 434818 431071 426197 433197 431021 446206 452835 402566 
3056 246004 245413 248133 245490 242793 247252 250662 253916 244850 252149 249126 247878 248615 247700 263553 263844 235140 
3077 737646 739146 756150 732827 741697 761779 752646 750786 757210 761627 769460 761129 768427 754903 754308 753433 709010 
4038 972169 981640 983233 974310 996074 977775 1006050 1016620 973232 997345 994495 985809 1003130 987178 1029080 1032410 935915 
4049 629108 624094 636560 630871 633926 629014 636633 641845 624298 637461 654638 637896 632700 624300 659135 658262 599455 
4059 217910 213955 227772 216182 219844 224084 215626 226231 221909 226826 219894 228093 225855 220627 231492 227783 209652 
4071 747178 740156 752253 757068 754296 755172 770211 764925 761098 768126 774284 768658 760917 754892 774120 784164 716913 
4080 502919 506973 516935 514082 512975 520794 509288 523756 522736 514490 509522 528836 518540 503474 521918 520310 485150 
