A14 837 1270 1166 1083 1727 477 1642 1296 706 1253 963 1326 752 456 2639 2602 
A20 242 433 3831 278 1129 2730 1717 2930 3234 3632 3720 3085 3983 3192 5240 5409 
A29 767 667 1963 1023 1545 1982 2049 2003 1812 2541 1453 1427 1767 1236 2541 3209 
A30 -33 120 779 229 431 982 749 1286 697 1212 1012 842 1202 867 1521 2310 
A31 4974 4646 4873 4768 4379 4386 5087 3839 4591 2408 1499 4736 1691 2091 6629 7263 
A32 4041 4378 5780 4562 5388 6104 7010 6871 6038 5741 4772 5638 4891 2948 8423 9447 
A33 6373 7660 6352 6995 6961 6937 5832 4380 7366 3463 2311 6947 1572 1075 9478 8669 
A34 7604 7882 12226 7742 11464 12522 12657 13154 12472 11256 8832 11378 8411 5959 15846 16031 
A35 464 397 771 -116 390 751 302 1283 333 833 311 867 308 360 957 815 
A36 1006 1276 5358 454 1228 5381 2319 3441 5933 5243 5548 5772 5938 6169 7718 7338 
A37 413 473 1782 272 1266 945 1242 1710 1803 2112 2553 1900 2106 2098 3609 3510 
A38 668 1306 1919 1109 1877 1443 1908 2616 1687 2980 2599 1627 2321 1978 3692 3505 
A41 3568 3945 3242 3866 3497 3011 3343 2428 3651 1453 1075 3683 900 1021 4726 5058 
A42 3476 3996 8600 3471 5582 8217 7064 8344 7672 8500 8178 7881 7508 5817 10879 11685 
A43 4374 4773 3595 5306 4632 3165 3937 2798 4157 2377 1531 3506 1528 1144 6419 6697 
A44 1406 1506 5370 1084 2309 5996 3818 5350 5774 6112 6271 5554 6480 5412 7960 9592 
A45 2980 2965 3358 3184 3937 3525 3814 3932 3527 3541 2456 2698 1934 1311 4929 5658 
A46 4067 3444 3378 4181 3845 3583 3331 2581 3221 1663 1770 3737 1207 1414 4910 5543 
A48 1912 1832 1260 1452 1666 1846 2268 2279 1344 1070 1435 1173 812 823 3436 3753 
A49 1354 1112 1851 846 1485 1572 2159 1825 1584 2103 1540 1529 1803 867 3213 2997 
A50 327 109 650 434 597 -47 957 637 478 925 913 121 1354 683 2358 1716 
A51 100 54 785 -140 -255 512 569 598 419 624 464 413 395 364 43 503 
A52 1569 1104 5952 1772 2577 5755 4540 5454 5446 6942 6187 5553 6040 5517 8137 8964 
A53 2668 2191 2466 2298 3434 2565 4579 4386 2223 4039 3068 2082 3432 2257 5180 5589 
A54 2383 1998 2739 2800 2990 2068 3344 2357 2413 1959 1261 1881 1062 794 4119 4446 
A55 1496 1791 539 1285 773 1108 645 736 917 849 348 984 404 8 2043 2526 
A56 2376 2145 2486 1763 2731 2878 3850 3832 3283 3077 2504 3185 2857 1887 5434 5426 
A59 374 918 862 619 820 2091 1097 1345 1103 1341 1567 838 1212 1110 2675 1702 
A62 580 611 868 878 1359 724 1990 1048 774 860 348 710 640 327 1833 1612 
A66 776 1195 894 1024 1236 1246 1456 1087 1468 1074 691 924 977 791 2059 2297 
A69 178 780 1497 438 1400 1639 1156 1722 1250 2212 2052 1644 2022 1597 4371 4691 
A71 855 593 819 649 833 237 681 1001 767 906 780 876 727 265 1207 1284 
A72 1210 1621 2178 1684 2530 2098 2978 2696 2637 2388 1925 2137 2421 1605 3560 3702 
A73 -104 -182 1642 187 276 1197 744 985 1400 1411 2247 1327 2592 1840 2364 2557 
A77 459 605 1463 779 900 1450 1720 2155 1335 2424 1963 1175 2379 2160 3184 3295 
A78 1818 1483 1710 1478 1843 1556 2468 1681 973 1431 660 1230 1238 677 3184 2821 
A79 1936 2063 4666 2141 2589 4544 4508 5786 4570 5272 5033 4638 4582 3878 6583 7482 
A80 0 -253 571 250 256 669 689 1569 479 1213 1416 1300 676 1264 1666 1632 
A81 9870 9534 12661 10260 11966 12784 12372 12618 11917 10138 6574 12312 7695 4498 16253 16484 
A82 4624 4465 4515 4733 3657 4762 3702 2782 4275 1369 1367 4283 1061 700 5977 7150 
A83 8220 7991 10925 7498 10213 11278 11914 11532 11813 10781 7806 11612 8327 5883 15918 15862 
A84 6006 5677 10284 6138 8570 10825 10373 11362 10888 11252 9539 10856 9453 6937 13682 14584 
A86 1066 1380 2368 997 1555 2394 2403 3245 2189 2824 2350 2673 3052 2158 4785 4211 
A90 650 941 1539 1404 1437 1210 1342 1312 1697 788 1012 1615 1071 869 1807 1707 
1961 -6 247 308 -97 77 272 -7 -52 283 313 457 72 814 31 827 241 
B31 637 1165 964 712 888 495 533 634 749 620 100 465 546 263 1088 1272 
B33 830 990 1173 331 579 368 792 721 835 321 451 957 208 16 808 699 
B41 345 443 513 172 275 252 184 295 230 119 227 550 449 -417 440 509 
B43 483 586 502 513 660 325 751 536 897 199 590 583 -44 210 593 977 
B45 361 603 498 381 528 655 346 330 60 476 283 281 69 -79 356 387 
B55 617 515 773 683 212 895 281 375 597 618 296 452 200 49 266 765 
B70 217 -140 615 -24 349 381 698 749 644 942 417 502 943 949 881 1027 
B76 455 397 880 986 991 1239 999 1274 1243 1250 823 936 487 930 1081 1355 
B77 171 69 914 168 416 1350 441 707 922 1121 636 286 953 689 1001 769 
B78 291 377 1065 514 560 761 699 1201 1033 941 559 812 504 318 756 830 
B81 1006 560 1435 427 1120 1518 1832 1191 1581 1522 1184 1742 1020 944 2216 1523 
B82 834 1070 1473 869 1156 1168 1280 1315 1320 594 642 1550 767 1058 1445 1786 
B83 1220 548 1701 1069 839 1049 1188 1528 1912 1543 1576 1385 1207 677 1808 1674 
B84 896 966 2029 613 922 953 944 1338 1955 2053 1399 2017 1979 1146 1683 1408 
B94 -76 159 1304 524 349 1550 898 371 1104 1814 761 1563 1305 1126 1078 1357 
B95 182 -67 1198 -122 51 477 562 529 2083 1015 1213 590 1016 961 951 1413 
B98 94 403 1652 169 539 1708 1268 833 2014 1526 2043 1650 1626 1658 2316 2975 
C20 -4 149 911 175 458 660 332 854 1075 938 1040 785 669 697 1166 1279 
C30 102 350 539 117 554 204 444 741 420 707 741 521 545 632 1309 743 
C34 819 774 1246 922 1193 1413 887 1283 910 1223 645 1324 686 729 1681 1535 
C41 882 638 1049 721 373 1089 463 544 402 445 378 963 294 425 1370 1140 
C43 877 452 863 706 380 969 180 319 353 594 131 664 -285 19 1468 1136 
C44 -22 521 825 510 575 870 726 666 367 1212 740 784 752 1128 1134 1623 
C56 384 358 365 593 -31 187 1450 818 30 856 586 206 359 95 1134 460 
C77 44 94 1336 469 582 1354 289 1139 1183 1311 917 1484 1374 1505 646 778 
D38 460 1087 1573 988 1562 1075 1835 1725 1198 2288 1381 1014 1903 1138 2660 3419 
D49 1441 483 1290 1039 1110 1499 1354 1359 1214 1431 1333 1347 745 558 2257 1995 
D71 613 422 882 847 1115 1433 910 1060 1228 1515 1040 1402 669 410 1846 1814 
D80 515 728 831 362 748 650 543 426 271 868 790 532 392 794 1031 531 
