F2 Position 0 0
A 14 1 3072
A 14 2 3869
A 14 3 3946
A 14 4 3988
A 14 5 4227
A 14 6 3277
A 14 7 3001
A 14 8 3568
A 14 9 3590
A 14 10 7632
A 14 11 3400
A 14 12 3816
A 14 13 3836
A 14 14 3604
A 14 15 4323
A 14 16 2653
A 14 17 3594
A 14 18 2194
A 14 19 5454
A 14 20 7354
A 14 21 2755
A 14 22 4051
A 14 23 3199
A 14 24 2637
A 14 25 3702
A 14 26 3606
A 14 27 3948
A 14 28 3450
A 14 29 3835
A 14 30 8230
A 14 31 2963
A 14 32 3739
A 14 33 3106
A 14 34 4270
A 14 35 2710
A 14 36 2901
A 14 37 1915
A 14 38 4676
A 14 39 2735
A 14 40 8514
A 20 1 9422
A 20 2 9959
A 20 3 10302
A 20 4 8947
A 20 5 10074
A 20 6 9398
A 20 7 9662
A 20 8 10322
A 20 9 9317
A 20 10 17396
A 20 11 10026
A 20 12 9449
A 20 13 9798
A 20 14 8784
A 20 15 9454
A 20 16 9442
A 20 17 9890
A 20 18 8535
A 20 19 11536
A 20 20 17679
A 20 21 9044
A 20 22 10929
A 20 23 9385
A 20 24 9643
A 20 25 10433
A 20 26 9160
A 20 27 11651
A 20 28 9632
A 20 29 10075
A 20 30 17045
A 20 31 9924
A 20 32 10620
A 20 33 9495
A 20 34 9735
A 20 35 9088
A 20 36 9700
A 20 37 9186
A 20 38 10330
A 20 39 9660
A 20 40 17485
A 29 1 4342
A 29 2 2523
A 29 3 4030
A 29 4 4138
A 29 5 4621
A 29 6 3835
A 29 7 3622
A 29 8 3614
A 29 9 3004
A 29 10 6004
A 29 11 4255
A 29 12 4461
A 29 13 4367
A 29 14 3042
A 29 15 4126
A 29 16 3646
A 29 17 3891
A 29 18 3159
A 29 19 3859
A 29 20 6431
A 29 21 3614
A 29 22 4583
A 29 23 3933
A 29 24 3149
A 29 25 3949
A 29 26 4119
A 29 27 4111
A 29 28 5034
A 29 29 4293
A 29 30 6623
A 29 31 4410
A 29 32 4333
A 29 33 3786
A 29 34 3522
A 29 35 4011
A 29 36 4692
A 29 37 2783
A 29 38 4729
A 29 39 3292
A 29 40 6042
A 30 1 4527
A 30 2 3640
A 30 3 5147
A 30 4 3960
A 30 5 5254
A 30 6 4013
A 30 7 3428
A 30 8 3711
A 30 9 4200
A 30 10 7937
A 30 11 3977
A 30 12 4204
A 30 13 3522
A 30 14 4537
A 30 15 4286
A 30 16 3251
A 30 17 3846
A 30 18 3410
A 30 19 4350
A 30 20 8035
A 30 21 4005
A 30 22 4294
A 30 23 3528
A 30 24 3742
A 30 25 3673
A 30 26 3975
A 30 27 4259
A 30 28 3794
A 30 29 4489
A 30 30 7268
A 30 31 4077
A 30 32 4532
A 30 33 3291
A 30 34 4169
A 30 35 3339
A 30 36 4108
A 30 37 3110
A 30 38 4555
A 30 39 3689
A 30 40 8017
A 31 1 13493
A 31 2 14499
A 31 3 14103
A 31 4 14293
A 31 5 14163
A 31 6 14143
A 31 7 13265
A 31 8 13954
A 31 9 15442
A 31 10 21095
A 31 11 14104
A 31 12 14332
A 31 13 13318
A 31 14 14376
A 31 15 13391
A 31 16 14988
A 31 17 13326
A 31 18 13680
A 31 19 12721
A 31 20 20667
A 31 21 14436
A 31 22 13843
A 31 23 14337
A 31 24 13785
A 31 25 13599
A 31 26 13968
A 31 27 13759
A 31 28 13346
A 31 29 15039
A 31 30 21323
A 31 31 13097
A 31 32 15459
A 31 33 13324
A 31 34 13921
A 31 35 13909
A 31 36 16613
A 31 37 14131
A 31 38 15105
A 31 39 13511
A 31 40 21178
A 32 1 10236
A 32 2 10261
A 32 3 11088
A 32 4 10015
A 32 5 10617
A 32 6 9940
A 32 7 9910
A 32 8 9864
A 32 9 11044
A 32 10 16851
A 32 11 10496
A 32 12 10772
A 32 13 11579
A 32 14 11153
A 32 15 12190
A 32 16 10366
A 32 17 10667
A 32 18 9072
A 32 19 12307
A 32 20 16692
A 32 21 9787
A 32 22 11004
A 32 23 10080
A 32 24 10461
A 32 25 11295
A 32 26 10997
A 32 27 11041
A 32 28 10691
A 32 29 11056
A 32 30 14869
A 32 31 9913
A 32 32 10079
A 32 33 10407
A 32 34 11556
A 32 35 10047
A 32 36 10034
A 32 37 10068
A 32 38 10953
A 32 39 10878
A 32 40 16399
A 33 1 14148
A 33 2 14984
A 33 3 15476
A 33 4 15457
A 33 5 14142
A 33 6 14305
A 33 7 15065
A 33 8 15725
A 33 9 14696
A 33 10 24520
A 33 11 15266
A 33 12 15693
A 33 13 14500
A 33 14 15503
A 33 15 14824
A 33 16 14237
A 33 17 15868
A 33 18 16121
A 33 19 14781
A 33 20 24246
A 33 21 15438
A 33 22 17226
A 33 23 15609
A 33 24 16055
A 33 25 15081
A 33 26 13630
A 33 27 15671
A 33 28 15176
A 33 29 15834
A 33 30 24120
A 33 31 14263
A 33 32 14959
A 33 33 14260
A 33 34 14533
A 33 35 16501
A 33 36 14827
A 33 37 14352
A 33 38 15437
A 33 39 15017
A 33 40 23190
A 34 1 21227
A 34 2 20050
A 34 3 20201
A 34 4 21341
A 34 5 20921
A 34 6 21049
A 34 7 20735
A 34 8 19966
A 34 9 21336
A 34 10 30985
A 34 11 21481
A 34 12 20545
A 34 13 19888
A 34 14 19205
A 34 15 21079
A 34 16 19966
A 34 17 21299
A 34 18 21077
A 34 19 20483
A 34 20 31249
A 34 21 20844
A 34 22 20686
A 34 23 21719
A 34 24 21572
A 34 25 21005
A 34 26 21212
A 34 27 19612
A 34 28 22183
A 34 29 20366
A 34 30 29695
A 34 31 21219
A 34 32 21213
A 34 33 20599
A 34 34 20858
A 34 35 20957
A 34 36 19264
A 34 37 19886
A 34 38 20965
A 34 39 20564
A 34 40 30518
A 35 1 2881
A 35 2 606
A 35 3 3070
A 35 4 1362
A 35 5 2890
A 35 6 1662
A 35 7 1721
A 35 8 2671
A 35 9 1961
A 35 10 2855
A 35 11 2762
A 35 12 2135
A 35 13 2372
A 35 14 1993
A 35 15 2174
A 35 16 1871
A 35 17 2486
A 35 18 2305
A 35 19 2298
A 35 20 2661
A 35 21 2440
A 35 22 2119
A 35 23 1828
A 35 24 1675
A 35 25 2829
A 35 26 2115
A 35 27 2182
A 35 28 1745
A 35 29 2266
A 35 30 3201
A 35 31 2305
A 35 32 1939
A 35 33 2413
A 35 34 2384
A 35 35 1783
A 35 36 2145
A 35 37 1416
A 35 38 2014
A 35 39 2283
A 35 40 3010
A 36 1 7422
A 36 2 8666
A 36 3 9353
A 36 4 8525
A 36 5 8089
A 36 6 9127
A 36 7 7449
A 36 8 8803
A 36 9 9717
A 36 10 15591
A 36 11 8101
A 36 12 8936
A 36 13 8734
A 36 14 9571
A 36 15 9795
A 36 16 8489
A 36 17 9679
A 36 18 8615
A 36 19 8665
A 36 20 17079
A 36 21 9130
A 36 22 9197
A 36 23 9123
A 36 24 8442
A 36 25 9113
A 36 26 9727
A 36 27 9377
A 36 28 9886
A 36 29 8886
A 36 30 16028
A 36 31 8956
A 36 32 7854
A 36 33 9846
A 36 34 9796
A 36 35 9234
A 36 36 9303
A 36 37 9311
A 36 38 8988
A 36 39 8078
A 36 40 14618
A 37 1 4120
A 37 2 3601
A 37 3 4880
A 37 4 4014
A 37 5 5045
A 37 6 4007
A 37 7 4068
A 37 8 3623
A 37 9 3776
A 37 10 7127
A 37 11 4374
A 37 12 4287
A 37 13 5021
A 37 14 3991
A 37 15 3742
A 37 16 4231
A 37 17 3770
A 37 18 3777
A 37 19 4828
A 37 20 7587
A 37 21 3895
A 37 22 4473
A 37 23 3694
A 37 24 3821
A 37 25 4559
A 37 26 4371
A 37 27 4544
A 37 28 3777
A 37 29 5095
A 37 30 7983
A 37 31 3892
A 37 32 3900
A 37 33 4117
A 37 34 4538
A 37 35 3372
A 37 36 3637
A 37 37 3913
A 37 38 4086
A 37 39 3665
A 37 40 8591
A 38 1 3444
A 38 2 2239
A 38 3 3803
A 38 4 2363
A 38 5 3584
A 38 6 2920
A 38 7 2800
A 38 8 2493
A 38 9 4531
A 38 10 6603
A 38 11 2110
A 38 12 3223
A 38 13 4118
A 38 14 3921
A 38 15 4088
A 38 16 2414
A 38 17 2539
A 38 18 1790
A 38 19 3833
A 38 20 8248
A 38 21 2619
A 38 22 3427
A 38 23 2677
A 38 24 2813
A 38 25 4324
A 38 26 2622
A 38 27 3959
A 38 28 3483
A 38 29 3823
A 38 30 6834
A 38 31 3275
A 38 32 3692
A 38 33 2119
A 38 34 4411
A 38 35 2450
A 38 36 2427
A 38 37 1888
A 38 38 5291
A 38 39 2419
A 38 40 7343
A 41 1 10932
A 41 2 9882
A 41 3 9674
A 41 4 11067
A 41 5 11088
A 41 6 11072
A 41 7 10717
A 41 8 11151
A 41 9 11181
A 41 10 15766
A 41 11 11080
A 41 12 11429
A 41 13 10514
A 41 14 10637
A 41 15 11052
A 41 16 9713
A 41 17 10555
A 41 18 10675
A 41 19 11020
A 41 20 16258
A 41 21 8997
A 41 22 9968
A 41 23 11091
A 41 24 10832
A 41 25 8995
A 41 26 10251
A 41 27 11874
A 41 28 10582
A 41 29 11849
A 41 30 15872
A 41 31 10477
A 41 32 11063
A 41 33 10816
A 41 34 10565
A 41 35 9771
A 41 36 10599
A 41 37 11199
A 41 38 11577
A 41 39 9937
A 41 40 15553
A 42 1 2922
A 42 2 1241
A 42 3 3062
A 42 4 2084
A 42 5 3665
A 42 6 1806
A 42 7 1942
A 42 8 2490
A 42 9 3186
A 42 10 7271
A 42 11 2781
A 42 12 1997
A 42 13 2712
A 42 14 2628
A 42 15 3585
A 42 16 1197
A 42 17 3159
A 42 18 1788
A 42 19 2785
A 42 20 6726
A 42 21 2130
A 42 22 2819
A 42 23 2289
A 42 24 2206
A 42 25 3882
A 42 26 3133
A 42 27 2802
A 42 28 2912
A 42 29 3498
A 42 30 6731
A 42 31 2617
A 42 32 3262
A 42 33 2513
A 42 34 4966
A 42 35 2173
A 42 36 3403
A 42 37 1872
A 42 38 3160
A 42 39 1834
A 42 40 7124
A 43 1 9776
A 43 2 8406
A 43 3 10202
A 43 4 9901
A 43 5 9581
A 43 6 9487
A 43 7 9073
A 43 8 8620
A 43 9 9798
A 43 10 15699
A 43 11 9211
A 43 12 9370
A 43 13 8750
A 43 14 10217
A 43 15 10457
A 43 16 8136
A 43 17 8431
A 43 18 8469
A 43 19 10100
A 43 20 16146
A 43 21 9137
A 43 22 9796
A 43 23 8770
A 43 24 8725
A 43 25 9541
A 43 26 9336
A 43 27 8847
A 43 28 10112
A 43 29 10536
A 43 30 17002
A 43 31 9738
A 43 32 9483
A 43 33 7526
A 43 34 9048
A 43 35 9090
A 43 36 9686
A 43 37 9364
A 43 38 9417
A 43 39 8895
A 43 40 16695
A 44 1 12861
A 44 2 11998
A 44 3 12293
A 44 4 12465
A 44 5 13083
A 44 6 12910
A 44 7 12155
A 44 8 12868
A 44 9 13099
A 44 10 18237
A 44 11 13450
A 44 12 14242
A 44 13 13565
A 44 14 12878
A 44 15 12826
A 44 16 11237
A 44 17 12286
A 44 18 12124
A 44 19 13121
A 44 20 17762
A 44 21 12830
A 44 22 14078
A 44 23 12857
A 44 24 12075
A 44 25 13069
A 44 26 12157
A 44 27 12940
A 44 28 12594
A 44 29 12845
A 44 30 19043
A 44 31 12299
A 44 32 12452
A 44 33 11966
A 44 34 13207
A 44 35 12563
A 44 36 11160
A 44 37 12051
A 44 38 12667
A 44 39 11601
A 44 40 17689
A 45 1 8038
A 45 2 6694
A 45 3 8330
A 45 4 6935
A 45 5 7307
A 45 6 7414
A 45 7 7184
A 45 8 6411
A 45 9 6270
A 45 10 12505
A 45 11 5941
A 45 12 7580
A 45 13 7024
A 45 14 7324
A 45 15 7603
A 45 16 6716
A 45 17 6448
A 45 18 6357
A 45 19 7170
A 45 20 12299
A 45 21 6306
A 45 22 7243
A 45 23 7539
A 45 24 6251
A 45 25 7765
A 45 26 6464
A 45 27 7498
A 45 28 6950
A 45 29 6832
A 45 30 11612
A 45 31 7264
A 45 32 6719
A 45 33 6803
A 45 34 7596
A 45 35 6637
A 45 36 7523
A 45 37 7096
A 45 38 7016
A 45 39 6554
A 45 40 12044
A 46 1 5802
A 46 2 5652
A 46 3 6232
A 46 4 5613
A 46 5 6222
A 46 6 5382
A 46 7 6007
A 46 8 5831
A 46 9 6094
A 46 10 8850
A 46 11 5859
A 46 12 6817
A 46 13 5797
A 46 14 5950
A 46 15 6246
A 46 16 5170
A 46 17 5333
A 46 18 5653
A 46 19 6533
A 46 20 8895
A 46 21 6052
A 46 22 6916
A 46 23 5688
A 46 24 6662
A 46 25 5275
A 46 26 5610
A 46 27 6031
A 46 28 5967
A 46 29 5956
A 46 30 9438
A 46 31 6425
A 46 32 5967
A 46 33 6395
A 46 34 5856
A 46 35 6322
A 46 36 5789
A 46 37 5910
A 46 38 6098
A 46 39 6208
A 46 40 9160
A 48 1 2804
A 48 2 2944
A 48 3 3259
A 48 4 2584
A 48 5 2606
A 48 6 3418
A 48 7 2906
A 48 8 3158
A 48 9 3128
A 48 10 5690
A 48 11 2771
A 48 12 3023
A 48 13 2317
A 48 14 3311
A 48 15 2233
A 48 16 2179
A 48 17 2409
A 48 18 2622
A 48 19 3184
A 48 20 5425
A 48 21 3580
A 48 22 3156
A 48 23 2507
A 48 24 2572
A 48 25 2626
A 48 26 2286
A 48 27 2831
A 48 28 2980
A 48 29 2860
A 48 30 5758
A 48 31 2595
A 48 32 2447
A 48 33 3471
A 48 34 3102
A 48 35 2692
A 48 36 3667
A 48 37 2448
A 48 38 3666
A 48 39 2748
A 48 40 5120
A 49 1 3145
A 49 2 3558
A 49 3 3573
A 49 4 3403
A 49 5 3336
A 49 6 3015
A 49 7 3819
A 49 8 3686
A 49 9 4064
A 49 10 6390
A 49 11 3568
A 49 12 4172
A 49 13 3616
A 49 14 3055
A 49 15 3710
A 49 16 3509
A 49 17 3888
A 49 18 3181
A 49 19 3646
A 49 20 7002
A 49 21 4204
A 49 22 3730
A 49 23 3809
A 49 24 3442
A 49 25 4174
A 49 26 3327
A 49 27 3733
A 49 28 3752
A 49 29 3938
A 49 30 5843
A 49 31 3843
A 49 32 4219
A 49 33 4082
A 49 34 4265
A 49 35 3868
A 49 36 3957
A 49 37 3035
A 49 38 4272
A 49 39 3710
A 49 40 7260
A 50 1 3441
A 50 2 3916
A 50 3 4083
A 50 4 2469
A 50 5 3566
A 50 6 2781
A 50 7 4517
A 50 8 3350
A 50 9 4006
A 50 10 9531
A 50 11 3410
A 50 12 3974
A 50 13 2822
A 50 14 4106
A 50 15 4060
A 50 16 3079
A 50 17 3532
A 50 18 3378
A 50 19 4959
A 50 20 8441
A 50 21 3207
A 50 22 4043
A 50 23 3592
A 50 24 3501
A 50 25 4339
A 50 26 4131
A 50 27 4144
A 50 28 2963
A 50 29 4317
A 50 30 10257
A 50 31 3789
A 50 32 4194
A 50 33 3198
A 50 34 4299
A 50 35 3474
A 50 36 3323
A 50 37 3080
A 50 38 4261
A 50 39 2937
A 50 40 8830
A 51 1 916
A 51 2 430
A 51 3 992
A 51 4 940
A 51 5 802
A 51 6 472
A 51 7 842
A 51 8 1290
A 51 9 333
A 51 10 636
A 51 11 1349
A 51 12 -82
A 51 13 641
A 51 14 900
A 51 15 908
A 51 16 687
A 51 17 737
A 51 18 172
A 51 19 32
A 51 20 1360
A 51 21 184
A 51 22 636
A 51 23 -103
A 51 24 687
A 51 25 1383
A 51 26 703
A 51 27 1016
A 51 28 615
A 51 29 1603
A 51 30 498
A 51 31 1133
A 51 32 710
A 51 33 625
A 51 34 985
A 51 35 523
A 51 36 702
A 51 37 1284
A 51 38 518
A 51 39 426
A 51 40 388
A 52 1 12199
A 52 2 13262
A 52 3 13812
A 52 4 13129
A 52 5 15428
A 52 6 13974
A 52 7 13365
A 52 8 13041
A 52 9 13820
A 52 10 21126
A 52 11 14112
A 52 12 13665
A 52 13 14023
A 52 14 12635
A 52 15 12973
A 52 16 13241
A 52 17 13026
A 52 18 13325
A 52 19 12707
A 52 20 24271
A 52 21 13520
A 52 22 12996
A 52 23 13574
A 52 24 13594
A 52 25 12446
A 52 26 12296
A 52 27 14052
A 52 28 13394
A 52 29 14519
A 52 30 22711
A 52 31 13308
A 52 32 12812
A 52 33 13289
A 52 34 13221
A 52 35 13728
A 52 36 12193
A 52 37 13987
A 52 38 13691
A 52 39 13441
A 52 40 22647
A 53 1 6946
A 53 2 6090
A 53 3 7789
A 53 4 7434
A 53 5 7690
A 53 6 6529
A 53 7 7691
A 53 8 7293
A 53 9 8156
A 53 10 13782
A 53 11 7322
A 53 12 8304
A 53 13 7275
A 53 14 7999
A 53 15 7959
A 53 16 6651
A 53 17 7111
A 53 18 6341
A 53 19 7781
A 53 20 14056
A 53 21 6888
A 53 22 7459
A 53 23 6310
A 53 24 7168
A 53 25 7728
A 53 26 7656
A 53 27 7462
A 53 28 7757
A 53 29 6925
A 53 30 13169
A 53 31 7868
A 53 32 7942
A 53 33 6985
A 53 34 7900
A 53 35 6443
A 53 36 7576
A 53 37 6376
A 53 38 9878
A 53 39 6806
A 53 40 13799
A 54 1 7248
A 54 2 5067
A 54 3 6933
A 54 4 4688
A 54 5 7790
A 54 6 7475
A 54 7 7047
A 54 8 5878
A 54 9 7221
A 54 10 11199
A 54 11 6553
A 54 12 5749
A 54 13 6225
A 54 14 6722
A 54 15 6976
A 54 16 5034
A 54 17 7924
A 54 18 6944
A 54 19 6562
A 54 20 12542
A 54 21 6061
A 54 22 6082
A 54 23 5817
A 54 24 6413
A 54 25 6469
A 54 26 7586
A 54 27 7211
A 54 28 6178
A 54 29 6816
A 54 30 12443
A 54 31 6086
A 54 32 7034
A 54 33 6860
A 54 34 7297
A 54 35 6362
A 54 36 6614
A 54 37 5885
A 54 38 6028
A 54 39 6092
A 54 40 11550
A 55 1 5318
A 55 2 4149
A 55 3 5384
A 55 4 4090
A 55 5 6215
A 55 6 4533
A 55 7 4471
A 55 8 5309
A 55 9 4914
A 55 10 10608
A 55 11 5840
A 55 12 4832
A 55 13 5634
A 55 14 5541
A 55 15 5085
A 55 16 4976
A 55 17 4552
A 55 18 4025
A 55 19 5029
A 55 20 11618
A 55 21 4055
A 55 22 5604
A 55 23 4639
A 55 24 4213
A 55 25 5929
A 55 26 4629
A 55 27 4893
A 55 28 5214
A 55 29 5442
A 55 30 10382
A 55 31 4695
A 55 32 4116
A 55 33 4579
A 55 34 6443
A 55 35 6093
A 55 36 4575
A 55 37 3396
A 55 38 5069
A 55 39 3643
A 55 40 10439
A 56 1 5583
A 56 2 5607
A 56 3 6107
A 56 4 5154
A 56 5 5931
A 56 6 5926
A 56 7 5637
A 56 8 6102
A 56 9 5194
A 56 10 9950
A 56 11 5690
A 56 12 5363
A 56 13 5741
A 56 14 5698
A 56 15 6531
A 56 16 5809
A 56 17 5466
A 56 18 6243
A 56 19 5856
A 56 20 11461
A 56 21 5509
A 56 22 5576
A 56 23 4850
A 56 24 6364
A 56 25 6351
A 56 26 4545
A 56 27 5320
A 56 28 5283
A 56 29 5286
A 56 30 10063
A 56 31 6903
A 56 32 5888
A 56 33 5262
A 56 34 5770
A 56 35 6015
A 56 36 4891
A 56 37 5579
A 56 38 6156
A 56 39 5016
A 56 40 10067
A 59 1 4008
A 59 2 4138
A 59 3 3588
A 59 4 4490
A 59 5 4581
A 59 6 3861
A 59 7 3220
A 59 8 3648
A 59 9 2807
A 59 10 6078
A 59 11 3306
A 59 12 2915
A 59 13 3040
A 59 14 2853
A 59 15 3679
A 59 16 2979
A 59 17 3384
A 59 18 5050
A 59 19 4144
A 59 20 6312
A 59 21 3365
A 59 22 4545
A 59 23 3158
A 59 24 4213
A 59 25 3672
A 59 26 3077
A 59 27 3863
A 59 28 2872
A 59 29 3939
A 59 30 5246
A 59 31 3628
A 59 32 3163
A 59 33 2996
A 59 34 3362
A 59 35 4264
A 59 36 3551
A 59 37 3599
A 59 38 2994
A 59 39 3058
A 59 40 6305
A 62 1 5202
A 62 2 5761
A 62 3 5307
A 62 4 5600
A 62 5 6074
A 62 6 6466
A 62 7 5331
A 62 8 5750
A 62 9 4691
A 62 10 10752
A 62 11 6357
A 62 12 6195
A 62 13 4857
A 62 14 5581
A 62 15 5892
A 62 16 5284
A 62 17 5603
A 62 18 5544
A 62 19 5701
A 62 20 10380
A 62 21 6874
A 62 22 6121
A 62 23 6595
A 62 24 6340
A 62 25 6373
A 62 26 5253
A 62 27 6429
A 62 28 6287
A 62 29 6880
A 62 30 11629
A 62 31 5688
A 62 32 4290
A 62 33 4458
A 62 34 6108
A 62 35 6286
A 62 36 4781
A 62 37 5301
A 62 38 5769
A 62 39 6011
A 62 40 10583
A 66 1 5354
A 66 2 4384
A 66 3 5107
A 66 4 4578
A 66 5 5229
A 66 6 4811
A 66 7 4884
A 66 8 4382
A 66 9 4843
A 66 10 9269
A 66 11 4254
A 66 12 4570
A 66 13 4463
A 66 14 5064
A 66 15 4186
A 66 16 4406
A 66 17 5116
A 66 18 4525
A 66 19 5037
A 66 20 8531
A 66 21 5698
A 66 22 4779
A 66 23 4216
A 66 24 4838
A 66 25 5777
A 66 26 5158
A 66 27 4185
A 66 28 3946
A 66 29 4637
A 66 30 8521
A 66 31 5056
A 66 32 5265
A 66 33 4704
A 66 34 5741
A 66 35 4972
A 66 36 4537
A 66 37 3947
A 66 38 4554
A 66 39 4615
A 66 40 8761
A 69 1 7570
A 69 2 7216
A 69 3 8732
A 69 4 6651
A 69 5 8540
A 69 6 6814
A 69 7 8607
A 69 8 7834
A 69 9 8075
A 69 10 18343
A 69 11 7803
A 69 12 8986
A 69 13 6841
A 69 14 8031
A 69 15 7626
A 69 16 6748
A 69 17 8262
A 69 18 7542
A 69 19 8965
A 69 20 18411
A 69 21 8009
A 69 22 8689
A 69 23 8167
A 69 24 7108
A 69 25 8892
A 69 26 7108
A 69 27 7813
A 69 28 7589
A 69 29 7889
A 69 30 19068
A 69 31 7192
A 69 32 7895
A 69 33 7359
A 69 34 8404
A 69 35 7315
A 69 36 7557
A 69 37 6603
A 69 38 8840
A 69 39 7066
A 69 40 19069
A 71 1 2942
A 71 2 2688
A 71 3 3229
A 71 4 3042
A 71 5 3388
A 71 6 2729
A 71 7 3500
A 71 8 2393
A 71 9 3291
A 71 10 6238
A 71 11 3717
A 71 12 3383
A 71 13 2964
A 71 14 2960
A 71 15 3781
A 71 16 3344
A 71 17 2049
A 71 18 2766
A 71 19 3835
A 71 20 6752
A 71 21 3127
A 71 22 3236
A 71 23 2833
A 71 24 3589
A 71 25 2620
A 71 26 3329
A 71 27 3836
A 71 28 2607
A 71 29 3618
A 71 30 6587
A 71 31 3450
A 71 32 3169
A 71 33 2449
A 71 34 3775
A 71 35 3071
A 71 36 3358
A 71 37 3212
A 71 38 3512
A 71 39 3075
A 71 40 5760
A 72 1 6091
A 72 2 6371
A 72 3 7700
A 72 4 7183
A 72 5 7860
A 72 6 7601
A 72 7 6758
A 72 8 7554
A 72 9 8239
A 72 10 11770
A 72 11 7174
A 72 12 7411
A 72 13 7123
A 72 14 6625
A 72 15 7549
A 72 16 7416
A 72 17 7927
A 72 18 7536
A 72 19 7953
A 72 20 12284
A 72 21 5814
A 72 22 7986
A 72 23 7257
A 72 24 6691
A 72 25 7495
A 72 26 7842
A 72 27 8192
A 72 28 6673
A 72 29 7159
A 72 30 12163
A 72 31 6143
A 72 32 7429
A 72 33 6559
A 72 34 7140
A 72 35 6877
A 72 36 7531
A 72 37 6879
A 72 38 7605
A 72 39 6291
A 72 40 11806
A 73 1 5014
A 73 2 4249
A 73 3 5682
A 73 4 4410
A 73 5 5210
A 73 6 4216
A 73 7 4186
A 73 8 4125
A 73 9 5208
A 73 10 9493
A 73 11 5353
A 73 12 6514
A 73 13 5540
A 73 14 5110
A 73 15 5109
A 73 16 5346
A 73 17 3750
A 73 18 4198
A 73 19 4739
A 73 20 8821
A 73 21 4244
A 73 22 4617
A 73 23 4976
A 73 24 4434
A 73 25 4931
A 73 26 4286
A 73 27 5158
A 73 28 4064
A 73 29 5321
A 73 30 8505
A 73 31 4836
A 73 32 4377
A 73 33 3811
A 73 34 4270
A 73 35 4490
A 73 36 4374
A 73 37 4646
A 73 38 4891
A 73 39 4502
A 73 40 9204
A 77 1 3991
A 77 2 3209
A 77 3 5233
A 77 4 2894
A 77 5 5034
A 77 6 3488
A 77 7 3782
A 77 8 3793
A 77 9 3786
A 77 10 8316
A 77 11 3782
A 77 12 4157
A 77 13 3303
A 77 14 4611
A 77 15 4529
A 77 16 2891
A 77 17 3889
A 77 18 3074
A 77 19 4199
A 77 20 8667
A 77 21 3257
A 77 22 5077
A 77 23 3356
A 77 24 3690
A 77 25 3408
A 77 26 3195
A 77 27 5023
A 77 28 4516
A 77 29 3611
A 77 30 7565
A 77 31 3954
A 77 32 3910
A 77 33 2842
A 77 34 4271
A 77 35 2978
A 77 36 4263
A 77 37 2677
A 77 38 5497
A 77 39 2360
A 77 40 7730
A 78 1 4318
A 78 2 2802
A 78 3 5468
A 78 4 3273
A 78 5 4727
A 78 6 4598
A 78 7 4424
A 78 8 4538
A 78 9 3841
A 78 10 8956
A 78 11 3203
A 78 12 4289
A 78 13 4054
A 78 14 4532
A 78 15 4623
A 78 16 3958
A 78 17 4566
A 78 18 3204
A 78 19 4853
A 78 20 8158
A 78 21 3622
A 78 22 4622
A 78 23 2772
A 78 24 4042
A 78 25 4715
A 78 26 3850
A 78 27 5132
A 78 28 4136
A 78 29 4719
A 78 30 7847
A 78 31 3991
A 78 32 4063
A 78 33 3816
A 78 34 5476
A 78 35 4034
A 78 36 3914
A 78 37 2553
A 78 38 5309
A 78 39 3617
A 78 40 8169
A 79 1 9338
A 79 2 9600
A 79 3 8527
A 79 4 8956
A 79 5 9870
A 79 6 9168
A 79 7 9927
A 79 8 9653
A 79 9 9553
A 79 10 15468
A 79 11 8834
A 79 12 8981
A 79 13 8410
A 79 14 8290
A 79 15 9363
A 79 16 8840
A 79 17 8538
A 79 18 9666
A 79 19 8604
A 79 20 16199
A 79 21 8997
A 79 22 9246
A 79 23 9495
A 79 24 9648
A 79 25 8355
A 79 26 8755
A 79 27 9208
A 79 28 9220
A 79 29 9550
A 79 30 15903
A 79 31 9448
A 79 32 8957
A 79 33 9246
A 79 34 8808
A 79 35 8255
A 79 36 9846
A 79 37 8931
A 79 38 9347
A 79 39 9365
A 79 40 16713
A 80 1 3777
A 80 2 2971
A 80 3 4340
A 80 4 3018
A 80 5 3820
A 80 6 2931
A 80 7 3524
A 80 8 3279
A 80 9 3135
A 80 10 7840
A 80 11 3858
A 80 12 3968
A 80 13 3326
A 80 14 3228
A 80 15 4114
A 80 16 3239
A 80 17 3383
A 80 18 3422
A 80 19 4490
A 80 20 8194
A 80 21 3462
A 80 22 4224
A 80 23 3711
A 80 24 3732
A 80 25 4133
A 80 26 3602
A 80 27 4459
A 80 28 3132
A 80 29 3060
A 80 30 7412
A 80 31 3887
A 80 32 4392
A 80 33 3015
A 80 34 3436
A 80 35 2755
A 80 36 3816
A 80 37 3056
A 80 38 3496
A 80 39 3711
A 80 40 7495
A 81 1 20433
A 81 2 20516
A 81 3 20557
A 81 4 20365
A 81 5 19367
A 81 6 19023
A 81 7 19766
A 81 8 19307
A 81 9 19555
A 81 10 30900
A 81 11 19197
A 81 12 19138
A 81 13 18593
A 81 14 19246
A 81 15 19044
A 81 16 19651
A 81 17 19583
A 81 18 19293
A 81 19 20804
A 81 20 29550
A 81 21 19653
A 81 22 19877
A 81 23 20069
A 81 24 18643
A 81 25 19609
A 81 26 20792
A 81 27 19245
A 81 28 19772
A 81 29 19298
A 81 30 29924
A 81 31 19427
A 81 32 20924
A 81 33 19610
A 81 34 19557
A 81 35 19847
A 81 36 19304
A 81 37 20595
A 81 38 19993
A 81 39 20535
A 81 40 30598
A 82 1 8235
A 82 2 8092
A 82 3 8855
A 82 4 8978
A 82 5 7882
A 82 6 8144
A 82 7 7554
A 82 8 7941
A 82 9 7128
A 82 10 14087
A 82 11 8358
A 82 12 7607
A 82 13 8581
A 82 14 8863
A 82 15 9393
A 82 16 8096
A 82 17 8251
A 82 18 7490
A 82 19 7910
A 82 20 12996
A 82 21 8123
A 82 22 9139
A 82 23 8496
A 82 24 8107
A 82 25 9677
A 82 26 9241
A 82 27 8355
A 82 28 8316
A 82 29 8271
A 82 30 13321
A 82 31 7428
A 82 32 8624
A 82 33 8141
A 82 34 7984
A 82 35 8772
A 82 36 8507
A 82 37 9905
A 82 38 7927
A 82 39 8028
A 82 40 14893
A 83 1 14558
A 83 2 15908
A 83 3 14452
A 83 4 15060
A 83 5 15088
A 83 6 15172
A 83 7 16094
A 83 8 16299
A 83 9 17827
A 83 10 25886
A 83 11 15651
A 83 12 16544
A 83 13 14986
A 83 14 15639
A 83 15 14770
A 83 16 15003
A 83 17 15202
A 83 18 14750
A 83 19 16148
A 83 20 24979
A 83 21 15770
A 83 22 15206
A 83 23 15482
A 83 24 15390
A 83 25 15509
A 83 26 14909
A 83 27 15329
A 83 28 16147
A 83 29 14471
A 83 30 24017
A 83 31 16077
A 83 32 15426
A 83 33 15610
A 83 34 14930
A 83 35 14834
A 83 36 14377
A 83 37 13739
A 83 38 16732
A 83 39 15662
A 83 40 26155
A 84 1 14667
A 84 2 12835
A 84 3 13576
A 84 4 14054
A 84 5 13728
A 84 6 13722
A 84 7 13059
A 84 8 13367
A 84 9 12833
A 84 10 20503
A 84 11 12161
A 84 12 13690
A 84 13 12492
A 84 14 13257
A 84 15 14575
A 84 16 12748
A 84 17 14098
A 84 18 11934
A 84 19 13194
A 84 20 22242
A 84 21 13281
A 84 22 13339
A 84 23 12861
A 84 24 13509
A 84 25 13265
A 84 26 12982
A 84 27 13724
A 84 28 14330
A 84 29 13745
A 84 30 21406
A 84 31 12846
A 84 32 14434
A 84 33 14970
A 84 34 13032
A 84 35 13421
A 84 36 13019
A 84 37 12463
A 84 38 13031
A 84 39 13927
A 84 40 21071
A 86 1 3825
A 86 2 4087
A 86 3 5168
A 86 4 4259
A 86 5 3753
A 86 6 3593
A 86 7 3654
A 86 8 3999
A 86 9 4161
A 86 10 8626
A 86 11 4782
A 86 12 4257
A 86 13 4690
A 86 14 3938
A 86 15 3966
A 86 16 4246
A 86 17 3941
A 86 18 4298
A 86 19 4237
A 86 20 8661
A 86 21 3960
A 86 22 3529
A 86 23 3434
A 86 24 4312
A 86 25 3885
A 86 26 3373
A 86 27 4335
A 86 28 4410
A 86 29 4428
A 86 30 8588
A 86 31 3897
A 86 32 3918
A 86 33 4289
A 86 34 4168
A 86 35 3933
A 86 36 4472
A 86 37 4322
A 86 38 4048
A 86 39 3335
A 86 40 8758
A 90 1 2133
A 90 2 2605
A 90 3 2815
A 90 4 1286
A 90 5 2675
A 90 6 2010
A 90 7 1653
A 90 8 1227
A 90 9 1847
A 90 10 2545
A 90 11 1572
A 90 12 2352
A 90 13 1864
A 90 14 1702
A 90 15 1829
A 90 16 2170
A 90 17 2193
A 90 18 2037
A 90 19 1916
A 90 20 2075
A 90 21 2416
A 90 22 2073
A 90 23 1869
A 90 24 2208
A 90 25 2192
A 90 26 1844
A 90 27 2420
A 90 28 1149
A 90 29 1917
A 90 30 2558
A 90 31 2962
A 90 32 2131
A 90 33 1318
A 90 34 1100
A 90 35 2655
A 90 36 2068
A 90 37 1710
A 90 38 1790
A 90 39 1923
A 90 40 1765
B 31 1 742
B 31 2 1222
B 31 3 1323
B 31 4 658
B 31 5 1927
B 31 6 983
B 31 7 829
B 31 8 2011
B 31 9 1680
B 31 10 1839
B 31 11 1439
B 31 12 1835
B 31 13 1496
B 31 14 1265
B 31 15 1715
B 31 16 1207
B 31 17 1570
B 31 18 1527
B 31 19 1217
B 31 20 1369
B 31 21 859
B 31 22 1398
B 31 23 1902
B 31 24 930
B 31 25 1968
B 31 26 1848
B 31 27 1411
B 31 28 1097
B 31 29 442
B 31 30 1666
B 31 31 958
B 31 32 1493
B 31 33 939
B 31 34 672
B 31 35 1141
B 31 36 1472
B 31 37 796
B 31 38 1259
B 31 39 1374
B 31 40 1050
B 33 1 1477
B 33 2 886
B 33 3 1119
B 33 4 1144
B 33 5 1957
B 33 6 1236
B 33 7 1732
B 33 8 1135
B 33 9 1652
B 33 10 1555
B 33 11 1320
B 33 12 1201
B 33 13 1544
B 33 14 1837
B 33 15 1326
B 33 16 1780
B 33 17 1469
B 33 18 1009
B 33 19 1607
B 33 20 622
B 33 21 1194
B 33 22 1081
B 33 23 1761
B 33 24 1379
B 33 25 969
B 33 26 1084
B 33 27 459
B 33 28 1458
B 33 29 864
B 33 30 1307
B 33 31 1108
B 33 32 1576
B 33 33 1061
B 33 34 1089
B 33 35 764
B 33 36 1354
B 33 37 735
B 33 38 1832
B 33 39 997
B 33 40 2086
B 41 1 1044
B 41 2 544
B 41 3 1121
B 41 4 265
B 41 5 565
B 41 6 371
B 41 7 747
B 41 8 817
B 41 9 268
B 41 10 1378
B 41 11 206
B 41 12 -199
B 41 13 551
B 41 14 403
B 41 15 1301
B 41 16 965
B 41 17 909
B 41 18 12
B 41 19 55
B 41 20 447
B 41 21 792
B 41 22 556
B 41 23 633
B 41 24 -238
B 41 25 635
B 41 26 147
B 41 27 563
B 41 28 78
B 41 29 755
B 41 30 1043
B 41 31 744
B 41 32 1304
B 41 33 1261
B 41 34 168
B 41 35 1482
B 41 36 1414
B 41 37 364
B 41 38 451
B 41 39 -223
B 41 40 -55
B 43 1 1674
B 43 2 199
B 43 3 1304
B 43 4 470
B 43 5 319
B 43 6 321
B 43 7 1270
B 43 8 759
B 43 9 1173
B 43 10 1420
B 43 11 1083
B 43 12 1732
B 43 13 786
B 43 14 1417
B 43 15 1118
B 43 16 393
B 43 17 941
B 43 18 1275
B 43 19 707
B 43 20 1571
B 43 21 621
B 43 22 335
B 43 23 860
B 43 24 854
B 43 25 1337
B 43 26 568
B 43 27 1002
B 43 28 1243
B 43 29 967
B 43 30 944
B 43 31 961
B 43 32 1309
B 43 33 740
B 43 34 917
B 43 35 773
B 43 36 1274
B 43 37 334
B 43 38 1393
B 43 39 919
B 43 40 1917
B 45 1 1303
B 45 2 1457
B 45 3 1543
B 45 4 739
B 45 5 587
B 45 6 738
B 45 7 250
B 45 8 946
B 45 9 1266
B 45 10 1526
B 45 11 308
B 45 12 191
B 45 13 1045
B 45 14 933
B 45 15 1080
B 45 16 1140
B 45 17 1296
B 45 18 1188
B 45 19 1058
B 45 20 1226
B 45 21 1474
B 45 22 1625
B 45 23 1511
B 45 24 1220
B 45 25 740
B 45 26 1405
B 45 27 1268
B 45 28 1203
B 45 29 1182
B 45 30 1088
B 45 31 481
B 45 32 1244
B 45 33 122
B 45 34 1829
B 45 35 1111
B 45 36 -94
B 45 37 682
B 45 38 594
B 45 39 1001
B 45 40 867
B 55 1 570
B 55 2 1258
B 55 3 1437
B 55 4 1209
B 55 5 353
B 55 6 1085
B 55 7 851
B 55 8 1391
B 55 9 527
B 55 10 1312
B 55 11 1139
B 55 12 891
B 55 13 1446
B 55 14 335
B 55 15 722
B 55 16 647
B 55 17 1236
B 55 18 1283
B 55 19 663
B 55 20 1647
B 55 21 2004
B 55 22 1132
B 55 23 496
B 55 24 525
B 55 25 382
B 55 26 1199
B 55 27 560
B 55 28 1335
B 55 29 1340
B 55 30 1576
B 55 31 1418
B 55 32 607
B 55 33 928
B 55 34 556
B 55 35 1746
B 55 36 998
B 55 37 1148
B 55 38 1300
B 55 39 1451
B 55 40 1907
B 76 1 1692
B 76 2 1171
B 76 3 1400
B 76 4 2044
B 76 5 2316
B 76 6 758
B 76 7 1228
B 76 8 2209
B 76 9 733
B 76 10 1687
B 76 11 689
B 76 12 1496
B 76 13 971
B 76 14 2260
B 76 15 1946
B 76 16 1227
B 76 17 812
B 76 18 1309
B 76 19 2572
B 76 20 2023
B 76 21 1529
B 76 22 2173
B 76 23 1289
B 76 24 1869
B 76 25 1891
B 76 26 1930
B 76 27 1876
B 76 28 1430
B 76 29 510
B 76 30 2229
B 76 31 1038
B 76 32 1499
B 76 33 873
B 76 34 1427
B 76 35 1299
B 76 36 1338
B 76 37 854
B 76 38 1161
B 76 39 1313
B 76 40 1626
B 77 1 1871
B 77 2 1847
B 77 3 1705
B 77 4 857
B 77 5 1350
B 77 6 1147
B 77 7 2535
B 77 8 1084
B 77 9 2131
B 77 10 2130
B 77 11 1912
B 77 12 1378
B 77 13 921
B 77 14 1286
B 77 15 1620
B 77 16 1656
B 77 17 1893
B 77 18 1497
B 77 19 1220
B 77 20 1696
B 77 21 2401
B 77 22 1405
B 77 23 1682
B 77 24 2068
B 77 25 1344
B 77 26 1483
B 77 27 2131
B 77 28 1523
B 77 29 1858
B 77 30 1755
B 77 31 1531
B 77 32 654
B 77 33 1929
B 77 34 1036
B 77 35 2401
B 77 36 1588
B 77 37 1870
B 77 38 1371
B 77 39 1452
B 77 40 3140
B 78 1 100
B 78 2 858
B 78 3 1541
B 78 4 1754
B 78 5 1438
B 78 6 1506
B 78 7 1979
B 78 8 1206
B 78 9 1030
B 78 10 1183
B 78 11 1643
B 78 12 1201
B 78 13 1628
B 78 14 1455
B 78 15 872
B 78 16 1113
B 78 17 478
B 78 18 1408
B 78 19 1295
B 78 20 1755
B 78 21 1779
B 78 22 1123
B 78 23 561
B 78 24 1097
B 78 25 1639
B 78 26 1041
B 78 27 1078
B 78 28 701
B 78 29 1534
B 78 30 1504
B 78 31 979
B 78 32 1090
B 78 33 1185
B 78 34 1822
B 78 35 2095
B 78 36 1224
B 78 37 749
B 78 38 1366
B 78 39 526
B 78 40 789
B 81 1 1657
B 81 2 2034
B 81 3 2567
B 81 4 2728
B 81 5 2250
B 81 6 1997
B 81 7 2559
B 81 8 1828
B 81 9 2464
B 81 10 2771
B 81 11 1740
B 81 12 3056
B 81 13 2115
B 81 14 1856
B 81 15 1964
B 81 16 1454
B 81 17 2531
B 81 18 2720
B 81 19 1421
B 81 20 2587
B 81 21 1832
B 81 22 1822
B 81 23 1941
B 81 24 2412
B 81 25 1369
B 81 26 2200
B 81 27 2214
B 81 28 1882
B 81 29 2360
B 81 30 2687
B 81 31 2398
B 81 32 1703
B 81 33 1806
B 81 34 1521
B 81 35 1628
B 81 36 2282
B 81 37 2386
B 81 38 1974
B 81 39 1586
B 81 40 2562
B 82 1 1583
B 82 2 1349
B 82 3 1732
B 82 4 2528
B 82 5 1172
B 82 6 1951
B 82 7 2675
B 82 8 2011
B 82 9 1813
B 82 10 2229
B 82 11 1924
B 82 12 2418
B 82 13 2631
B 82 14 1992
B 82 15 2012
B 82 16 1378
B 82 17 1818
B 82 18 3161
B 82 19 1277
B 82 20 2454
B 82 21 1546
B 82 22 1955
B 82 23 2311
B 82 24 1445
B 82 25 1932
B 82 26 1217
B 82 27 1542
B 82 28 1871
B 82 29 1280
B 82 30 2321
B 82 31 1304
B 82 32 2768
B 82 33 1103
B 82 34 2088
B 82 35 2012
B 82 36 1903
B 82 37 1540
B 82 38 2205
B 82 39 2867
B 82 40 3008
B 83 1 2007
B 83 2 1656
B 83 3 2234
B 83 4 2476
B 83 5 2189
B 83 6 1385
B 83 7 1947
B 83 8 922
B 83 9 2279
B 83 10 1971
B 83 11 2464
B 83 12 2235
B 83 13 1613
B 83 14 1328
B 83 15 1397
B 83 16 1750
B 83 17 2277
B 83 18 2357
B 83 19 1328
B 83 20 2656
B 83 21 2230
B 83 22 1881
B 83 23 1737
B 83 24 1883
B 83 25 1890
B 83 26 1875
B 83 27 1527
B 83 28 1463
B 83 29 1940
B 83 30 2359
B 83 31 1562
B 83 32 1875
B 83 33 1894
B 83 34 2089
B 83 35 1936
B 83 36 1905
B 83 37 1717
B 83 38 2471
B 83 39 1483
B 83 40 2308
B 84 1 1425
B 84 2 1433
B 84 3 2695
B 84 4 1375
B 84 5 1616
B 84 6 2958
B 84 7 1643
B 84 8 1834
B 84 9 2112
B 84 10 2240
B 84 11 1870
B 84 12 2008
B 84 13 2418
B 84 14 1467
B 84 15 2101
B 84 16 2543
B 84 17 1356
B 84 18 1284
B 84 19 2924
B 84 20 2213
B 84 21 1979
B 84 22 2706
B 84 23 2507
B 84 24 2446
B 84 25 1750
B 84 26 2280
B 84 27 2120
B 84 28 1945
B 84 29 3054
B 84 30 3036
B 84 31 1557
B 84 32 1663
B 84 33 2055
B 84 34 1858
B 84 35 2394
B 84 36 1256
B 84 37 2271
B 84 38 1659
B 84 39 2325
B 84 40 2206
B 94 1 2771
B 94 2 1042
B 94 3 1432
B 94 4 1807
B 94 5 1514
B 94 6 1034
B 94 7 2028
B 94 8 953
B 94 9 554
B 94 10 1511
B 94 11 1652
B 94 12 1905
B 94 13 1297
B 94 14 1598
B 94 15 1874
B 94 16 2021
B 94 17 1313
B 94 18 1750
B 94 19 1746
B 94 20 1794
B 94 21 1789
B 94 22 1802
B 94 23 2165
B 94 24 1459
B 94 25 1084
B 94 26 1717
B 94 27 2350
B 94 28 2574
B 94 29 2140
B 94 30 2026
B 94 31 1475
B 94 32 1761
B 94 33 1583
B 94 34 1218
B 94 35 1716
B 94 36 2166
B 94 37 2154
B 94 38 1066
B 94 39 1691
B 94 40 1320
B 95 1 2371
B 95 2 1889
B 95 3 1139
B 95 4 1677
B 95 5 2124
B 95 6 1559
B 95 7 2741
B 95 8 1659
B 95 9 2057
B 95 10 1387
B 95 11 920
B 95 12 2341
B 95 13 2336
B 95 14 1391
B 95 15 1636
B 95 16 1652
B 95 17 1256
B 95 18 2120
B 95 19 1625
B 95 20 1632
B 95 21 1926
B 95 22 2637
B 95 23 2292
B 95 24 2143
B 95 25 1865
B 95 26 1588
B 95 27 1694
B 95 28 1237
B 95 29 1759
B 95 30 1817
B 95 31 1252
B 95 32 604
B 95 33 1111
B 95 34 1524
B 95 35 1861
B 95 36 888
B 95 37 1490
B 95 38 1983
B 95 39 1719
B 95 40 1430
B 98 1 2989
B 98 2 2688
B 98 3 3875
B 98 4 2978
B 98 5 2025
B 98 6 2428
B 98 7 3213
B 98 8 3081
B 98 9 2575
B 98 10 2817
B 98 11 3488
B 98 12 3865
B 98 13 2901
B 98 14 3296
B 98 15 3865
B 98 16 2642
B 98 17 3194
B 98 18 2408
B 98 19 3190
B 98 20 3288
B 98 21 2861
B 98 22 3336
B 98 23 2819
B 98 24 2304
B 98 25 2341
B 98 26 2935
B 98 27 2229
B 98 28 2878
B 98 29 2459
B 98 30 3138
B 98 31 2759
B 98 32 3011
B 98 33 2673
B 98 34 2610
B 98 35 2857
B 98 36 2866
B 98 37 3399
B 98 38 2823
B 98 39 2757
B 98 40 3219
C 20 1 2980
C 20 2 2205
C 20 3 3010
C 20 4 2661
C 20 5 2447
C 20 6 3239
C 20 7 2581
C 20 8 1992
C 20 9 2674
C 20 10 4145
C 20 11 2258
C 20 12 2969
C 20 13 2890
C 20 14 2604
C 20 15 2796
C 20 16 2288
C 20 17 3112
C 20 18 2727
C 20 19 2836
C 20 20 4864
C 20 21 2438
C 20 22 2872
C 20 23 1887
C 20 24 2112
C 20 25 2505
C 20 26 1645
C 20 27 2921
C 20 28 3013
C 20 29 3202
C 20 30 5972
C 20 31 2107
C 20 32 3227
C 20 33 1690
C 20 34 2195
C 20 35 1752
C 20 36 2620
C 20 37 2028
C 20 38 3145
C 20 39 2194
C 20 40 5170
C 30 1 1081
C 30 2 1113
C 30 3 1067
C 30 4 884
C 30 5 1253
C 30 6 906
C 30 7 1452
C 30 8 859
C 30 9 700
C 30 10 1459
C 30 11 1215
C 30 12 706
C 30 13 308
C 30 14 358
C 30 15 1170
C 30 16 409
C 30 17 155
C 30 18 1346
C 30 19 1201
C 30 20 1837
C 30 21 1022
C 30 22 564
C 30 23 311
C 30 24 533
C 30 25 309
C 30 26 599
C 30 27 576
C 30 28 1102
C 30 29 844
C 30 30 2075
C 30 31 361
C 30 32 358
C 30 33 1496
C 30 34 1192
C 30 35 1145
C 30 36 760
C 30 37 726
C 30 38 927
C 30 39 1279
C 30 40 2602
C 34 1 918
C 34 2 2191
C 34 3 1696
C 34 4 1214
C 34 5 1443
C 34 6 878
C 34 7 1498
C 34 8 1420
C 34 9 2352
C 34 10 3065
C 34 11 1246
C 34 12 1664
C 34 13 1302
C 34 14 2035
C 34 15 1763
C 34 16 1151
C 34 17 656
C 34 18 1400
C 34 19 1028
C 34 20 3707
C 34 21 1429
C 34 22 542
C 34 23 2141
C 34 24 1374
C 34 25 1143
C 34 26 1420
C 34 27 2168
C 34 28 1169
C 34 29 2034
C 34 30 3449
C 34 31 1207
C 34 32 1041
C 34 33 2784
C 34 34 1993
C 34 35 2437
C 34 36 1572
C 34 37 2896
C 34 38 1875
C 34 39 859
C 34 40 3346
C 41 1 1741
C 41 2 945
C 41 3 767
C 41 4 1707
C 41 5 1874
C 41 6 871
C 41 7 1484
C 41 8 1319
C 41 9 1021
C 41 10 2361
C 41 11 1527
C 41 12 1336
C 41 13 1222
C 41 14 1816
C 41 15 1386
C 41 16 700
C 41 17 832
C 41 18 938
C 41 19 1947
C 41 20 3351
C 41 21 1069
C 41 22 1843
C 41 23 1498
C 41 24 1421
C 41 25 1896
C 41 26 1264
C 41 27 1602
C 41 28 1782
C 41 29 543
C 41 30 2760
C 41 31 1779
C 41 32 1967
C 41 33 1037
C 41 34 971
C 41 35 1594
C 41 36 998
C 41 37 1559
C 41 38 1594
C 41 39 1410
C 41 40 2522
C 43 1 1464
C 43 2 672
C 43 3 1189
C 43 4 798
C 43 5 1244
C 43 6 785
C 43 7 996
C 43 8 418
C 43 9 703
C 43 10 1727
C 43 11 390
C 43 12 1412
C 43 13 653
C 43 14 653
C 43 15 348
C 43 16 1233
C 43 17 514
C 43 18 770
C 43 19 906
C 43 20 2162
C 43 21 877
C 43 22 1132
C 43 23 1056
C 43 24 549
C 43 25 903
C 43 26 907
C 43 27 1589
C 43 28 1155
C 43 29 1248
C 43 30 1517
C 43 31 381
C 43 32 497
C 43 33 1218
C 43 34 270
C 43 35 1072
C 43 36 1028
C 43 37 916
C 43 38 832
C 43 39 1783
C 43 40 1518
C 44 1 1276
C 44 2 1354
C 44 3 1919
C 44 4 767
C 44 5 1374
C 44 6 1915
C 44 7 1214
C 44 8 1438
C 44 9 1698
C 44 10 2926
C 44 11 1312
C 44 12 959
C 44 13 1022
C 44 14 1078
C 44 15 1274
C 44 16 1174
C 44 17 944
C 44 18 1397
C 44 19 1487
C 44 20 3529
C 44 21 920
C 44 22 2307
C 44 23 657
C 44 24 987
C 44 25 1890
C 44 26 2280
C 44 27 2168
C 44 28 1323
C 44 29 1130
C 44 30 2889
C 44 31 1489
C 44 32 1419
C 44 33 1412
C 44 34 1722
C 44 35 1408
C 44 36 877
C 44 37 1530
C 44 38 1544
C 44 39 2007
C 44 40 2821
C 56 1 842
C 56 2 1323
C 56 3 1600
C 56 4 433
C 56 5 1136
C 56 6 1135
C 56 7 1133
C 56 8 993
C 56 9 1701
C 56 10 3678
C 56 11 806
C 56 12 934
C 56 13 1290
C 56 14 1615
C 56 15 992
C 56 16 1221
C 56 17 1334
C 56 18 1414
C 56 19 1370
C 56 20 3735
C 56 21 821
C 56 22 789
C 56 23 1062
C 56 24 189
C 56 25 645
C 56 26 1060
C 56 27 1045
C 56 28 284
C 56 29 1002
C 56 30 3977
C 56 31 1215
C 56 32 824
C 56 33 691
C 56 34 1067
C 56 35 1483
C 56 36 497
C 56 37 265
C 56 38 443
C 56 39 1320
C 56 40 3629
C 77 1 2033
C 77 2 1716
C 77 3 2020
C 77 4 1361
C 77 5 2686
C 77 6 1840
C 77 7 2085
C 77 8 1890
C 77 9 1606
C 77 10 3040
C 77 11 1714
C 77 12 2574
C 77 13 2060
C 77 14 2571
C 77 15 2496
C 77 16 1261
C 77 17 1903
C 77 18 2131
C 77 19 2190
C 77 20 2473
C 77 21 2376
C 77 22 1702
C 77 23 1611
C 77 24 1923
C 77 25 2126
C 77 26 2626
C 77 27 1950
C 77 28 2350
C 77 29 1549
C 77 30 2671
C 77 31 1448
C 77 32 2090
C 77 33 1755
C 77 34 2121
C 77 35 2034
C 77 36 1864
C 77 37 2100
C 77 38 2772
C 77 39 2145
C 77 40 2851
D 38 1 4186
D 38 2 3755
D 38 3 4799
D 38 4 3375
D 38 5 4580
D 38 6 3355
D 38 7 3784
D 38 8 3604
D 38 9 4618
D 38 10 7288
D 38 11 4079
D 38 12 5447
D 38 13 3816
D 38 14 4553
D 38 15 3965
D 38 16 3238
D 38 17 3669
D 38 18 3411
D 38 19 4466
D 38 20 7843
D 38 21 3828
D 38 22 4656
D 38 23 3278
D 38 24 3043
D 38 25 4350
D 38 26 3855
D 38 27 4575
D 38 28 3788
D 38 29 4025
D 38 30 8291
D 38 31 3983
D 38 32 4219
D 38 33 3436
D 38 34 3840
D 38 35 3730
D 38 36 3602
D 38 37 2634
D 38 38 4153
D 38 39 2998
D 38 40 8520
D 49 1 2956
D 49 2 2357
D 49 3 2303
D 49 4 2694
D 49 5 3300
D 49 6 1482
D 49 7 2089
D 49 8 2781
D 49 9 2038
D 49 10 3021
D 49 11 2342
D 49 12 2391
D 49 13 1961
D 49 14 1962
D 49 15 1395
D 49 16 2472
D 49 17 2298
D 49 18 1448
D 49 19 1467
D 49 20 3862
D 49 21 2931
D 49 22 1825
D 49 23 2009
D 49 24 2213
D 49 25 2595
D 49 26 2568
D 49 27 1832
D 49 28 2068
D 49 29 1899
D 49 30 3424
D 49 31 1835
D 49 32 1692
D 49 33 1768
D 49 34 2504
D 49 35 1523
D 49 36 1951
D 49 37 1426
D 49 38 2628
D 49 39 1828
D 49 40 3792
D 59 1 1777
D 59 2 1302
D 59 3 938
D 59 4 801
D 59 5 1810
D 59 6 870
D 59 7 2265
D 59 8 1679
D 59 9 1466
D 59 10 2507
D 59 11 424
D 59 12 1123
D 59 13 1994
D 59 14 1970
D 59 15 670
D 59 16 769
D 59 17 707
D 59 18 1783
D 59 19 731
D 59 20 2058
D 59 21 819
D 59 22 896
D 59 23 1963
D 59 24 1227
D 59 25 955
D 59 26 736
D 59 27 1348
D 59 28 1099
D 59 29 1643
D 59 30 2186
D 59 31 1823
D 59 32 1576
D 59 33 1470
D 59 34 470
D 59 35 884
D 59 36 1148
D 59 37 2531
D 59 38 1553
D 59 39 1805
D 59 40 2819
D 71 1 4543
D 71 2 2870
D 71 3 4319
D 71 4 4708
D 71 5 3548
D 71 6 4134
D 71 7 2860
D 71 8 4443
D 71 9 3537
D 71 10 6325
D 71 11 4341
D 71 12 3842
D 71 13 4014
D 71 14 3275
D 71 15 4039
D 71 16 2992
D 71 17 2670
D 71 18 3835
D 71 19 3985
D 71 20 6402
D 71 21 4256
D 71 22 4169
D 71 23 2673
D 71 24 4624
D 71 25 3952
D 71 26 4106
D 71 27 3897
D 71 28 3666
D 71 29 4142
D 71 30 5573
D 71 31 3818
D 71 32 4232
D 71 33 3387
D 71 34 4736
D 71 35 3425
D 71 36 3505
D 71 37 3464
D 71 38 4348
D 71 39 2943
D 71 40 5762
D 80 1 1323
D 80 2 1776
D 80 3 2225
D 80 4 796
D 80 5 2155
D 80 6 1267
D 80 7 2111
D 80 8 1130
D 80 9 889
D 80 10 2792
D 80 11 852
D 80 12 2071
D 80 13 1650
D 80 14 1928
D 80 15 2209
D 80 16 1087
D 80 17 1133
D 80 18 1461
D 80 19 1917
D 80 20 2855
D 80 21 1204
D 80 22 2048
D 80 23 1801
D 80 24 2515
D 80 25 1663
D 80 26 1492
D 80 27 2340
D 80 28 937
D 80 29 1749
D 80 30 3254
D 80 31 1778
D 80 32 1870
D 80 33 1341
D 80 34 1671
D 80 35 1674
D 80 36 2270
D 80 37 1929
D 80 38 1488
D 80 39 1176
D 80 40 2869
1961 1962 1 732
1961 1962 2 -139
1961 1962 3 606
1961 1962 4 1203
1961 1962 5 1098
1961 1962 6 101
1961 1962 7 405
1961 1962 8 1155
1961 1962 9 583
1961 1962 10 1040
1961 1962 11 -266
1961 1962 12 220
1961 1962 13 919
1961 1962 14 877
1961 1962 15 174
1961 1962 16 206
1961 1962 17 492
1961 1962 18 1275
1961 1962 19 1006
1961 1962 20 1380
1961 1962 21 1040
1961 1962 22 456
1961 1962 23 483
1961 1962 24 692
1961 1962 25 787
1961 1962 26 543
1961 1962 27 336
1961 1962 28 201
1961 1962 29 421
1961 1962 30 954
1961 1962 31 322
1961 1962 32 574
1961 1962 33 644
1961 1962 34 810
1961 1962 35 355
1961 1962 36 -109
1961 1962 37 405
1961 1962 38 1393
1961 1962 39 923
1961 1962 40 2089
2070 2071 1 1985
2070 2071 2 1061
2070 2071 3 1970
2070 2071 4 1356
2070 2071 5 2369
2070 2071 6 991
2070 2071 7 874
2070 2071 8 744
2070 2071 9 1640
2070 2071 10 2801
2070 2071 11 1261
2070 2071 12 2108
2070 2071 13 1826
2070 2071 14 1352
2070 2071 15 1011
2070 2071 16 1482
2070 2071 17 561
2070 2071 18 604
2070 2071 19 2495
2070 2071 20 2953
2070 2071 21 1311
2070 2071 22 1880
2070 2071 23 814
2070 2071 24 1259
2070 2071 25 1637
2070 2071 26 1200
2070 2071 27 1314
2070 2071 28 1042
2070 2071 29 1270
2070 2071 30 3298
2070 2071 31 805
2070 2071 32 1358
2070 2071 33 977
2070 2071 34 1491
2070 2071 35 1086
2070 2071 36 1195
2070 2071 37 1179
2070 2071 38 1960
2070 2071 39 1593
2070 2071 40 3758
