ref
157330
157330
157330
157330
157330
157330
157330
157330
157330
157330
157330
157330
157330
157330
157330
157330
157330
157330
157330
157330
157330
157330
157330
157330
157330
157330
157330
157330
157330
157330
157330
157330
157330
157330
157330
157330
157330
157330
157330
157330
421609
421609
421609
421609
421609
421609
421609
421609
421609
421609
421609
421609
421609
421609
421609
421609
421609
421609
421609
421609
421609
421609
421609
421609
421609
421609
421609
421609
421609
421609
421609
421609
421609
421609
421609
421609
421609
421609
421609
421609
165994
165994
165994
165994
165994
165994
165994
165994
165994
165994
165994
165994
165994
165994
165994
165994
165994
165994
165994
165994
165994
165994
165994
165994
165994
165994
165994
165994
165994
165994
165994
165994
165994
165994
165994
165994
165994
165994
165994
165994
175165
175165
175165
175165
175165
175165
175165
175165
175165
175165
175165
175165
175165
175165
175165
175165
175165
175165
175165
175165
175165
175165
175165
175165
175165
175165
175165
175165
175165
175165
175165
175165
175165
175165
175165
175165
175165
175165
175165
175165
591051
591051
591051
591051
591051
591051
591051
591051
591051
591051
591051
591051
591051
591051
591051
591051
591051
591051
591051
591051
591051
591051
591051
591051
591051
591051
591051
591051
591051
591051
591051
591051
591051
591051
591051
591051
591051
591051
591051
591051
446758
446758
446758
446758
446758
446758
446758
446758
446758
446758
446758
446758
446758
446758
446758
446758
446758
446758
446758
446758
446758
446758
446758
446758
446758
446758
446758
446758
446758
446758
446758
446758
446758
446758
446758
446758
446758
446758
446758
446758
640726
640726
640726
640726
640726
640726
640726
640726
640726
640726
640726
640726
640726
640726
640726
640726
640726
640726
640726
640726
640726
640726
640726
640726
640726
640726
640726
640726
640726
640726
640726
640726
640726
640726
640726
640726
640726
640726
640726
640726
869014
869014
869014
869014
869014
869014
869014
869014
869014
869014
869014
869014
869014
869014
869014
869014
869014
869014
869014
869014
869014
869014
869014
869014
869014
869014
869014
869014
869014
869014
869014
869014
869014
869014
869014
869014
869014
869014
869014
869014
88813
88813
88813
88813
88813
88813
88813
88813
88813
88813
88813
88813
88813
88813
88813
88813
88813
88813
88813
88813
88813
88813
88813
88813
88813
88813
88813
88813
88813
88813
88813
88813
88813
88813
88813
88813
88813
88813
88813
88813
385314
385314
385314
385314
385314
385314
385314
385314
385314
385314
385314
385314
385314
385314
385314
385314
385314
385314
385314
385314
385314
385314
385314
385314
385314
385314
385314
385314
385314
385314
385314
385314
385314
385314
385314
385314
385314
385314
385314
385314
179803
179803
179803
179803
179803
179803
179803
179803
179803
179803
179803
179803
179803
179803
179803
179803
179803
179803
179803
179803
179803
179803
179803
179803
179803
179803
179803
179803
179803
179803
179803
179803
179803
179803
179803
179803
179803
179803
179803
179803
142966
142966
142966
142966
142966
142966
142966
142966
142966
142966
142966
142966
142966
142966
142966
142966
142966
142966
142966
142966
142966
142966
142966
142966
142966
142966
142966
142966
142966
142966
142966
142966
142966
142966
142966
142966
142966
142966
142966
142966
447326
447326
447326
447326
447326
447326
447326
447326
447326
447326
447326
447326
447326
447326
447326
447326
447326
447326
447326
447326
447326
447326
447326
447326
447326
447326
447326
447326
447326
447326
447326
447326
447326
447326
447326
447326
447326
447326
447326
447326
124332
124332
124332
124332
124332
124332
124332
124332
124332
124332
124332
124332
124332
124332
124332
124332
124332
124332
124332
124332
124332
124332
124332
124332
124332
124332
124332
124332
124332
124332
124332
124332
124332
124332
124332
124332
124332
124332
124332
124332
400564
400564
400564
400564
400564
400564
400564
400564
400564
400564
400564
400564
400564
400564
400564
400564
400564
400564
400564
400564
400564
400564
400564
400564
400564
400564
400564
400564
400564
400564
400564
400564
400564
400564
400564
400564
400564
400564
400564
400564
527597
527597
527597
527597
527597
527597
527597
527597
527597
527597
527597
527597
527597
527597
527597
527597
527597
527597
527597
527597
527597
527597
527597
527597
527597
527597
527597
527597
527597
527597
527597
527597
527597
527597
527597
527597
527597
527597
527597
527597
301268
301268
301268
301268
301268
301268
301268
301268
301268
301268
301268
301268
301268
301268
301268
301268
301268
301268
301268
301268
301268
301268
301268
301268
301268
301268
301268
301268
301268
301268
301268
301268
301268
301268
301268
301268
301268
301268
301268
301268
251649
251649
251649
251649
251649
251649
251649
251649
251649
251649
251649
251649
251649
251649
251649
251649
251649
251649
251649
251649
251649
251649
251649
251649
251649
251649
251649
251649
251649
251649
251649
251649
251649
251649
251649
251649
251649
251649
251649
251649
125097
125097
125097
125097
125097
125097
125097
125097
125097
125097
125097
125097
125097
125097
125097
125097
125097
125097
125097
125097
125097
125097
125097
125097
125097
125097
125097
125097
125097
125097
125097
125097
125097
125097
125097
125097
125097
125097
125097
125097
159814
159814
159814
159814
159814
159814
159814
159814
159814
159814
159814
159814
159814
159814
159814
159814
159814
159814
159814
159814
159814
159814
159814
159814
159814
159814
159814
159814
159814
159814
159814
159814
159814
159814
159814
159814
159814
159814
159814
159814
169308
169308
169308
169308
169308
169308
169308
169308
169308
169308
169308
169308
169308
169308
169308
169308
169308
169308
169308
169308
169308
169308
169308
169308
169308
169308
169308
169308
169308
169308
169308
169308
169308
169308
169308
169308
169308
169308
169308
169308
28861
28861
28861
28861
28861
28861
28861
28861
28861
28861
28861
28861
28861
28861
28861
28861
28861
28861
28861
28861
28861
28861
28861
28861
28861
28861
28861
28861
28861
28861
28861
28861
28861
28861
28861
28861
28861
28861
28861
28861
572572
572572
572572
572572
572572
572572
572572
572572
572572
572572
572572
572572
572572
572572
572572
572572
572572
572572
572572
572572
572572
572572
572572
572572
572572
572572
572572
572572
572572
572572
572572
572572
572572
572572
572572
572572
572572
572572
572572
572572
320312
320312
320312
320312
320312
320312
320312
320312
320312
320312
320312
320312
320312
320312
320312
320312
320312
320312
320312
320312
320312
320312
320312
320312
320312
320312
320312
320312
320312
320312
320312
320312
320312
320312
320312
320312
320312
320312
320312
320312
282677
282677
282677
282677
282677
282677
282677
282677
282677
282677
282677
282677
282677
282677
282677
282677
282677
282677
282677
282677
282677
282677
282677
282677
282677
282677
282677
282677
282677
282677
282677
282677
282677
282677
282677
282677
282677
282677
282677
282677
220161
220161
220161
220161
220161
220161
220161
220161
220161
220161
220161
220161
220161
220161
220161
220161
220161
220161
220161
220161
220161
220161
220161
220161
220161
220161
220161
220161
220161
220161
220161
220161
220161
220161
220161
220161
220161
220161
220161
220161
245734
245734
245734
245734
245734
245734
245734
245734
245734
245734
245734
245734
245734
245734
245734
245734
245734
245734
245734
245734
245734
245734
245734
245734
245734
245734
245734
245734
245734
245734
245734
245734
245734
245734
245734
245734
245734
245734
245734
245734
152966
152966
152966
152966
152966
152966
152966
152966
152966
152966
152966
152966
152966
152966
152966
152966
152966
152966
152966
152966
152966
152966
152966
152966
152966
152966
152966
152966
152966
152966
152966
152966
152966
152966
152966
152966
152966
152966
152966
152966
250393
250393
250393
250393
250393
250393
250393
250393
250393
250393
250393
250393
250393
250393
250393
250393
250393
250393
250393
250393
250393
250393
250393
250393
250393
250393
250393
250393
250393
250393
250393
250393
250393
250393
250393
250393
250393
250393
250393
250393
206908
206908
206908
206908
206908
206908
206908
206908
206908
206908
206908
206908
206908
206908
206908
206908
206908
206908
206908
206908
206908
206908
206908
206908
206908
206908
206908
206908
206908
206908
206908
206908
206908
206908
206908
206908
206908
206908
206908
206908
355233
355233
355233
355233
355233
355233
355233
355233
355233
355233
355233
355233
355233
355233
355233
355233
355233
355233
355233
355233
355233
355233
355233
355233
355233
355233
355233
355233
355233
355233
355233
355233
355233
355233
355233
355233
355233
355233
355233
355233
139192
139192
139192
139192
139192
139192
139192
139192
139192
139192
139192
139192
139192
139192
139192
139192
139192
139192
139192
139192
139192
139192
139192
139192
139192
139192
139192
139192
139192
139192
139192
139192
139192
139192
139192
139192
139192
139192
139192
139192
307653
307653
307653
307653
307653
307653
307653
307653
307653
307653
307653
307653
307653
307653
307653
307653
307653
307653
307653
307653
307653
307653
307653
307653
307653
307653
307653
307653
307653
307653
307653
307653
307653
307653
307653
307653
307653
307653
307653
307653
206209
206209
206209
206209
206209
206209
206209
206209
206209
206209
206209
206209
206209
206209
206209
206209
206209
206209
206209
206209
206209
206209
206209
206209
206209
206209
206209
206209
206209
206209
206209
206209
206209
206209
206209
206209
206209
206209
206209
206209
169820
169820
169820
169820
169820
169820
169820
169820
169820
169820
169820
169820
169820
169820
169820
169820
169820
169820
169820
169820
169820
169820
169820
169820
169820
169820
169820
169820
169820
169820
169820
169820
169820
169820
169820
169820
169820
169820
169820
169820
182769
182769
182769
182769
182769
182769
182769
182769
182769
182769
182769
182769
182769
182769
182769
182769
182769
182769
182769
182769
182769
182769
182769
182769
182769
182769
182769
182769
182769
182769
182769
182769
182769
182769
182769
182769
182769
182769
182769
182769
393096
393096
393096
393096
393096
393096
393096
393096
393096
393096
393096
393096
393096
393096
393096
393096
393096
393096
393096
393096
393096
393096
393096
393096
393096
393096
393096
393096
393096
393096
393096
393096
393096
393096
393096
393096
393096
393096
393096
393096
159844
159844
159844
159844
159844
159844
159844
159844
159844
159844
159844
159844
159844
159844
159844
159844
159844
159844
159844
159844
159844
159844
159844
159844
159844
159844
159844
159844
159844
159844
159844
159844
159844
159844
159844
159844
159844
159844
159844
159844
831156
831156
831156
831156
831156
831156
831156
831156
831156
831156
831156
831156
831156
831156
831156
831156
831156
831156
831156
831156
831156
831156
831156
831156
831156
831156
831156
831156
831156
831156
831156
831156
831156
831156
831156
831156
831156
831156
831156
831156
355695
355695
355695
355695
355695
355695
355695
355695
355695
355695
355695
355695
355695
355695
355695
355695
355695
355695
355695
355695
355695
355695
355695
355695
355695
355695
355695
355695
355695
355695
355695
355695
355695
355695
355695
355695
355695
355695
355695
355695
655795
655795
655795
655795
655795
655795
655795
655795
655795
655795
655795
655795
655795
655795
655795
655795
655795
655795
655795
655795
655795
655795
655795
655795
655795
655795
655795
655795
655795
655795
655795
655795
655795
655795
655795
655795
655795
655795
655795
655795
567394
567394
567394
567394
567394
567394
567394
567394
567394
567394
567394
567394
567394
567394
567394
567394
567394
567394
567394
567394
567394
567394
567394
567394
567394
567394
567394
567394
567394
567394
567394
567394
567394
567394
567394
567394
567394
567394
567394
567394
181524
181524
181524
181524
181524
181524
181524
181524
181524
181524
181524
181524
181524
181524
181524
181524
181524
181524
181524
181524
181524
181524
181524
181524
181524
181524
181524
181524
181524
181524
181524
181524
181524
181524
181524
181524
181524
181524
181524
181524
80569
80569
80569
80569
80569
80569
80569
80569
80569
80569
80569
80569
80569
80569
80569
80569
80569
80569
80569
80569
80569
80569
80569
80569
80569
80569
80569
80569
80569
80569
80569
80569
80569
80569
80569
80569
80569
80569
80569
80569
52542
52542
52542
52542
52542
52542
52542
52542
52542
52542
52542
52542
52542
52542
52542
52542
52542
52542
52542
52542
52542
52542
52542
52542
52542
52542
52542
52542
52542
52542
52542
52542
52542
52542
52542
52542
52542
52542
52542
52542
51752
51752
51752
51752
51752
51752
51752
51752
51752
51752
51752
51752
51752
51752
51752
51752
51752
51752
51752
51752
51752
51752
51752
51752
51752
51752
51752
51752
51752
51752
51752
51752
51752
51752
51752
51752
51752
51752
51752
51752
23624
23624
23624
23624
23624
23624
23624
23624
23624
23624
23624
23624
23624
23624
23624
23624
23624
23624
23624
23624
23624
23624
23624
23624
23624
23624
23624
23624
23624
23624
23624
23624
23624
23624
23624
23624
23624
23624
23624
23624
39215
39215
39215
39215
39215
39215
39215
39215
39215
39215
39215
39215
39215
39215
39215
39215
39215
39215
39215
39215
39215
39215
39215
39215
39215
39215
39215
39215
39215
39215
39215
39215
39215
39215
39215
39215
39215
39215
39215
39215
40359
40359
40359
40359
40359
40359
40359
40359
40359
40359
40359
40359
40359
40359
40359
40359
40359
40359
40359
40359
40359
40359
40359
40359
40359
40359
40359
40359
40359
40359
40359
40359
40359
40359
40359
40359
40359
40359
40359
40359
42622
42622
42622
42622
42622
42622
42622
42622
42622
42622
42622
42622
42622
42622
42622
42622
42622
42622
42622
42622
42622
42622
42622
42622
42622
42622
42622
42622
42622
42622
42622
42622
42622
42622
42622
42622
42622
42622
42622
42622
59700
59700
59700
59700
59700
59700
59700
59700
59700
59700
59700
59700
59700
59700
59700
59700
59700
59700
59700
59700
59700
59700
59700
59700
59700
59700
59700
59700
59700
59700
59700
59700
59700
59700
59700
59700
59700
59700
59700
59700
66355
66355
66355
66355
66355
66355
66355
66355
66355
66355
66355
66355
66355
66355
66355
66355
66355
66355
66355
66355
66355
66355
66355
66355
66355
66355
66355
66355
66355
66355
66355
66355
66355
66355
66355
66355
66355
66355
66355
66355
49322
49322
49322
49322
49322
49322
49322
49322
49322
49322
49322
49322
49322
49322
49322
49322
49322
49322
49322
49322
49322
49322
49322
49322
49322
49322
49322
49322
49322
49322
49322
49322
49322
49322
49322
49322
49322
49322
49322
49322
84850
84850
84850
84850
84850
84850
84850
84850
84850
84850
84850
84850
84850
84850
84850
84850
84850
84850
84850
84850
84850
84850
84850
84850
84850
84850
84850
84850
84850
84850
84850
84850
84850
84850
84850
84850
84850
84850
84850
84850
78333
78333
78333
78333
78333
78333
78333
78333
78333
78333
78333
78333
78333
78333
78333
78333
78333
78333
78333
78333
78333
78333
78333
78333
78333
78333
78333
78333
78333
78333
78333
78333
78333
78333
78333
78333
78333
78333
78333
78333
76474
76474
76474
76474
76474
76474
76474
76474
76474
76474
76474
76474
76474
76474
76474
76474
76474
76474
76474
76474
76474
76474
76474
76474
76474
76474
76474
76474
76474
76474
76474
76474
76474
76474
76474
76474
76474
76474
76474
76474
82591
82591
82591
82591
82591
82591
82591
82591
82591
82591
82591
82591
82591
82591
82591
82591
82591
82591
82591
82591
82591
82591
82591
82591
82591
82591
82591
82591
82591
82591
82591
82591
82591
82591
82591
82591
82591
82591
82591
82591
66862
66862
66862
66862
66862
66862
66862
66862
66862
66862
66862
66862
66862
66862
66862
66862
66862
66862
66862
66862
66862
66862
66862
66862
66862
66862
66862
66862
66862
66862
66862
66862
66862
66862
66862
66862
66862
66862
66862
66862
68327
68327
68327
68327
68327
68327
68327
68327
68327
68327
68327
68327
68327
68327
68327
68327
68327
68327
68327
68327
68327
68327
68327
68327
68327
68327
68327
68327
68327
68327
68327
68327
68327
68327
68327
68327
68327
68327
68327
68327
117096
117096
117096
117096
117096
117096
117096
117096
117096
117096
117096
117096
117096
117096
117096
117096
117096
117096
117096
117096
117096
117096
117096
117096
117096
117096
117096
117096
117096
117096
117096
117096
117096
117096
117096
117096
117096
117096
117096
117096
111982
111982
111982
111982
111982
111982
111982
111982
111982
111982
111982
111982
111982
111982
111982
111982
111982
111982
111982
111982
111982
111982
111982
111982
111982
111982
111982
111982
111982
111982
111982
111982
111982
111982
111982
111982
111982
111982
111982
111982
38252
38252
38252
38252
38252
38252
38252
38252
38252
38252
38252
38252
38252
38252
38252
38252
38252
38252
38252
38252
38252
38252
38252
38252
38252
38252
38252
38252
38252
38252
38252
38252
38252
38252
38252
38252
38252
38252
38252
38252
69492
69492
69492
69492
69492
69492
69492
69492
69492
69492
69492
69492
69492
69492
69492
69492
69492
69492
69492
69492
69492
69492
69492
69492
69492
69492
69492
69492
69492
69492
69492
69492
69492
69492
69492
69492
69492
69492
69492
69492
60241
60241
60241
60241
60241
60241
60241
60241
60241
60241
60241
60241
60241
60241
60241
60241
60241
60241
60241
60241
60241
60241
60241
60241
60241
60241
60241
60241
60241
60241
60241
60241
60241
60241
60241
60241
60241
60241
60241
60241
39481
39481
39481
39481
39481
39481
39481
39481
39481
39481
39481
39481
39481
39481
39481
39481
39481
39481
39481
39481
39481
39481
39481
39481
39481
39481
39481
39481
39481
39481
39481
39481
39481
39481
39481
39481
39481
39481
39481
39481
62835
62835
62835
62835
62835
62835
62835
62835
62835
62835
62835
62835
62835
62835
62835
62835
62835
62835
62835
62835
62835
62835
62835
62835
62835
62835
62835
62835
62835
62835
62835
62835
62835
62835
62835
62835
62835
62835
62835
62835
51017
51017
51017
51017
51017
51017
51017
51017
51017
51017
51017
51017
51017
51017
51017
51017
51017
51017
51017
51017
51017
51017
51017
51017
51017
51017
51017
51017
51017
51017
51017
51017
51017
51017
51017
51017
51017
51017
51017
51017
83722
83722
83722
83722
83722
83722
83722
83722
83722
83722
83722
83722
83722
83722
83722
83722
83722
83722
83722
83722
83722
83722
83722
83722
83722
83722
83722
83722
83722
83722
83722
83722
83722
83722
83722
83722
83722
83722
83722
83722
172627
172627
172627
172627
172627
172627
172627
172627
172627
172627
172627
172627
172627
172627
172627
172627
172627
172627
172627
172627
172627
172627
172627
172627
172627
172627
172627
172627
172627
172627
172627
172627
172627
172627
172627
172627
172627
172627
172627
172627
90941
90941
90941
90941
90941
90941
90941
90941
90941
90941
90941
90941
90941
90941
90941
90941
90941
90941
90941
90941
90941
90941
90941
90941
90941
90941
90941
90941
90941
90941
90941
90941
90941
90941
90941
90941
90941
90941
90941
90941
56584
56584
56584
56584
56584
56584
56584
56584
56584
56584
56584
56584
56584
56584
56584
56584
56584
56584
56584
56584
56584
56584
56584
56584
56584
56584
56584
56584
56584
56584
56584
56584
56584
56584
56584
56584
56584
56584
56584
56584
161363
161363
161363
161363
161363
161363
161363
161363
161363
161363
161363
161363
161363
161363
161363
161363
161363
161363
161363
161363
161363
161363
161363
161363
161363
161363
161363
161363
161363
161363
161363
161363
161363
161363
161363
161363
161363
161363
161363
161363
70680
70680
70680
70680
70680
70680
70680
70680
70680
70680
70680
70680
70680
70680
70680
70680
70680
70680
70680
70680
70680
70680
70680
70680
70680
70680
70680
70680
70680
70680
70680
70680
70680
70680
70680
70680
70680
70680
70680
70680
26404
26404
26404
26404
26404
26404
26404
26404
26404
26404
26404
26404
26404
26404
26404
26404
26404
26404
26404
26404
26404
26404
26404
26404
26404
26404
26404
26404
26404
26404
26404
26404
26404
26404
26404
26404
26404
26404
26404
26404
61852
61852
61852
61852
61852
61852
61852
61852
61852
61852
61852
61852
61852
61852
61852
61852
61852
61852
61852
61852
61852
61852
61852
61852
61852
61852
61852
61852
61852
61852
61852
61852
61852
61852
61852
61852
61852
61852
61852
61852
