SS CSH unique_name 900_2.1d_HH289@1@1 900_2.1d_HH289@2@1 900_2.1d_HH289@3@1 900_2.1d_HH289@4@1 900_2.1d_HH289@5@1 900_2.1d_HH289@6@1 900_2.1d_HH289@7@1 900_2.1d_HH289@8@1 900_2.1d_HH289@9@1 900_2.1d_HH289@10@1 900_2.1d_HH289@11@1 900_2.1d_HH289@12@1 900_2.1d_HH289@13@1 900_2.1d_HH289@14@1 900_2.1d_HH289@15@1 900_2.1d_HH289@16@1 900_2.1d_HH289@17@1 
1014 8.046 117.045 1.04 0.99 0.89 0.97 1.05 1.03 0.97 1.00 
1020 8.441 129.372 -9.74 1.16 1.04 0.96 1.01 1.00 1.04 1.09 0.81 
1029 7.199 121.324 0.99 0.94 1.03 1.00 1.05 1.00 0.96 1.04 
1030 8.935 124.992 0.34 1.10 1.03 0.97 0.93 0.97 1.05 1.09 0.75 
1031 9.157 111.995 0.99 1.00 1.00 0.97 0.94 1.10 1.01 1.02 
1032 7.653 118.248 2.42 1.03 1.02 1.02 0.98 0.98 0.98 1.12 0.83 
1033 8.928 109.881 1.03 1.01 1.00 0.97 0.93 1.10 0.99 0.98 
1034 8.238 118.782 107.67 1.05 1.04 1.00 0.99 0.97 0.97 1.11 0.84 
1035 7.028 118.797 0.98 0.82 1.09 1.26 1.13 1.14 1.01 0.97 
1036 8.949 130.624 -1.30 1.12 1.02 0.92 1.07 1.01 1.00 1.04 0.83 
1037 8.854 127.904 1.00 0.90 0.98 1.03 1.02 0.96 1.00 0.99 
1038 8.495 122.255 1.56 1.04 1.05 1.03 0.95 0.98 1.04 1.10 0.83 
1041 8.370 107.757 1.01 1.02 0.98 0.96 0.92 1.11 1.00 1.01 
1042 8.101 122.180 -5.14 1.08 1.04 0.98 0.99 0.99 0.99 1.09 0.83 
1043 8.438 110.351 1.01 1.05 0.96 0.96 0.95 1.07 0.99 1.01 
1044 8.026 127.199 2.12 1.10 1.03 0.95 1.01 1.00 1.02 1.06 0.81 
1045 9.494 115.916 1.00 0.99 0.99 1.00 1.00 1.01 0.98 1.02 
1046 7.149 110.763 1.08 1.00 0.99 0.99 1.02 1.00 0.91 1.14 0.82 
1048 7.525 115.411 0.99 1.01 1.01 1.00 0.98 0.98 1.00 1.02 
1049 8.756 119.812 1.06 1.05 1.05 1.04 0.98 0.96 1.02 1.18 0.82 
1050 8.686 124.345 0.97 0.97 0.90 0.95 1.07 0.89 0.91 0.92 
1051 8.340 127.654 0.29 1.31 0.96 1.02 0.94 0.95 0.99 0.90 0.84 
1052 8.968 126.800 0.99 0.91 1.08 1.02 1.03 0.99 0.99 1.02 
1053 8.188 119.870 0.51 1.01 1.04 1.08 0.93 0.97 1.05 1.11 0.82 
1054 8.089 114.315 0.98 1.00 0.96 0.95 0.98 1.03 0.99 1.01 
1055 8.405 110.608 0.30 0.87 0.94 0.95 1.02 0.94 0.94 1.28 0.77 
1056 7.801 119.146 0.99 0.97 1.01 1.00 0.99 1.03 0.96 1.00 
1059 9.016 123.705 0.25 0.99 1.02 0.91 0.98 1.02 1.04 1.16 0.85 
1062 7.874 115.899 1.00 1.00 0.93 0.90 1.01 1.05 0.96 0.97 
1066 8.098 117.884 1.93 0.97 1.02 1.02 1.04 0.96 1.00 1.14 0.81 
1069 8.285 125.086 1.04 0.93 1.02 1.04 1.07 0.97 0.97 1.02 
1071 8.628 120.317 0.30 1.03 1.03 1.07 0.97 0.98 0.98 1.16 0.83 
1072 8.696 120.104 1.02 0.97 0.98 0.99 0.99 1.01 0.96 1.01 
1073 8.272 132.351 0.38 1.20 1.01 0.96 1.04 1.08 1.12 1.05 0.80 
1077 8.885 124.399 1.01 0.95 1.04 1.03 1.08 0.95 0.98 1.01 
1078 8.508 115.533 1.05 1.02 1.03 1.07 0.95 0.95 1.00 1.21 0.82 
1079 8.417 123.123 1.00 0.94 1.05 1.03 1.02 0.99 0.98 1.02 
1080 8.539 129.008 0.10 1.13 1.00 1.00 0.86 1.03 0.92 1.06 0.80 
1081 8.493 116.457 1.00 0.97 1.01 1.00 0.98 1.06 0.97 1.00 
1082 7.775 107.410 0.22 1.00 0.97 0.97 1.05 1.00 0.90 1.19 0.81 
1083 8.369 118.232 1.00 0.96 1.01 1.00 0.99 1.04 0.97 1.00 
1084 7.398 120.958 0.94 1.06 1.03 0.99 0.99 0.98 0.98 1.09 0.84 
1086 8.738 123.789 1.02 0.94 1.04 1.04 1.03 1.01 0.96 0.97 
1090 8.233 116.721 0.36 1.06 1.00 1.01 1.04 1.02 0.95 1.09 0.86 
1961 9.831 130.017 1.14 0.82 1.11 0.98 1.01 0.83 0.71 0.77 
2031 8.308 111.439 -2.79 0.97 1.03 1.01 1.02 0.92 1.01 1.16 0.81 
2033 8.306 109.816 1.03 0.86 0.96 0.99 0.91 1.10 0.96 0.98 
2041 8.242 111.234 0.32 1.03 1.04 0.97 0.97 1.05 0.96 1.52 0.82 
2043 8.354 110.635 1.02 1.00 0.93 0.95 0.86 1.00 1.06 1.09 
2045 8.245 108.556 0.54 0.97 1.05 0.91 0.91 0.94 0.93 1.17 0.88 
2055 8.174 110.882 0.97 0.98 1.19 1.02 1.00 1.04 0.96 1.14 
2070 10.014 128.477 1.61 1.18 1.08 1.07 0.98 0.90 1.10 0.99 0.82 
2076 8.218 120.425 0.99 1.01 1.03 1.03 1.00 1.01 1.06 1.03 
2077 8.243 126.645 0.54 1.17 1.05 0.86 1.04 0.92 1.13 1.06 0.87 
2078 7.971 119.551 1.01 0.91 1.03 1.09 0.98 1.04 0.97 1.01 
2081 8.267 121.497 35.54 1.08 1.07 1.03 1.04 0.97 0.94 1.12 0.87 
2082 7.881 114.589 1.02 0.94 1.00 1.00 0.93 1.10 1.03 1.03 
2083 8.266 121.065 1.53 1.11 0.98 1.01 1.03 1.00 0.98 1.11 0.86 
2084 7.874 122.587 1.01 0.89 1.00 1.03 1.01 1.05 0.93 0.98 
2094 8.054 126.627 0.51 1.16 0.98 0.93 1.10 0.88 0.97 0.99 0.85 
2095 8.227 127.426 0.96 0.82 1.07 0.99 0.86 0.91 0.99 1.07 
2098 7.899 128.969 14.61 1.12 1.03 0.96 1.11 1.04 1.00 1.06 0.79 
3020 8.645 129.532 1.03 0.89 1.03 1.09 0.98 0.96 1.00 1.02 
3030 9.033 125.238 0.65 1.04 1.10 1.06 0.93 1.01 1.00 1.16 0.85 
3034 8.198 118.822 0.99 0.97 1.02 1.04 1.03 1.08 1.00 0.98 
3041 8.476 107.893 0.54 1.07 0.94 0.90 0.98 0.99 0.90 1.18 0.83 
3043 8.444 109.858 0.92 0.97 1.14 1.03 1.05 1.13 1.07 0.94 
3044 7.970 126.719 2.35 1.05 1.01 0.98 0.95 0.93 0.99 1.00 0.79 
3056 7.712 118.777 0.99 1.06 1.06 0.87 1.23 0.91 0.94 0.86 
3077 8.335 127.161 12.37 1.19 1.01 0.87 1.01 0.95 0.99 0.90 0.90 
4038 8.648 121.740 1.05 0.96 0.96 0.99 1.09 0.97 0.94 1.06 
4049 8.786 119.485 0.76 1.08 1.01 0.99 0.99 0.99 0.95 1.18 0.84 
4071 8.741 120.644 0.98 1.00 1.03 1.02 1.03 1.04 0.97 1.00 
4080 7.822 120.336 0.44 1.02 1.08 0.98 0.97 0.99 0.97 1.04 0.90 
