1014 21036 21469 21365 21282 21926 20676 21841 21495 20905 21452 21162 21525 20951 20655 22838 22801 20199 
1020 45019 45210 48608 45055 45906 47507 46494 47707 48011 48409 48497 47862 48760 47969 50017 50186 44777 
1029 28749 28649 29945 29005 29527 29964 30031 29985 29794 30523 29435 29409 29749 29218 30523 31191 27982 
1030 14165 14318 14977 14427 14629 15180 14947 15484 14895 15410 15210 15040 15400 15065 15719 16508 14198 
1031 72834 72506 72733 72628 72239 72246 72947 71699 72451 70268 69359 72596 69551 69951 74489 75123 67860 
1032 96063 96400 97802 96584 97410 98126 99032 98893 98060 97763 96794 97660 96913 94970 100445 101469 92022 
1033 98747 100034 98726 99369 99335 99311 98206 96754 99740 95837 94685 99321 93946 93449 101852 101043 92374 
1034 183048 183326 187670 183186 186908 187966 188101 188598 187916 186700 184276 186822 183855 181403 191290 191475 175444 
1035 8577 8510 8884 7997 8503 8864 8415 9396 8446 8946 8424 8980 8421 8473 9070 8928 8113 
1036 71134 71404 75486 70582 71356 75509 72447 73569 76061 75371 75676 75900 76066 76297 77846 77466 70128 
1037 28210 28270 29579 28069 29063 28742 29039 29507 29600 29909 30350 29697 29903 29895 31406 31307 27797 
1038 33902 34540 35153 34343 35111 34677 35142 35850 34921 36214 35833 34861 35555 35212 36926 36739 33234 
1041 52034 52411 51708 52332 51963 51477 51809 50894 52117 49919 49541 52149 49366 49487 53192 53524 48466 
1042 120342 120862 125466 120337 122448 125083 123930 125210 124538 125366 125044 124747 124374 122683 127745 128551 116866 
1043 64319 64718 63540 65251 64577 63110 63882 62743 64102 62322 61476 63451 61473 61089 66364 66642 59945 
1044 81397 81497 85361 81075 82300 85987 83809 85341 85765 86103 86262 85545 86471 85403 87951 89583 79991 
1045 56725 56710 57103 56929 57682 57270 57559 57677 57272 57286 56201 56443 55679 55056 58674 59403 53745 
1046 55947 55324 55258 56061 55725 55463 55211 54461 55101 53543 53650 55617 53087 53294 56790 57423 51880 
1048 30272 30192 29620 29812 30026 30206 30628 30639 29704 29430 29795 29533 29172 29183 31796 32113 28360 
1049 29194 28952 29691 28686 29325 29412 29999 29665 29424 29943 29380 29369 29643 28707 31053 30837 27840 
1050 12542 12324 12865 12649 12812 12168 13172 12852 12693 13140 13128 12336 13569 12898 14573 13931 12215 
1051 5548 5502 6233 5308 5193 5960 6017 6046 5867 6072 5912 5861 5843 5812 5491 5951 5448 
1052 83075 82610 87458 83278 84083 87261 86046 86960 86952 88448 87693 87059 87546 87023 89643 90470 81506 
1053 55118 54641 54916 54748 55884 55015 57029 56836 54673 56489 55518 54532 55882 54707 57630 58039 52450 
1054 40996 40611 41352 41413 41603 40681 41957 40970 41026 40572 39874 40494 39675 39407 42732 43059 38613 
1055 17952 18247 16995 17741 17229 17564 17101 17192 17373 17305 16804 17440 16860 16464 18499 18982 16456 
1056 52086 51855 52196 51473 52441 52588 53560 53542 52993 52787 52214 52895 52567 51597 55144 55136 49710 
1059 20048 20592 20536 20293 20494 21765 20771 21019 20777 21015 21241 20512 20886 20784 22349 21376 19674 
1062 15745 15776 16033 16043 16524 15889 17155 16213 15939 16025 15513 15875 15805 15492 16998 16777 15165 
1066 19976 20395 20094 20224 20436 20446 20656 20287 20668 20274 19891 20124 20177 19991 21259 21497 19200 
1069 28833 29435 30152 29093 30055 30294 29811 30377 29905 30867 30707 30299 30677 30252 33026 33346 28655 
1071 13326 13064 13290 13120 13304 12708 13152 13472 13238 13377 13251 13347 13198 12736 13678 13755 12471 
1072 38573 38984 39541 39047 39893 39461 40341 40059 40000 39751 39288 39500 39784 38968 40923 41065 37363 
1073 20383 20305 22129 20674 20763 21684 21231 21472 21887 21898 22734 21814 23079 22327 22851 23044 20487 
1077 27898 28044 28902 28218 28339 28889 29159 29594 28774 29863 29402 28614 29818 29599 30623 30734 27439 
1078 28060 27725 27952 27720 28085 27798 28710 27923 27215 27673 26902 27472 27480 26919 29426 29063 26242 
1079 72212 72339 74942 72417 72865 74820 74784 76062 74846 75548 75309 74914 74858 74154 76859 77758 70276 
1080 13390 13137 13961 13640 13646 14059 14079 14959 13869 14603 14806 14690 14066 14654 15056 15022 13390 
1081 187803 187467 190594 188193 189899 190717 190305 190551 189850 188071 184507 190245 185628 182431 194186 194417 177933 
1082 64040 63881 63931 64149 63073 64178 63118 62198 63691 60785 60783 63699 60477 60116 65393 66566 59416 
1083 175798 175569 178503 175076 177791 178856 179492 179110 179391 178359 175384 179190 175905 173461 183496 183440 167578 
1084 162429 162100 166707 162561 164993 167248 166796 167785 167311 167675 165962 167279 165876 163360 170105 171007 156423 
1086 40719 41033 42021 40650 41208 42047 42056 42898 41842 42477 42003 42326 42705 41811 44438 43864 39653 
1090 21053 21344 21942 21807 21840 21613 21745 21715 22100 21191 21415 22018 21474 21272 22210 22110 20403 
1961 3773 4026 4087 3682 3856 4051 3772 3727 4062 4092 4236 3851 4593 3810 4606 4020 3779 
2031 11775 12303 12102 11850 12026 11633 11671 11772 11887 11758 11238 11603 11684 11401 12226 12410 11138 
2033 10913 11073 11256 10414 10662 10451 10875 10804 10918 10404 10534 11040 10291 10099 10891 10782 10083 
2041 4929 5027 5097 4756 4859 4836 4768 4879 4814 4703 4811 5134 5033 4167 5024 5093 4584 
2043 8850 8953 8869 8880 9027 8692 9118 8903 9264 8566 8957 8950 8323 8577 8960 9344 8367 
2045 5890 6132 6027 5910 6057 6184 5875 5859 5589 6005 5812 5810 5598 5450 5885 5916 5529 
2055 8209 8107 8365 8275 7804 8487 7873 7967 8189 8210 7888 8044 7792 7641 7858 8357 7592 
2070 9366 9009 9764 9125 9498 9530 9847 9898 9793 10091 9566 9651 10092 10098 10030 10176 9149 
2076 15776 15718 16201 16307 16312 16560 16320 16595 16564 16571 16144 16257 15808 16251 16402 16676 15321 
2077 10783 10681 11526 10780 11028 11962 11053 11319 11534 11733 11248 10898 11565 11301 11613 11381 10612 
2078 11509 11595 12283 11732 11778 11979 11917 12419 12251 12159 11777 12030 11722 11536 11974 12048 11218 
2081 21822 21376 22251 21243 21936 22334 22648 22007 22397 22338 22000 22558 21836 21760 23032 22339 20816 
2082 19154 19390 19793 19189 19476 19488 19600 19635 19640 18914 18962 19870 19087 19378 19765 20106 18320 
2083 22151 21479 22632 22000 21770 21980 22119 22459 22843 22474 22507 22316 22138 21608 22739 22605 20931 
2084 23204 23274 24337 22921 23230 23261 23252 23646 24263 24361 23707 24325 24287 23454 23991 23716 22308 
2094 15105 15340 16485 15705 15530 16731 16079 15552 16285 16995 15942 16744 16486 16307 16259 16538 15181 
2095 12235 11986 13251 11931 12104 12530 12615 12582 14136 13068 13266 12643 13069 13014 13004 13466 12053 
2098 22562 22871 24120 22637 23007 24176 23736 23301 24482 23994 24511 24118 24094 24126 24784 25443 22468 
3020 11180 11333 12095 11359 11642 11844 11516 12038 12259 12122 12224 11969 11853 11881 12350 12463 11184 
3030 8773 9021 9210 8788 9225 8875 9115 9412 9091 9378 9412 9192 9216 9303 9980 9414 8671 
3034 18094 18049 18521 18197 18468 18688 18162 18558 18185 18498 17920 18599 17961 18004 18956 18810 17275 
3041 12054 11810 12221 11893 11545 12261 11635 11716 11574 11617 11550 12135 11466 11597 12542 12312 11172 
3043 9710 9285 9696 9539 9213 9802 9013 9152 9186 9427 8964 9497 8548 8852 10301 9969 8833 
3044 12394 12937 13241 12926 12991 13286 13142 13082 12783 13628 13156 13200 13168 13544 13550 14039 12416 
3056 8243 8217 8224 8452 7828 8046 9309 8677 7889 8715 8445 8065 8218 7954 8993 8319 7859 
3077 14542 14592 15834 14967 15080 15852 14787 15637 15681 15809 15415 15982 15872 16003 15144 15276 14498 
4038 25764 26391 26877 26292 26866 26379 27139 27029 26502 27592 26685 26318 27207 26442 27964 28723 25304 
4049 21896 20938 21745 21494 21565 21954 21809 21814 21669 21886 21788 21802 21200 21013 22712 22450 20455 
4071 17824 17633 18093 18058 18326 18644 18121 18271 18439 18726 18251 18613 17880 17621 19057 19025 17211 
4080 10521 10734 10837 10368 10754 10656 10549 10432 10277 10874 10796 10538 10398 10800 11037 10537 10006 
