900_2.1d_HH289 2 8.04646 117.04530 1.042 21036 21469 1014
900_2.1d_HH289 4 8.04666 117.04686 0.992 21365 21282 1014
900_2.1d_HH289 6 8.04702 117.04805 0.892 21926 20676 1014
900_2.1d_HH289 8 8.04696 117.04630 0.969 21841 21495 1014
900_2.1d_HH289 10 8.04718 117.04527 1.054 20905 21452 1014
900_2.1d_HH289 12 8.04639 117.04646 1.035 21162 21525 1014
900_2.1d_HH289 14 8.04653 117.04592 0.972 20951 20655 1014
900_2.1d_HH289 16 8.04681 117.04724 0.997 22838 22801 1014
900_2.1d_HH289 1 8.44089 129.37193 -9.742 20199 45019 1020
900_2.1d_HH289 3 8.44078 129.37221 1.163 45210 48608 1020
900_2.1d_HH289 5 8.44083 129.37351 1.039 45055 45906 1020
900_2.1d_HH289 7 8.44088 129.37380 0.958 47507 46494 1020
900_2.1d_HH289 9 8.44087 129.37355 1.013 47707 48011 1020
900_2.1d_HH289 11 8.44076 129.37478 1.004 48409 48497 1020
900_2.1d_HH289 13 8.44097 129.37463 1.038 47862 48760 1020
900_2.1d_HH289 15 8.44085 129.37367 1.089 47969 50017 1020
900_2.1d_HH289 17 8.44084 129.37350 0.805 50186 44777 1020
900_2.1d_HH289 2 7.19886 121.32365 0.993 28749 28649 1029
900_2.1d_HH289 4 7.19890 121.32303 0.939 29945 29005 1029
900_2.1d_HH289 6 7.19883 121.32295 1.030 29527 29964 1029
900_2.1d_HH289 8 7.19863 121.32230 0.997 30031 29985 1029
900_2.1d_HH289 10 7.19892 121.32150 1.050 29794 30523 1029
900_2.1d_HH289 12 7.19875 121.32510 0.998 29435 29409 1029
900_2.1d_HH289 14 7.19891 121.32287 0.965 29749 29218 1029
900_2.1d_HH289 16 7.19852 121.32133 1.045 30523 31191 1029
900_2.1d_HH289 1 8.93550 124.99150 0.339 27982 14165 1030
900_2.1d_HH289 3 8.93434 124.99332 1.096 14318 14977 1030
900_2.1d_HH289 5 8.93588 124.99052 1.028 14427 14629 1030
900_2.1d_HH289 7 8.93643 124.99196 0.970 15180 14947 1030
900_2.1d_HH289 9 8.93621 124.99274 0.927 15484 14895 1030
900_2.1d_HH289 11 8.93571 124.99687 0.974 15410 15210 1030
900_2.1d_HH289 13 8.93359 124.98616 1.049 15040 15400 1030
900_2.1d_HH289 15 8.93510 124.99085 1.091 15065 15719 1030
900_2.1d_HH289 17 8.93510 124.99085 0.754 16508 14198 1030
900_2.1d_HH289 2 9.15748 111.99522 0.991 72834 72506 1031
900_2.1d_HH289 4 9.15755 111.99626 0.997 72733 72628 1031
900_2.1d_HH289 6 9.15753 111.99502 1.000 72239 72246 1031
900_2.1d_HH289 8 9.15749 111.99513 0.966 72947 71699 1031
900_2.1d_HH289 10 9.15754 111.99521 0.942 72451 70268 1031
900_2.1d_HH289 12 9.15738 111.99545 1.098 69359 72596 1031
900_2.1d_HH289 14 9.15762 111.99668 1.012 69551 69951 1031
900_2.1d_HH289 16 9.15748 111.99479 1.017 74489 75123 1031
900_2.1d_HH289 1 7.65277 118.24771 2.422 67860 96063 1032
900_2.1d_HH289 3 7.65274 118.24646 1.030 96400 97802 1032
900_2.1d_HH289 5 7.65287 118.24794 1.017 96584 97410 1032
900_2.1d_HH289 7 7.65289 118.24804 1.019 98126 99032 1032
900_2.1d_HH289 9 7.65271 118.24535 0.983 98893 98060 1032
900_2.1d_HH289 11 7.65287 118.24761 0.980 97763 96794 1032
900_2.1d_HH289 13 7.65280 118.24625 0.985 97660 96913 1032
900_2.1d_HH289 15 7.65276 118.24573 1.122 94970 100445 1032
900_2.1d_HH289 17 7.65280 118.24672 0.830 101469 92022 1032
900_2.1d_HH289 2 8.92838 109.88128 1.026 98747 100034 1033
900_2.1d_HH289 4 8.92840 109.88165 1.013 98726 99369 1033
900_2.1d_HH289 6 8.92833 109.88062 1.000 99335 99311 1033
900_2.1d_HH289 8 8.92822 109.88121 0.971 98206 96754 1033
900_2.1d_HH289 10 8.92831 109.88239 0.925 99740 95837 1033
900_2.1d_HH289 12 8.92833 109.88075 1.103 94685 99321 1033
900_2.1d_HH289 14 8.92843 109.88319 0.989 93946 93449 1033
900_2.1d_HH289 16 8.92829 109.88060 0.984 101852 101043 1033
900_2.1d_HH289 1 8.23797 118.78152 107.675 92374 183048 1034
900_2.1d_HH289 3 8.23796 118.78100 1.049 183326 187670 1034
900_2.1d_HH289 5 8.23797 118.78131 1.041 183186 186908 1034
900_2.1d_HH289 7 8.23796 118.78156 1.001 187966 188101 1034
900_2.1d_HH289 9 8.23795 118.78118 0.993 188598 187916 1034
900_2.1d_HH289 11 8.23796 118.78168 0.974 186700 184276 1034
900_2.1d_HH289 13 8.23802 118.78148 0.969 186822 183855 1034
900_2.1d_HH289 15 8.23795 118.78084 1.115 181403 191290 1034
900_2.1d_HH289 17 8.23797 118.78130 0.845 191475 175444 1034
900_2.1d_HH289 2 7.02801 118.79655 0.984 8577 8510 1035
900_2.1d_HH289 4 7.02951 118.79991 0.818 8884 7997 1035
900_2.1d_HH289 6 7.02913 118.80493 1.089 8503 8864 1035
900_2.1d_HH289 8 7.03257 118.81004 1.264 8415 9396 1035
900_2.1d_HH289 10 7.02994 118.80294 1.126 8446 8946 1035
900_2.1d_HH289 12 7.03032 118.80743 1.141 8424 8980 1035
900_2.1d_HH289 14 7.03222 118.80549 1.012 8421 8473 1035
900_2.1d_HH289 16 7.03297 118.80685 0.969 9070 8928 1035
900_2.1d_HH289 1 8.94862 130.62436 -1.296 8113 71134 1036
900_2.1d_HH289 3 8.94868 130.62694 1.121 71404 75486 1036
900_2.1d_HH289 5 8.94867 130.62488 1.022 70582 71356 1036
900_2.1d_HH289 7 8.94864 130.62576 0.922 75509 72447 1036
900_2.1d_HH289 9 8.94861 130.62385 1.070 73569 76061 1036
900_2.1d_HH289 11 8.94854 130.62603 1.008 75371 75676 1036
900_2.1d_HH289 13 8.94870 130.62654 1.004 75900 76066 1036
900_2.1d_HH289 15 8.94863 130.62615 1.041 76297 77846 1036
900_2.1d_HH289 17 8.94866 130.62576 0.827 77466 70128 1036
900_2.1d_HH289 2 8.85356 127.90405 1.004 28210 28270 1037
900_2.1d_HH289 4 8.85354 127.90159 0.903 29579 28069 1037
900_2.1d_HH289 6 8.85387 127.90488 0.978 29063 28742 1037
900_2.1d_HH289 8 8.85373 127.90633 1.033 29039 29507 1037
900_2.1d_HH289 10 8.85363 127.90553 1.021 29600 29909 1037
900_2.1d_HH289 12 8.85362 127.90530 0.958 30350 29697 1037
900_2.1d_HH289 14 8.85363 127.90511 0.999 29903 29895 1037
900_2.1d_HH289 16 8.85361 127.90593 0.994 31406 31307 1037
900_2.1d_HH289 1 8.49516 122.25531 1.563 27797 33902 1038
900_2.1d_HH289 3 8.49556 122.25633 1.036 34540 35153 1038
900_2.1d_HH289 5 8.49503 122.25556 1.046 34343 35111 1038
900_2.1d_HH289 7 8.49508 122.25629 1.027 34677 35142 1038
900_2.1d_HH289 9 8.49538 122.25698 0.949 35850 34921 1038
900_2.1d_HH289 11 8.49517 122.25725 0.979 36214 35833 1038
900_2.1d_HH289 13 8.49549 122.25532 1.041 34861 35555 1038
900_2.1d_HH289 15 8.49521 122.25597 1.102 35212 36926 1038
900_2.1d_HH289 17 8.49533 122.25600 0.826 36739 33234 1038
900_2.1d_HH289 2 8.36962 107.75675 1.015 52034 52411 1041
900_2.1d_HH289 4 8.36939 107.75526 1.024 51708 52332 1041
900_2.1d_HH289 6 8.36921 107.75701 0.981 51963 51477 1041
900_2.1d_HH289 8 8.36958 107.75661 0.965 51809 50894 1041
900_2.1d_HH289 10 8.36930 107.75718 0.919 52117 49919 1041
900_2.1d_HH289 12 8.36950 107.75498 1.111 49541 52149 1041
900_2.1d_HH289 14 8.36919 107.75782 1.005 49366 49487 1041
900_2.1d_HH289 16 8.36954 107.75551 1.013 53192 53524 1041
900_2.1d_HH289 1 8.10102 122.18010 -5.141 48466 120342 1042
900_2.1d_HH289 3 8.10108 122.18054 1.079 120862 125466 1042
900_2.1d_HH289 5 8.10105 122.18052 1.036 120337 122448 1042
900_2.1d_HH289 7 8.10105 122.18032 0.982 125083 123930 1042
900_2.1d_HH289 9 8.10097 122.17994 0.989 125210 124538 1042
900_2.1d_HH289 11 8.10105 122.18114 0.995 125366 125044 1042
900_2.1d_HH289 13 8.10101 122.17980 0.994 124747 124374 1042
900_2.1d_HH289 15 8.10106 122.17944 1.086 122683 127745 1042
900_2.1d_HH289 17 8.10103 122.18025 0.833 128551 116866 1042
900_2.1d_HH289 2 8.43795 110.35142 1.012 64319 64718 1043
900_2.1d_HH289 4 8.43797 110.35186 1.055 63540 65251 1043
900_2.1d_HH289 6 8.43803 110.34971 0.956 64577 63110 1043
900_2.1d_HH289 8 8.43805 110.34998 0.965 63882 62743 1043
900_2.1d_HH289 10 8.43805 110.35206 0.946 64102 62322 1043
900_2.1d_HH289 12 8.43806 110.35070 1.066 61476 63451 1043
900_2.1d_HH289 14 8.43798 110.35196 0.988 61473 61089 1043
900_2.1d_HH289 16 8.43805 110.35165 1.008 66364 66642 1043
900_2.1d_HH289 1 8.02630 127.19910 2.115 59945 81397 1044
900_2.1d_HH289 3 8.02641 127.20053 1.100 81497 85361 1044
900_2.1d_HH289 5 8.02636 127.20080 1.031 81075 82300 1044
900_2.1d_HH289 7 8.02635 127.20021 0.951 85987 83809 1044
900_2.1d_HH289 9 8.02637 127.20041 1.010 85341 85765 1044
900_2.1d_HH289 11 8.02629 127.20101 1.004 86103 86262 1044
900_2.1d_HH289 13 8.02634 127.20106 1.022 85545 86471 1044
900_2.1d_HH289 15 8.02640 127.20051 1.062 85403 87951 1044
900_2.1d_HH289 17 8.02634 127.20050 0.807 89583 79991 1044
900_2.1d_HH289 2 9.49414 115.91607 0.999 56725 56710 1045
900_2.1d_HH289 4 9.49404 115.91528 0.994 57103 56929 1045
900_2.1d_HH289 6 9.49408 115.91535 0.986 57682 57270 1045
900_2.1d_HH289 8 9.49399 115.91633 1.004 57559 57677 1045
900_2.1d_HH289 10 9.49422 115.91490 1.000 57272 57286 1045
900_2.1d_HH289 12 9.49402 115.91549 1.009 56201 56443 1045
900_2.1d_HH289 14 9.49389 115.91694 0.978 55679 55056 1045
900_2.1d_HH289 16 9.49386 115.91622 1.025 58674 59403 1045
900_2.1d_HH289 1 7.14917 110.76254 1.085 53745 55947 1046
900_2.1d_HH289 3 7.14925 110.76141 0.998 55324 55258 1046
900_2.1d_HH289 5 7.14942 110.76159 0.988 56061 55725 1046
900_2.1d_HH289 7 7.14952 110.76217 0.991 55463 55211 1046
900_2.1d_HH289 9 7.14942 110.76177 1.024 54461 55101 1046
900_2.1d_HH289 11 7.14933 110.76280 1.004 53543 53650 1046
900_2.1d_HH289 13 7.14934 110.76385 0.913 55617 53087 1046
900_2.1d_HH289 15 7.14939 110.76202 1.140 53294 56790 1046
900_2.1d_HH289 17 7.14932 110.76267 0.824 57423 51880 1046
900_2.1d_HH289 2 7.52506 115.41119 0.995 30272 30192 1048
900_2.1d_HH289 4 7.52514 115.40989 1.013 29620 29812 1048
900_2.1d_HH289 6 7.52528 115.40866 1.012 30026 30206 1048
900_2.1d_HH289 8 7.52521 115.40995 1.001 30628 30639 1048
900_2.1d_HH289 10 7.52531 115.40928 0.982 29704 29430 1048
900_2.1d_HH289 12 7.52522 115.40577 0.983 29795 29533 1048
900_2.1d_HH289 14 7.52526 115.41004 1.001 29172 29183 1048
900_2.1d_HH289 16 7.52500 115.40913 1.020 31796 32113 1048
900_2.1d_HH289 1 8.75630 119.81234 1.061 28360 29194 1049
900_2.1d_HH289 3 8.75626 119.81152 1.052 28952 29691 1049
900_2.1d_HH289 5 8.75632 119.81256 1.046 28686 29325 1049
900_2.1d_HH289 7 8.75633 119.81315 1.041 29412 29999 1049
900_2.1d_HH289 9 8.75622 119.81105 0.984 29665 29424 1049
900_2.1d_HH289 11 8.75607 119.81310 0.963 29943 29380 1049
900_2.1d_HH289 13 8.75637 119.81546 1.019 29369 29643 1049
900_2.1d_HH289 15 8.75605 119.81243 1.178 28707 31053 1049
900_2.1d_HH289 17 8.75632 119.81256 0.823 30837 27840 1049
900_2.1d_HH289 2 8.68634 124.34531 0.966 12542 12324 1050
900_2.1d_HH289 4 8.68626 124.34838 0.967 12865 12649 1050
900_2.1d_HH289 6 8.68669 124.34935 0.904 12812 12168 1050
900_2.1d_HH289 8 8.68662 124.35019 0.953 13172 12852 1050
900_2.1d_HH289 10 8.68663 124.34815 1.073 12693 13140 1050
900_2.1d_HH289 12 8.68654 124.34970 0.886 13128 12336 1050
900_2.1d_HH289 14 8.68643 124.34586 0.906 13569 12898 1050
900_2.1d_HH289 16 8.68685 124.34889 0.916 14573 13931 1050
900_2.1d_HH289 1 8.34036 127.65422 0.294 12215 5548 1051
900_2.1d_HH289 3 8.34015 127.65607 1.306 5502 6233 1051
900_2.1d_HH289 5 8.34062 127.65863 0.958 5308 5193 1051
900_2.1d_HH289 7 8.34048 127.65961 1.019 5960 6017 1051
900_2.1d_HH289 9 8.34009 127.65206 0.942 6046 5867 1051
900_2.1d_HH289 11 8.34052 127.65867 0.949 6072 5912 1051
900_2.1d_HH289 13 8.34061 127.65284 0.994 5861 5843 1051
900_2.1d_HH289 15 8.34151 127.65737 0.895 5812 5491 1051
900_2.1d_HH289 17 8.34054 127.65539 0.844 5951 5448 1051
900_2.1d_HH289 2 8.96810 126.80042 0.989 83075 82610 1052
900_2.1d_HH289 4 8.96817 126.79978 0.909 87458 83278 1052
900_2.1d_HH289 6 8.96817 126.79963 1.079 84083 87261 1052
900_2.1d_HH289 8 8.96802 126.80175 1.021 86046 86960 1052
900_2.1d_HH289 10 8.96813 126.80077 1.035 86952 88448 1052
900_2.1d_HH289 12 8.96814 126.80075 0.986 87693 87059 1052
900_2.1d_HH289 14 8.96817 126.80218 0.988 87546 87023 1052
900_2.1d_HH289 16 8.96817 126.80004 1.019 89643 90470 1052
900_2.1d_HH289 1 8.18825 119.87034 0.511 81506 55118 1053
900_2.1d_HH289 3 8.18835 119.87077 1.010 54641 54916 1053
900_2.1d_HH289 5 8.18831 119.87267 1.042 54748 55884 1053
900_2.1d_HH289 7 8.18827 119.87377 1.076 55015 57029 1053
900_2.1d_HH289 9 8.18829 119.87142 0.927 56836 54673 1053
900_2.1d_HH289 11 8.18831 119.87043 0.966 56489 55518 1053
900_2.1d_HH289 13 8.18826 119.87109 1.051 54532 55882 1053
900_2.1d_HH289 15 8.18828 119.87078 1.113 54707 57630 1053
900_2.1d_HH289 17 8.18827 119.87151 0.824 58039 52450 1053
900_2.1d_HH289 2 8.08914 114.31453 0.981 40996 40611 1054
900_2.1d_HH289 4 8.08934 114.31310 1.003 41352 41413 1054
900_2.1d_HH289 6 8.08929 114.31394 0.957 41603 40681 1054
900_2.1d_HH289 8 8.08894 114.31463 0.954 41957 40970 1054
900_2.1d_HH289 10 8.08926 114.31497 0.978 41026 40572 1054
900_2.1d_HH289 12 8.08932 114.31455 1.032 39874 40494 1054
900_2.1d_HH289 14 8.08914 114.31461 0.987 39675 39407 1054
900_2.1d_HH289 16 8.08932 114.31368 1.015 42732 43059 1054
900_2.1d_HH289 1 8.40464 110.60835 0.303 38613 17952 1055
900_2.1d_HH289 3 8.40432 110.60822 0.872 18247 16995 1055
900_2.1d_HH289 5 8.40454 110.60727 0.944 17741 17229 1055
900_2.1d_HH289 7 8.40422 110.60793 0.949 17564 17101 1055
900_2.1d_HH289 9 8.40448 110.60554 1.021 17192 17373 1055
900_2.1d_HH289 11 8.40403 110.60796 0.944 17305 16804 1055
900_2.1d_HH289 13 8.40396 110.60461 0.936 17440 16860 1055
900_2.1d_HH289 15 8.40404 110.60526 1.282 16464 18499 1055
900_2.1d_HH289 17 8.40427 110.60612 0.765 18982 16456 1055
900_2.1d_HH289 2 7.80150 119.14610 0.991 52086 51855 1056
900_2.1d_HH289 4 7.80120 119.14677 0.973 52196 51473 1056
900_2.1d_HH289 6 7.80124 119.14370 1.006 52441 52588 1056
900_2.1d_HH289 8 7.80139 119.14367 0.999 53560 53542 1056
900_2.1d_HH289 10 7.80114 119.14485 0.992 52993 52787 1056
900_2.1d_HH289 12 7.80122 119.14394 1.026 52214 52895 1056
900_2.1d_HH289 14 7.80142 119.14581 0.964 52567 51597 1056
900_2.1d_HH289 16 7.80145 119.14406 1.000 55144 55136 1056
900_2.1d_HH289 1 9.01597 123.70494 0.253 49710 20048 1059
900_2.1d_HH289 3 9.01526 123.70461 0.995 20592 20536 1059
900_2.1d_HH289 5 9.01566 123.70446 1.020 20293 20494 1059
900_2.1d_HH289 7 9.01537 123.70810 0.913 21765 20771 1059
900_2.1d_HH289 9 9.01603 123.70202 0.977 21019 20777 1059
900_2.1d_HH289 11 9.01670 123.70503 1.022 21015 21241 1059
900_2.1d_HH289 13 9.01658 123.70690 1.037 20512 20886 1059
900_2.1d_HH289 15 9.01576 123.70210 1.163 20784 22349 1059
900_2.1d_HH289 17 9.01612 123.70418 0.853 21376 19674 1059
900_2.1d_HH289 2 7.87432 115.89946 1.004 15745 15776 1062
900_2.1d_HH289 4 7.87438 115.90155 1.001 16033 16043 1062
900_2.1d_HH289 6 7.87441 115.90113 0.926 16524 15889 1062
900_2.1d_HH289 8 7.87457 115.89890 0.896 17155 16213 1062
900_2.1d_HH289 10 7.87433 115.89970 1.011 15939 16025 1062
900_2.1d_HH289 12 7.87433 115.89906 1.048 15513 15875 1062
900_2.1d_HH289 14 7.87472 115.90262 0.961 15805 15492 1062
900_2.1d_HH289 16 7.87409 115.89557 0.974 16998 16777 1062
900_2.1d_HH289 1 8.09764 117.88439 1.929 15165 19976 1066
900_2.1d_HH289 3 8.09772 117.88204 0.971 20395 20094 1066
900_2.1d_HH289 5 8.09661 117.88481 1.021 20224 20436 1066
900_2.1d_HH289 7 8.09726 117.88679 1.021 20446 20656 1066
900_2.1d_HH289 9 8.09764 117.88439 1.038 20287 20668 1066
900_2.1d_HH289 11 8.09750 117.88648 0.963 20274 19891 1066
900_2.1d_HH289 13 8.09657 117.88395 1.005 20124 20177 1066
900_2.1d_HH289 15 8.09775 117.88510 1.135 19991 21259 1066
900_2.1d_HH289 17 8.09764 117.88439 0.807 21497 19200 1066
900_2.1d_HH289 2 8.28462 125.08632 1.043 28833 29435 1069
900_2.1d_HH289 4 8.28426 125.08765 0.932 30152 29093 1069
900_2.1d_HH289 6 8.28457 125.08543 1.016 30055 30294 1069
900_2.1d_HH289 8 8.28475 125.08901 1.039 29811 30377 1069
900_2.1d_HH289 10 8.28442 125.08687 1.066 29905 30867 1069
900_2.1d_HH289 12 8.28464 125.08601 0.974 30707 30299 1069
900_2.1d_HH289 14 8.28466 125.08794 0.973 30677 30252 1069
900_2.1d_HH289 16 8.28451 125.08608 1.020 33026 33346 1069
900_2.1d_HH289 1 8.62808 120.31663 0.303 28655 13326 1071
900_2.1d_HH289 3 8.62742 120.31080 1.035 13064 13290 1071
900_2.1d_HH289 5 8.62748 120.31412 1.028 13120 13304 1071
900_2.1d_HH289 7 8.62753 120.31039 1.072 12708 13152 1071
900_2.1d_HH289 9 8.62777 120.30959 0.966 13472 13238 1071
900_2.1d_HH289 11 8.62785 120.31380 0.981 13377 13251 1071
900_2.1d_HH289 13 8.62785 120.31380 0.978 13347 13198 1071
900_2.1d_HH289 15 8.62768 120.31192 1.160 12736 13678 1071
900_2.1d_HH289 17 8.62785 120.31380 0.829 13755 12471 1071
900_2.1d_HH289 2 8.69582 120.10367 1.022 38573 38984 1072
900_2.1d_HH289 4 8.69612 120.10439 0.975 39541 39047 1072
900_2.1d_HH289 6 8.69642 120.10453 0.979 39893 39461 1072
900_2.1d_HH289 8 8.69607 120.10594 0.986 40341 40059 1072
900_2.1d_HH289 10 8.69613 120.10543 0.988 40000 39751 1072
900_2.1d_HH289 12 8.69603 120.10589 1.011 39288 39500 1072
900_2.1d_HH289 14 8.69585 120.10327 0.960 39784 38968 1072
900_2.1d_HH289 16 8.69577 120.10505 1.007 40923 41065 1072
900_2.1d_HH289 1 8.27158 132.35108 0.375 37363 20383 1073
900_2.1d_HH289 3 8.27176 132.35333 1.197 20305 22129 1073
900_2.1d_HH289 5 8.27182 132.35177 1.009 20674 20763 1073
900_2.1d_HH289 7 8.27181 132.35043 0.959 21684 21231 1073
900_2.1d_HH289 9 8.27172 132.35240 1.039 21472 21887 1073
900_2.1d_HH289 11 8.27195 132.35280 1.079 21898 22734 1073
900_2.1d_HH289 13 8.27189 132.35602 1.123 21814 23079 1073
900_2.1d_HH289 15 8.27207 132.35376 1.048 22327 22851 1073
900_2.1d_HH289 17 8.27186 132.35199 0.800 23044 20487 1073
900_2.1d_HH289 2 8.88488 124.39939 1.011 27898 28044 1077
900_2.1d_HH289 4 8.88466 124.39798 0.954 28902 28218 1077
900_2.1d_HH289 6 8.88463 124.39796 1.040 28339 28889 1077
900_2.1d_HH289 8 8.88428 124.39832 1.030 29159 29594 1077
900_2.1d_HH289 10 8.88468 124.39734 1.079 28774 29863 1077
900_2.1d_HH289 12 8.88461 124.39873 0.948 29402 28614 1077
900_2.1d_HH289 14 8.88460 124.39829 0.985 29818 29599 1077
900_2.1d_HH289 16 8.88505 124.39699 1.007 30623 30734 1077
900_2.1d_HH289 1 8.50808 115.53267 1.046 27439 28060 1078
900_2.1d_HH289 3 8.50831 115.52997 1.017 27725 27952 1078
900_2.1d_HH289 5 8.50809 115.53139 1.027 27720 28085 1078
900_2.1d_HH289 7 8.50821 115.53281 1.068 27798 28710 1078
900_2.1d_HH289 9 8.50791 115.53091 0.951 27923 27215 1078
900_2.1d_HH289 11 8.50805 115.53202 0.946 27673 26902 1078
900_2.1d_HH289 13 8.50838 115.53267 1.001 27472 27480 1078
900_2.1d_HH289 15 8.50820 115.53034 1.205 26919 29426 1078
900_2.1d_HH289 17 8.50805 115.53202 0.823 29063 26242 1078
900_2.1d_HH289 2 8.41695 123.12251 1.004 72212 72339 1079
900_2.1d_HH289 4 8.41689 123.12268 0.935 74942 72417 1079
900_2.1d_HH289 6 8.41687 123.12214 1.055 72865 74820 1079
900_2.1d_HH289 8 8.41677 123.12457 1.035 74784 76062 1079
900_2.1d_HH289 10 8.41685 123.12290 1.019 74846 75548 1079
900_2.1d_HH289 12 8.41683 123.12248 0.990 75309 74914 1079
900_2.1d_HH289 14 8.41684 123.12353 0.981 74858 74154 1079
900_2.1d_HH289 16 8.41675 123.12216 1.024 76859 77758 1079
900_2.1d_HH289 1 8.53869 129.00764 0.105 70276 13390 1080
900_2.1d_HH289 3 8.53849 129.00815 1.134 13137 13961 1080
900_2.1d_HH289 5 8.53858 129.00859 1.001 13640 13646 1080
900_2.1d_HH289 7 8.53882 129.00580 1.003 14059 14079 1080
900_2.1d_HH289 9 8.53834 129.00877 0.864 14959 13869 1080
900_2.1d_HH289 11 8.53853 129.00834 1.028 14603 14806 1080
900_2.1d_HH289 13 8.53830 129.00935 0.919 14690 14066 1080
900_2.1d_HH289 15 8.53912 129.01036 1.056 14654 15056 1080
900_2.1d_HH289 17 8.53870 129.00858 0.804 15022 13390 1080
900_2.1d_HH289 2 8.49306 116.45657 0.996 187803 187467 1081
900_2.1d_HH289 4 8.49306 116.45700 0.975 190594 188193 1081
900_2.1d_HH289 6 8.49303 116.45629 1.009 189899 190717 1081
900_2.1d_HH289 8 8.49304 116.45702 1.003 190305 190551 1081
900_2.1d_HH289 10 8.49303 116.45680 0.981 189850 188071 1081
900_2.1d_HH289 12 8.49303 116.45657 1.064 184507 190245 1081
900_2.1d_HH289 14 8.49302 116.45739 0.966 185628 182431 1081
900_2.1d_HH289 16 8.49306 116.45627 1.002 194186 194417 1081
900_2.1d_HH289 1 7.77515 107.40999 0.219 177933 64040 1082
900_2.1d_HH289 3 7.77487 107.40950 1.002 63881 63931 1082
900_2.1d_HH289 5 7.77498 107.41024 0.967 64149 63073 1082
900_2.1d_HH289 7 7.77508 107.41023 0.968 64178 63118 1082
900_2.1d_HH289 9 7.77533 107.40980 1.049 62198 63691 1082
900_2.1d_HH289 11 7.77485 107.41147 1.000 60785 60783 1082
900_2.1d_HH289 13 7.77495 107.41174 0.904 63699 60477 1082
900_2.1d_HH289 15 7.77491 107.41137 1.192 60116 65393 1082
900_2.1d_HH289 17 7.77498 107.41039 0.806 66566 59416 1082
900_2.1d_HH289 2 8.36932 118.23172 0.997 175798 175569 1083
900_2.1d_HH289 4 8.36929 118.23196 0.962 178503 175076 1083
900_2.1d_HH289 6 8.36933 118.23139 1.012 177791 178856 1083
900_2.1d_HH289 8 8.36932 118.23231 0.996 179492 179110 1083
900_2.1d_HH289 10 8.36929 118.23210 0.989 179391 178359 1083
900_2.1d_HH289 12 8.36929 118.23140 1.044 175384 179190 1083
900_2.1d_HH289 14 8.36932 118.23197 0.973 175905 173461 1083
900_2.1d_HH289 16 8.36933 118.23160 0.999 183496 183440 1083
900_2.1d_HH289 1 7.39845 120.95765 0.940 167578 162429 1084
900_2.1d_HH289 3 7.39850 120.95748 1.059 162100 166707 1084
900_2.1d_HH289 5 7.39848 120.95796 1.030 162561 164993 1084
900_2.1d_HH289 7 7.39849 120.95837 0.995 167248 166796 1084
900_2.1d_HH289 9 7.39846 120.95739 0.994 167785 167311 1084
900_2.1d_HH289 11 7.39847 120.95767 0.980 167675 165962 1084
900_2.1d_HH289 13 7.39848 120.95797 0.983 167279 165876 1084
900_2.1d_HH289 15 7.39849 120.95734 1.086 163360 170105 1084
900_2.1d_HH289 17 7.39848 120.95769 0.843 171007 156423 1084
900_2.1d_HH289 2 8.73834 123.78893 1.016 40719 41033 1086
900_2.1d_HH289 4 8.73865 123.78978 0.937 42021 40650 1086
900_2.1d_HH289 6 8.73830 123.78911 1.042 41208 42047 1086
900_2.1d_HH289 8 8.73817 123.79055 1.041 42056 42898 1086
900_2.1d_HH289 10 8.73861 123.79102 1.031 41842 42477 1086
900_2.1d_HH289 12 8.73852 123.78939 1.015 42003 42326 1086
900_2.1d_HH289 14 8.73853 123.78929 0.959 42705 41811 1086
900_2.1d_HH289 16 8.73833 123.79030 0.974 44438 43864 1086
900_2.1d_HH289 1 8.23286 116.72134 0.361 39653 21053 1090
900_2.1d_HH289 3 8.23270 116.72172 1.058 21344 21942 1090
900_2.1d_HH289 5 8.23281 116.72250 1.003 21807 21840 1090
900_2.1d_HH289 7 8.23278 116.72122 1.012 21613 21745 1090
900_2.1d_HH289 9 8.23283 116.72270 1.036 21715 22100 1090
900_2.1d_HH289 11 8.23287 116.72137 1.021 21191 21415 1090
900_2.1d_HH289 13 8.23247 116.72035 0.952 22018 21474 1090
900_2.1d_HH289 15 8.23263 116.72078 1.092 21272 22210 1090
900_2.1d_HH289 17 8.23280 116.72153 0.857 22110 20403 1090
900_2.1d_HH289 2 9.83108 130.01703 1.144 3773 4026 1961
900_2.1d_HH289 4 9.83161 130.02300 0.820 4087 3682 1961
900_2.1d_HH289 6 9.83135 130.02239 1.107 3856 4051 1961
900_2.1d_HH289 8 9.83244 130.01638 0.976 3772 3727 1961
900_2.1d_HH289 10 9.83170 130.02049 1.015 4062 4092 1961
900_2.1d_HH289 12 9.83259 130.01703 0.833 4236 3851 1961
900_2.1d_HH289 14 9.83153 130.01865 0.709 4593 3810 1961
900_2.1d_HH289 16 9.83101 130.02485 0.774 4606 4020 1961
900_2.1d_HH289 1 8.30848 111.43936 -2.792 3779 11775 2031
900_2.1d_HH289 3 8.30814 111.43959 0.968 12303 12102 2031
900_2.1d_HH289 5 8.30848 111.44012 1.030 11850 12026 2031
900_2.1d_HH289 7 8.30830 111.44200 1.007 11633 11671 2031
900_2.1d_HH289 9 8.30837 111.43844 1.020 11772 11887 2031
900_2.1d_HH289 11 8.30800 111.43838 0.915 11758 11238 2031
900_2.1d_HH289 13 8.30843 111.44170 1.014 11603 11684 2031
900_2.1d_HH289 15 8.30838 111.44215 1.156 11401 12226 2031
900_2.1d_HH289 17 8.30830 111.44052 0.814 12410 11138 2031
900_2.1d_HH289 2 8.30637 109.81631 1.030 10913 11073 2033
900_2.1d_HH289 4 8.30575 109.81297 0.861 11256 10414 2033
900_2.1d_HH289 6 8.30590 109.81265 0.961 10662 10451 2033
900_2.1d_HH289 8 8.30560 109.81594 0.987 10875 10804 2033
900_2.1d_HH289 10 8.30629 109.81693 0.910 10918 10404 2033
900_2.1d_HH289 12 8.30530 109.81433 1.101 10534 11040 2033
900_2.1d_HH289 14 8.30626 109.82024 0.963 10291 10099 2033
900_2.1d_HH289 16 8.30557 109.81182 0.980 10891 10782 2033
900_2.1d_HH289 1 8.24198 111.23448 0.323 10083 4929 2041
900_2.1d_HH289 3 8.24012 111.23693 1.028 5027 5097 2041
900_2.1d_HH289 5 8.24165 111.23538 1.044 4756 4859 2041
900_2.1d_HH289 7 8.24104 111.24340 0.972 4836 4768 2041
900_2.1d_HH289 9 8.24219 111.24034 0.974 4879 4814 2041
900_2.1d_HH289 11 8.24153 111.23662 1.047 4703 4811 2041
900_2.1d_HH289 13 8.24240 111.25256 0.961 5134 5033 2041
900_2.1d_HH289 15 8.24116 111.23291 1.518 4167 5024 2041
900_2.1d_HH289 17 8.24158 111.23881 0.818 5093 4584 2041
900_2.1d_HH289 2 8.35371 110.63472 1.024 8850 8953 2043
900_2.1d_HH289 4 8.35354 110.63528 1.002 8869 8880 2043
900_2.1d_HH289 6 8.35327 110.63626 0.928 9027 8692 2043
900_2.1d_HH289 8 8.35334 110.63612 0.954 9118 8903 2043
900_2.1d_HH289 10 8.35324 110.63071 0.860 9264 8566 2043
900_2.1d_HH289 12 8.35335 110.63681 0.998 8957 8950 2043
900_2.1d_HH289 14 8.35341 110.63416 1.063 8323 8577 2043
900_2.1d_HH289 16 8.35368 110.64114 1.090 8960 9344 2043
900_2.1d_HH289 1 8.24527 108.55584 0.543 8367 5890 2045
900_2.1d_HH289 3 8.24573 108.56082 0.966 6132 6027 2045
900_2.1d_HH289 5 8.24590 108.55645 1.051 5910 6057 2045
900_2.1d_HH289 7 8.24513 108.55978 0.905 6184 5875 2045
900_2.1d_HH289 9 8.24629 108.55515 0.912 5859 5589 2045
900_2.1d_HH289 11 8.24629 108.54707 0.938 6005 5812 2045
900_2.1d_HH289 13 8.24583 108.55707 0.930 5810 5598 2045
900_2.1d_HH289 15 8.24583 108.55707 1.173 5450 5885 2045
900_2.1d_HH289 17 8.24583 108.55707 0.877 5916 5529 2045
900_2.1d_HH289 2 8.17379 110.88190 0.975 8209 8107 2055
900_2.1d_HH289 4 8.17362 110.87867 0.979 8365 8275 2055
900_2.1d_HH289 6 8.17399 110.87226 1.192 7804 8487 2055
900_2.1d_HH289 8 8.17395 110.88296 1.024 7873 7967 2055
900_2.1d_HH289 10 8.17361 110.87564 1.005 8189 8210 2055
900_2.1d_HH289 12 8.17374 110.87500 1.040 7888 8044 2055
900_2.1d_HH289 14 8.17381 110.87525 0.962 7792 7641 2055
900_2.1d_HH289 16 8.17349 110.87505 1.136 7858 8357 2055
900_2.1d_HH289 1 10.01440 128.47680 1.610 7592 9366 2070
900_2.1d_HH289 3 10.01447 128.47740 1.183 9009 9764 2070
900_2.1d_HH289 5 10.01441 128.48358 1.085 9125 9498 2070
900_2.1d_HH289 7 10.01400 128.47828 1.069 9530 9847 2070
900_2.1d_HH289 9 10.01400 128.47531 0.979 9898 9793 2070
900_2.1d_HH289 11 10.01387 128.47913 0.901 10091 9566 2070
900_2.1d_HH289 13 10.01410 128.47550 1.096 9651 10092 2070
900_2.1d_HH289 15 10.01439 128.47820 0.987 10098 10030 2070
900_2.1d_HH289 17 10.01415 128.47725 0.817 10176 9149 2070
900_2.1d_HH289 2 8.21824 120.42475 0.993 15776 15718 2076
900_2.1d_HH289 4 8.21812 120.42258 1.013 16201 16307 2076
900_2.1d_HH289 6 8.21821 120.42324 1.031 16312 16560 2076
900_2.1d_HH289 8 8.21827 120.42537 1.034 16320 16595 2076
900_2.1d_HH289 10 8.21800 120.42703 1.001 16564 16571 2076
900_2.1d_HH289 12 8.21826 120.42150 1.014 16144 16257 2076
900_2.1d_HH289 14 8.21801 120.42510 1.058 15808 16251 2076
900_2.1d_HH289 16 8.21817 120.41992 1.034 16402 16676 2076
900_2.1d_HH289 1 8.24273 126.64467 0.543 15321 10783 2077
900_2.1d_HH289 3 8.24336 126.64451 1.172 10681 11526 2077
900_2.1d_HH289 5 8.24273 126.63975 1.047 10780 11028 2077
900_2.1d_HH289 7 8.24287 126.64290 0.859 11962 11053 2077
900_2.1d_HH289 9 8.24287 126.64525 1.039 11319 11534 2077
900_2.1d_HH289 11 8.24267 126.64623 0.921 11733 11248 2077
900_2.1d_HH289 13 8.24295 126.64771 1.130 10898 11565 2077
900_2.1d_HH289 15 8.24304 126.64517 1.057 11301 11613 2077
900_2.1d_HH289 17 8.24290 126.64465 0.873 11381 10612 2077
900_2.1d_HH289 2 7.97147 119.55071 1.015 11509 11595 2078
900_2.1d_HH289 4 7.97176 119.54461 0.914 12283 11732 2078
900_2.1d_HH289 6 7.97150 119.54700 1.035 11778 11979 2078
900_2.1d_HH289 8 7.97166 119.55244 1.088 11917 12419 2078
900_2.1d_HH289 10 7.97181 119.54563 0.985 12251 12159 2078
900_2.1d_HH289 12 7.97134 119.54833 1.044 11777 12030 2078
900_2.1d_HH289 14 7.97131 119.54955 0.969 11722 11536 2078
900_2.1d_HH289 16 7.97161 119.54300 1.012 11974 12048 2078
900_2.1d_HH289 1 8.26676 121.49651 35.541 11218 21822 2081
900_2.1d_HH289 3 8.26686 121.49617 1.085 21376 22251 2081
900_2.1d_HH289 5 8.26687 121.49591 1.067 21243 21936 2081
900_2.1d_HH289 7 8.26694 121.49654 1.029 22334 22648 2081
900_2.1d_HH289 9 8.26667 121.49456 1.036 22007 22397 2081
900_2.1d_HH289 11 8.26696 121.49577 0.970 22338 22000 2081
900_2.1d_HH289 13 8.26685 121.49586 0.938 22558 21836 2081
900_2.1d_HH289 15 8.26697 121.49660 1.124 21760 23032 2081
900_2.1d_HH289 17 8.26687 121.49589 0.872 22339 20816 2081
900_2.1d_HH289 2 7.88143 114.58899 1.025 19154 19390 2082
900_2.1d_HH289 4 7.88102 114.58612 0.941 19793 19189 2082
900_2.1d_HH289 6 7.88134 114.58632 1.001 19476 19488 2082
900_2.1d_HH289 8 7.88121 114.58865 1.004 19600 19635 2082
900_2.1d_HH289 10 7.88145 114.58810 0.929 19640 18914 2082
900_2.1d_HH289 12 7.88136 114.58729 1.101 18962 19870 2082
900_2.1d_HH289 14 7.88137 114.58772 1.031 19087 19378 2082
900_2.1d_HH289 16 7.88130 114.58784 1.035 19765 20106 2082
900_2.1d_HH289 1 8.26589 121.06474 1.529 18320 22151 2083
900_2.1d_HH289 3 8.26595 121.06455 1.113 21479 22632 2083
900_2.1d_HH289 5 8.26586 121.06528 0.979 22000 21770 2083
900_2.1d_HH289 7 8.26582 121.06678 1.013 21980 22119 2083
900_2.1d_HH289 9 8.26596 121.06410 1.035 22459 22843 2083
900_2.1d_HH289 11 8.26603 121.06634 1.003 22474 22507 2083
900_2.1d_HH289 13 8.26586 121.06546 0.984 22316 22138 2083
900_2.1d_HH289 15 8.26579 121.06413 1.110 21608 22739 2083
900_2.1d_HH289 17 8.26587 121.06521 0.862 22605 20931 2083
900_2.1d_HH289 2 7.87394 122.58691 1.006 23204 23274 2084
900_2.1d_HH289 4 7.87381 122.58423 0.890 24337 22921 2084
900_2.1d_HH289 6 7.87370 122.58463 1.003 23230 23261 2084
900_2.1d_HH289 8 7.87382 122.58499 1.034 23252 23646 2084
900_2.1d_HH289 10 7.87375 122.58796 1.008 24263 24361 2084
900_2.1d_HH289 12 7.87397 122.58425 1.054 23707 24325 2084
900_2.1d_HH289 14 7.87386 122.58565 0.934 24287 23454 2084
900_2.1d_HH289 16 7.87414 122.58310 0.977 23991 23716 2084
900_2.1d_HH289 1 8.05365 126.62696 0.512 22308 15105 2094
900_2.1d_HH289 3 8.05349 126.62565 1.161 15340 16485 2094
900_2.1d_HH289 5 8.05339 126.62736 0.978 15705 15530 2094
900_2.1d_HH289 7 8.05325 126.62392 0.925 16731 16079 2094
900_2.1d_HH289 9 8.05375 126.62716 1.099 15552 16285 2094
900_2.1d_HH289 11 8.05359 126.62428 0.883 16995 15942 2094
900_2.1d_HH289 13 8.05347 126.62802 0.970 16744 16486 2094
900_2.1d_HH289 15 8.05354 126.62580 0.994 16307 16259 2094
900_2.1d_HH289 17 8.05346 126.62590 0.848 16538 15181 2094
900_2.1d_HH289 2 8.22730 127.42556 0.960 12235 11986 2095
900_2.1d_HH289 4 8.22705 127.42587 0.819 13251 11931 2095
900_2.1d_HH289 6 8.22692 127.42686 1.073 12104 12530 2095
900_2.1d_HH289 8 8.22725 127.42732 0.995 12615 12582 2095
900_2.1d_HH289 10 8.22691 127.42754 0.860 14136 13068 2095
900_2.1d_HH289 12 8.22702 127.42578 0.910 13266 12643 2095
900_2.1d_HH289 14 8.22705 127.42587 0.992 13069 13014 2095
900_2.1d_HH289 16 8.22697 127.42310 1.074 13004 13466 2095
900_2.1d_HH289 1 7.89889 128.96919 14.613 12053 22562 2098
900_2.1d_HH289 3 7.89879 128.96979 1.116 22871 24120 2098
900_2.1d_HH289 5 7.89887 128.96761 1.033 22637 23007 2098
900_2.1d_HH289 7 7.89902 128.97032 0.964 24176 23736 2098
900_2.1d_HH289 9 7.89853 128.96995 1.107 23301 24482 2098
900_2.1d_HH289 11 7.89872 128.96954 1.044 23994 24511 2098
900_2.1d_HH289 13 7.89864 128.96999 0.998 24118 24094 2098
900_2.1d_HH289 15 7.89889 128.97267 1.056 24126 24784 2098
900_2.1d_HH289 17 7.89884 128.97000 0.791 25443 22468 2098
900_2.1d_HH289 2 8.64519 129.53170 1.028 11180 11333 3020
900_2.1d_HH289 4 8.64510 129.52526 0.885 12095 11359 3020
900_2.1d_HH289 6 8.64547 129.52773 1.035 11642 11844 3020
900_2.1d_HH289 8 8.64532 129.52795 1.095 11516 12038 3020
900_2.1d_HH289 10 8.64486 129.52795 0.978 12259 12122 3020
900_2.1d_HH289 12 8.64514 129.53027 0.959 12224 11969 3020
900_2.1d_HH289 14 8.64497 129.53130 1.005 11853 11881 3020
900_2.1d_HH289 16 8.64516 129.53125 1.018 12350 12463 3020
900_2.1d_HH289 1 9.03337 125.23841 0.645 11184 8773 3030
900_2.1d_HH289 3 9.03359 125.23846 1.043 9021 9210 3030
900_2.1d_HH289 5 9.03370 125.23797 1.105 8788 9225 3030
900_2.1d_HH289 7 9.03346 125.23557 1.056 8875 9115 3030
900_2.1d_HH289 9 9.03251 125.23836 0.934 9412 9091 3030
900_2.1d_HH289 11 9.03388 125.23580 1.007 9378 9412 3030
900_2.1d_HH289 13 9.03343 125.23573 1.005 9192 9216 3030
900_2.1d_HH289 15 9.03366 125.23093 1.157 9303 9980 3030
900_2.1d_HH289 17 9.03346 125.23557 0.854 9414 8671 3030
900_2.1d_HH289 2 8.19787 118.82224 0.995 18094 18049 3034
900_2.1d_HH289 4 8.19805 118.82208 0.966 18521 18197 3034
900_2.1d_HH289 6 8.19804 118.81876 1.024 18468 18688 3034
900_2.1d_HH289 8 8.19792 118.82168 1.045 18162 18558 3034
900_2.1d_HH289 10 8.19808 118.82268 1.035 18185 18498 3034
900_2.1d_HH289 12 8.19777 118.81689 1.079 17920 18599 3034
900_2.1d_HH289 14 8.19853 118.82074 1.005 17961 18004 3034
900_2.1d_HH289 16 8.19786 118.81989 0.985 18956 18810 3034
900_2.1d_HH289 1 8.47650 107.89347 0.536 17275 12054 3041
900_2.1d_HH289 3 8.47662 107.89196 1.072 11810 12221 3041
900_2.1d_HH289 5 8.47659 107.89183 0.943 11893 11545 3041
900_2.1d_HH289 7 8.47629 107.89367 0.903 12261 11635 3041
900_2.1d_HH289 9 8.47646 107.89229 0.976 11716 11574 3041
900_2.1d_HH289 11 8.47581 107.89568 0.989 11617 11550 3041
900_2.1d_HH289 13 8.47595 107.89349 0.896 12135 11466 3041
900_2.1d_HH289 15 8.47598 107.89689 1.177 11597 12542 3041
900_2.1d_HH289 17 8.47627 107.89283 0.831 12312 11172 3041
900_2.1d_HH289 2 8.44436 109.85795 0.916 9710 9285 3043
900_2.1d_HH289 4 8.44392 109.85483 0.968 9696 9539 3043
900_2.1d_HH289 6 8.44419 109.85597 1.137 9213 9802 3043
900_2.1d_HH289 8 8.44419 109.85597 1.031 9013 9152 3043
900_2.1d_HH289 10 8.44418 109.85511 1.054 9186 9427 3043
900_2.1d_HH289 12 8.44387 109.85448 1.126 8964 9497 3043
900_2.1d_HH289 14 8.44419 109.85597 1.074 8548 8852 3043
900_2.1d_HH289 16 8.44393 109.85790 0.938 10301 9969 3043
900_2.1d_HH289 1 7.97030 126.71941 2.351 8833 12394 3044
900_2.1d_HH289 3 7.97062 126.71648 1.048 12937 13241 3044
900_2.1d_HH289 5 7.97048 126.72105 1.010 12926 12991 3044
900_2.1d_HH289 7 7.97034 126.72239 0.979 13286 13142 3044
900_2.1d_HH289 9 7.97055 126.72152 0.955 13082 12783 3044
900_2.1d_HH289 11 7.97060 126.72382 0.933 13628 13156 3044
900_2.1d_HH289 13 7.97046 126.72489 0.995 13200 13168 3044
900_2.1d_HH289 15 7.97055 126.72156 1.001 13544 13550 3044
900_2.1d_HH289 17 7.97047 126.72052 0.793 14039 12416 3044
900_2.1d_HH289 2 7.71189 118.77737 0.994 8243 8217 3056
900_2.1d_HH289 4 7.71211 118.78214 1.057 8224 8452 3056
900_2.1d_HH289 6 7.71061 118.78019 1.057 7828 8046 3056
900_2.1d_HH289 8 7.71165 118.77929 0.873 9309 8677 3056
900_2.1d_HH289 10 7.71067 118.77659 1.234 7889 8715 3056
900_2.1d_HH289 12 7.71163 118.77865 0.914 8445 8065 3056
900_2.1d_HH289 14 7.71170 118.77865 0.938 8218 7954 3056
900_2.1d_HH289 16 7.71215 118.77634 0.861 8993 8319 3056
900_2.1d_HH289 1 8.33501 127.16099 12.366 7859 14542 3077
900_2.1d_HH289 3 8.33473 127.16269 1.186 14592 15834 3077
900_2.1d_HH289 5 8.33516 127.16249 1.015 14967 15080 3077
900_2.1d_HH289 7 8.33490 127.16252 0.874 15852 14787 3077
900_2.1d_HH289 9 8.33515 127.16650 1.006 15637 15681 3077
900_2.1d_HH289 11 8.33486 127.16312 0.951 15809 15415 3077
900_2.1d_HH289 13 8.33498 127.16372 0.986 15982 15872 3077
900_2.1d_HH289 15 8.33499 127.16450 0.898 16003 15144 3077
900_2.1d_HH289 17 8.33498 127.16390 0.903 15276 14498 3077
900_2.1d_HH289 2 8.64842 121.73978 1.050 25764 26391 4038
900_2.1d_HH289 4 8.64830 121.74063 0.957 26877 26292 4038
900_2.1d_HH289 6 8.64868 121.74031 0.964 26866 26379 4038
900_2.1d_HH289 8 8.64821 121.74112 0.992 27139 27029 4038
900_2.1d_HH289 10 8.64824 121.73835 1.086 26502 27592 4038
900_2.1d_HH289 12 8.64840 121.73858 0.973 26685 26318 4038
900_2.1d_HH289 14 8.64835 121.74171 0.945 27207 26442 4038
900_2.1d_HH289 16 8.64855 121.73762 1.056 27964 28723 4038
900_2.1d_HH289 1 8.78561 119.48520 0.763 25304 21896 4049
900_2.1d_HH289 3 8.78564 119.48368 1.080 20938 21745 4049
900_2.1d_HH289 5 8.78575 119.48495 1.007 21494 21565 4049
900_2.1d_HH289 7 8.78583 119.48518 0.987 21954 21809 4049
900_2.1d_HH289 9 8.78562 119.48465 0.987 21814 21669 4049
900_2.1d_HH289 11 8.78554 119.48386 0.991 21886 21788 4049
900_2.1d_HH289 13 8.78570 119.48336 0.946 21802 21200 4049
900_2.1d_HH289 15 8.78587 119.48248 1.176 21013 22712 4049
900_2.1d_HH289 17 8.78575 119.48386 0.837 22450 20455 4049
900_2.1d_HH289 2 8.74103 120.64372 0.979 17824 17633 4071
900_2.1d_HH289 4 8.74043 120.64644 0.996 18093 18058 4071
900_2.1d_HH289 6 8.74120 120.64166 1.035 18326 18644 4071
900_2.1d_HH289 8 8.74068 120.64664 1.017 18121 18271 4071
900_2.1d_HH289 10 8.74081 120.64653 1.032 18439 18726 4071
900_2.1d_HH289 12 8.74139 120.64283 1.040 18251 18613 4071
900_2.1d_HH289 14 8.74110 120.64784 0.971 17880 17621 4071
900_2.1d_HH289 16 8.74138 120.64351 0.997 19057 19025 4071
900_2.1d_HH289 1 7.82163 120.33586 0.440 17211 10521 4080
900_2.1d_HH289 3 7.82135 120.33949 1.019 10734 10837 4080
900_2.1d_HH289 5 7.82160 120.33982 1.077 10368 10754 4080
900_2.1d_HH289 7 7.82154 120.34176 0.980 10656 10549 4080
900_2.1d_HH289 9 7.82155 120.34016 0.971 10432 10277 4080
900_2.1d_HH289 11 7.82145 120.33880 0.986 10874 10796 4080
900_2.1d_HH289 13 7.82158 120.33828 0.974 10538 10398 4080
900_2.1d_HH289 15 7.82147 120.33689 1.045 10800 11037 4080
900_2.1d_HH289 17 7.82153 120.33874 0.904 10537 10006 4080
