900_2.1d_HH289 7.82163 120.33586 1 10521 4080
900_2.1d_HH289 7.82172 120.33784 2 10734 4080
900_2.1d_HH289 7.82135 120.33949 3 10837 4080
900_2.1d_HH289 7.82154 120.33865 4 10368 4080
900_2.1d_HH289 7.82160 120.33982 5 10754 4080
900_2.1d_HH289 7.82128 120.33519 6 10656 4080
900_2.1d_HH289 7.82154 120.34176 7 10549 4080
900_2.1d_HH289 7.82133 120.34424 8 10432 4080
900_2.1d_HH289 7.82155 120.34016 9 10277 4080
900_2.1d_HH289 7.82143 120.33844 10 10874 4080
900_2.1d_HH289 7.82145 120.33880 11 10796 4080
900_2.1d_HH289 7.82149 120.33720 12 10538 4080
900_2.1d_HH289 7.82158 120.33828 13 10398 4080
900_2.1d_HH289 7.82160 120.33949 14 10800 4080
900_2.1d_HH289 7.82147 120.33689 15 11037 4080
900_2.1d_HH289 7.82199 120.33793 16 10537 4080
900_2.1d_HH289 7.82153 120.33874 17 10006 4080
