103,33240
103,19250
103,16360
103.25,11480
103.75,16940
104,16500
104.25,15420
104.5,14750
105,18740
105.25,10970
105.5,16840
105.75,14520
106.25,16910
106.5,23170
106.75,24250
107,21340
107.25,16130
107.5,16010
107.75,16220
108,24810
108.25,20510
108.5,20000
108.75,22860
109,16920
109.25,15800
109.5,18550
109.75,17070
110,15920
110.25,18980
110.5,14010
110.75,19860
111,21340
111.25,19680
111.5,14180
111.75,18600
112,16990
112.25,17520
112.5,17820
112.75,18430
113,16400
113.25,25160
113.5,14480
113.75,8580
114,17060
114.25,15410
114.5,20350
114.75,15890
115,14150
115.25,16030
115.5,19740
115.75,19850
116,12710
116.25,16660
116.5,14850
116.75,19870
117,21610
117.25,20120
117.5,13790
117.75,12440
118,18390
118.25,18070
118.5,17010
118.75,9370
119,16200
119,16930
119,17740
119.25,14820
119.5,13720
119.75,8870
120,4320
120.25,980
120.5,12720
120.75,9170
121,14940
121.25,18190
121.5,10760
121.75,15800
122,13990
122.25,13940
122.5,18230
122.75,13040
123,15290
123.25,17270
123.5,13740
123.75,15500
124,16800
124.25,15920
124.5,17280
124.75,14800
125,21720
125.25,22710
125.5,25800
125.75,15650
126,15410
126.25,24320
126.5,12360
126.75,20980
127,16560
127.25,15990
127.5,20900
127.75,18350
128,11400
128.25,17550
128.5,20520
128.75,17650
129,21470
129.25,14360
129.5,19960
129.75,22640
130,18320
130.25,12740
130.5,17090
130.75,13820
131,22260
131.25,17250
131.5,15430
131.75,10610
132,14440
132.25,17210
132.5,15200
132.75,22320
133,17350
133.25,16980
133.5,24880
