A14 42589 43945 34689 47883 56808 41029 55495 67340 39580 50640 52558 38174 55205 31017 90958 105143 
A20 54000 51320 118130 50680 78470 112590 87080 117000 97620 126720 139320 106070 137530 135920 183790 174700 
A29 40010 62700 76040 47170 66770 70390 80460 82730 78990 67590 67160 75600 60480 70100 119490 118550 
A30 26052 26644 44176 23888 35210 37873 32600 43316 33176 53435 53104 39916 55785 51654 66648 85787 
A31 194590 186980 229040 202700 211840 214840 195150 186880 204710 136970 143450 211470 127650 124180 280410 290590 
A32 181170 181910 195330 186010 218420 214710 236040 239480 207550 219470 177970 210650 180760 161550 294430 305400 
A33 231040 224250 243270 239280 239590 244480 227400 184330 244350 154420 145420 250490 147600 109040 308560 342800 
A34 261560 269210 398070 258160 317310 400660 353170 379080 391870 338470 280780 373360 271510 224640 502370 516570 
A35 38423 18827 38728 11061 38968 22876 33277 23367 41811 32884 17704 35367 23071 26763 52669 48421 
A36 59720 59890 180710 74800 55580 173540 100060 129080 176400 154940 180300 192350 165380 177370 252070 251860 
A37 39820 19060 60820 26010 41930 57760 53570 56370 72540 70480 74780 61070 93550 81360 137670 124400 
A38 41400 46030 68110 48910 58350 56800 62660 78270 54310 93110 69110 63210 75960 67360 113150 114090 
A41 144100 145080 143700 132600 132430 150140 124070 80640 150100 94940 77690 152710 76850 25560 209510 202170 
A42 118230 113720 217870 111120 180040 220370 219430 214500 215540 213890 214980 214440 209580 186870 288580 303620 
A43 134490 135270 117470 144540 144250 113600 138690 119640 103720 101520 71870 111250 73360 69180 218980 221120 
A44 94280 100150 190080 105130 114680 190410 138560 178250 193050 196250 198450 194300 204680 185790 283160 286830 
A45 97370 114250 116230 99250 133140 123080 137490 123260 105660 113190 77980 122730 76660 80210 180370 190490 
A46 132890 134890 129930 126200 139950 131100 131500 108520 129730 87420 60200 120860 54980 49390 163560 179230 
A48 52100 47209 50107 64166 59866 62088 50057 63206 59053 58622 36785 60269 40748 41187 101676 90596 
A49 42548 38341 59048 44284 45094 53289 67748 65082 60352 61696 46290 60225 52546 39425 88733 94853 
A50 15791 8789 19884 20319 38280 22520 43045 46366 27380 51211 43865 18276 51014 46952 76325 75006 
A51 9245 8498 13060 13310 4470 16864 4525 14349 27147 9457 18807 19293 23716 9650 22499 15581 
A52 87520 84540 214620 80900 135060 208410 181470 216090 218050 219770 238020 213980 237440 215560 304960 309590 
A53 85860 96460 95130 94460 110600 82690 140160 140370 81550 128760 123550 86710 116600 81540 184180 190400 
A54 96780 104480 78900 89980 93470 86550 94660 99020 82380 74870 66540 85970 63780 40630 151830 151020 
A55 60240 53547 28580 62433 65349 28963 59176 49020 41323 34932 27637 30909 25286 15232 87029 92702 
A56 64890 76440 102990 75410 102820 97280 113720 108900 107860 110250 100540 104680 90040 79390 160510 170490 
A59 17531 29161 43052 36347 31049 50521 49999 54557 41662 50994 43274 60905 41010 37911 68134 75019 
A62 34870 37414 38603 40827 45561 34167 45832 38124 33013 34024 30146 51580 28042 18132 78119 77545 
A66 47233 39297 41240 45517 49832 46870 63494 59133 44064 38540 42521 44907 37999 41119 77991 92400 
A69 41080 35930 53410 44420 46970 57540 56880 63510 54630 70730 69530 57050 71360 55250 139720 144430 
A71 29292 24461 32635 20779 33139 41310 36753 44357 29742 29871 32959 28207 35310 20555 57501 56229 
A72 59070 67970 77700 77080 79730 80800 100780 88580 88710 87050 72810 77930 80150 54640 114100 136900 
A73 31820 30973 60288 27041 10218 65709 21216 46725 43571 43439 52303 59562 57910 60006 108469 91745 
A77 41560 37350 62990 35930 62010 57250 63600 86060 67390 94570 70870 58930 86950 67880 116440 129080 
A78 68699 60359 51329 54159 70749 46979 78269 65789 49749 62419 46559 45119 58619 28709 103769 107969 
A79 88510 82290 121230 97850 105070 148530 138680 156260 138000 159320 163000 149000 157890 116130 201800 200020 
A80 14716 5608 27178 9134 20595 29777 30782 40084 32187 43785 48509 31028 53947 40400 65057 66325 
A81 272860 262480 335030 264220 321530 333030 347780 321770 345800 329200 251540 338540 234930 205130 453520 475730 
A82 181870 177100 183070 177490 161990 154810 149440 116300 159950 79790 56010 183910 47670 37240 225000 254590 
A83 225420 229830 273470 237900 255920 284650 263570 285490 279960 258060 234640 287420 211480 190360 413140 416760 
A84 184370 202650 274170 202880 218940 311790 252970 271390 293620 282010 255080 292200 262310 243060 421810 398130 
A86 38850 42760 68810 54180 59610 70040 65000 83920 70290 81160 79580 71320 83070 68240 129550 129790 
A90 36542 41348 54994 40472 48776 54327 49690 51887 51827 42359 33764 48980 40598 23783 58477 73220 
1961 6856 388 16845 4297 5849 4474 12564 206 9153 9479 12823 3656 10791 15938 14602 20943 
B31 35165 42995 29819 37824 33877 16096 21693 21642 31437 20142 26795 35291 12238 10307 27894 32935 
B33 37877 36732 35291 30459 35707 34771 32475 23709 39909 23232 24325 32792 21059 13027 47000 42807 
B41 15264 16200 23561 19143 14426 15800 13623 9570 10827 9943 4396 19306 3901 -106 22468 20148 
B43 36780 31791 28899 36477 35936 28204 32165 21264 38481 27359 13917 24566 12960 18049 46911 50211 
B45 25139 34238 28239 20637 31681 33473 15878 21554 23445 22993 3893 24210 11615 13087 35096 33258 
B55 22251 39362 46334 23215 35941 29508 23238 16353 30648 12922 10153 26584 13525 15356 50461 36751 
B70 4865 12092 31075 11817 18945 23498 15515 24282 26243 31719 41209 36228 39285 35563 41057 49316 
B76 17488 27844 32712 28114 27314 36674 28604 28819 38414 46558 39102 34123 39350 40565 43407 41009 
B77 12976 24391 43642 12070 24228 35561 31128 37953 47324 37288 28579 40067 40916 44224 40679 39845 
B78 22294 25767 44402 18215 31409 23491 24863 31498 30935 27709 24562 37563 37426 26312 36727 37597 
B81 33958 40472 55617 33540 46698 60526 62067 53898 54678 51195 48375 67569 47309 39468 74518 70121 
B82 48193 47600 57223 48387 56595 57835 48916 41844 54323 36403 38900 57171 32101 14081 57417 70496 
B83 28754 33774 56372 41558 43976 68248 54825 48359 52868 54727 42824 56997 45867 34589 48674 61814 
B84 31279 45823 71938 33675 54624 67211 51883 48665 67775 64497 61530 58019 58590 45762 85169 75666 
B94 18231 16528 45885 1312 21258 43704 34125 43953 49340 38231 46421 41196 46925 33290 56303 56313 
B95 18004 21168 46063 24956 30159 38977 32902 43235 57034 42837 50664 45465 50628 54468 57507 57042 
B98 47180 30870 81320 46740 43120 91250 67620 68060 93350 73740 93170 84670 98490 104180 97920 92600 
C20 7022 11035 16624 8627 23354 28709 21342 33059 23369 34204 26194 27588 32083 29243 46136 45345 
C30 8514 10625 21269 12702 16753 25971 11609 16645 20277 19453 14322 29301 20395 14099 35723 33624 
C34 39179 44159 57545 38429 49025 54164 53624 59576 61057 44075 42576 59492 43984 34092 71693 74267 
C41 30272 18321 21075 24510 21963 31930 20521 15548 29207 22123 8460 22816 12217 2156 33981 44732 
C43 12381 12937 18907 17398 24181 24694 13472 16589 28438 10794 13740 18618 12696 5030 34344 47798 
C44 6229 7295 24621 7580 21355 37167 8632 26472 25839 32252 28505 23631 30631 28455 43640 50269 
C56 10864 10273 12993 10350 7653 12112 15522 18776 9710 17009 13986 12738 13475 12560 28413 28704 
C77 28636 30136 47140 23817 32687 52769 43636 41776 48200 52617 60450 52119 59417 45893 45298 44423 
D38 36254 45725 47318 38395 60159 41860 70135 80705 37317 61430 58580 49894 67215 51263 93165 96495 
D49 29653 24639 37105 31416 34471 29559 37178 42390 24843 38006 55183 38441 33245 24845 59680 58807 
D59 8258 4303 18120 6530 10192 14432 5974 16579 12257 17174 10242 18441 16203 10975 21840 18131 
D71 30265 23243 35340 40155 37383 38259 53298 48012 44185 51213 57371 51745 44004 37979 57207 67251 
D80 17769 21823 31785 28932 27825 35644 24138 38606 37586 29340 24372 43686 33390 18324 36768 35160 
