700_W2AW4A_B_SF_22 2 8.03786 117.25714 1.003 895651 897007 1014
700_W2AW4A_B_SF_22 4 8.03786 117.25714 1.030 887751 900945 1014
700_W2AW4A_B_SF_22 6 8.03786 117.25714 0.966 909870 894091 1014
700_W2AW4A_B_SF_22 8 8.03786 117.25714 1.026 908557 920402 1014
700_W2AW4A_B_SF_22 10 8.03786 117.25714 1.025 892642 903702 1014
700_W2AW4A_B_SF_22 12 8.03786 117.25714 0.969 905620 891236 1014
700_W2AW4A_B_SF_22 14 8.03786 117.25714 0.948 908267 884079 1014
700_W2AW4A_B_SF_22 16 8.03786 117.25714 1.031 944020 958205 1014
700_W2AW4A_B_SF_22 1 8.42162 129.55555 -15.355 853062 1824980 1020
700_W2AW4A_B_SF_22 3 8.42169 129.55616 1.076 1822300 1889110 1020
700_W2AW4A_B_SF_22 5 8.42164 129.55576 1.031 1821660 1849450 1020
700_W2AW4A_B_SF_22 7 8.42169 129.55704 0.973 1883570 1858060 1020
700_W2AW4A_B_SF_22 9 8.42162 129.55629 0.980 1887980 1868600 1020
700_W2AW4A_B_SF_22 11 8.42159 129.55820 1.013 1897700 1910300 1020
700_W2AW4A_B_SF_22 13 8.42169 129.55832 1.034 1877050 1908510 1020
700_W2AW4A_B_SF_22 15 8.42153 129.55660 1.051 1906900 1954770 1020
700_W2AW4A_B_SF_22 17 8.42163 129.55663 0.835 1945680 1770980 1020
700_W2AW4A_B_SF_22 2 7.17891 121.47492 1.038 1224320 1247010 1029
700_W2AW4A_B_SF_22 4 7.17894 121.47681 0.955 1260350 1231480 1029
700_W2AW4A_B_SF_22 6 7.17878 121.47615 1.006 1251080 1254700 1029
700_W2AW4A_B_SF_22 8 7.17890 121.47630 1.004 1264770 1267040 1029
700_W2AW4A_B_SF_22 10 7.17888 121.47714 0.982 1263300 1251900 1029
700_W2AW4A_B_SF_22 12 7.17875 121.47540 1.014 1251470 1259910 1029
700_W2AW4A_B_SF_22 14 7.17899 121.47629 1.016 1244790 1254410 1029
700_W2AW4A_B_SF_22 16 7.17900 121.47448 0.999 1303800 1302860 1029
700_W2AW4A_B_SF_22 1 8.92837 125.19004 0.450 1184310 735317 1030
700_W2AW4A_B_SF_22 3 8.92819 125.19182 1.049 735909 753441 1030
700_W2AW4A_B_SF_22 5 8.92860 125.18963 1.031 733153 744475 1030
700_W2AW4A_B_SF_22 7 8.92847 125.19148 0.986 747138 741865 1030
700_W2AW4A_B_SF_22 9 8.92861 125.18831 0.973 752581 742441 1030
700_W2AW4A_B_SF_22 11 8.92800 125.19042 0.999 762700 762369 1030
700_W2AW4A_B_SF_22 13 8.92867 125.19110 1.043 749181 765050 1030
700_W2AW4A_B_SF_22 15 8.92836 125.18740 1.040 760919 775913 1030
700_W2AW4A_B_SF_22 17 8.92835 125.19048 0.805 795052 709265 1030
700_W2AW4A_B_SF_22 2 9.13348 112.14990 0.995 3336090 3328480 1031
700_W2AW4A_B_SF_22 4 9.13348 112.14990 0.984 3370540 3344200 1031
700_W2AW4A_B_SF_22 6 9.13348 112.14990 1.002 3353340 3356340 1031
700_W2AW4A_B_SF_22 8 9.13348 112.14990 0.995 3336650 3328380 1031
700_W2AW4A_B_SF_22 10 9.13348 112.14990 0.960 3346210 3278470 1031
700_W2AW4A_B_SF_22 12 9.13348 112.14990 1.042 3284950 3352970 1031
700_W2AW4A_B_SF_22 14 9.13348 112.14990 0.998 3269150 3265680 1031
700_W2AW4A_B_SF_22 16 9.13348 112.14990 1.006 3421910 3432090 1031
700_W2AW4A_B_SF_22 1 7.63019 118.37030 1.335 3141500 3592060 1032
700_W2AW4A_B_SF_22 3 7.63021 118.36931 1.007 3592800 3606220 1032
700_W2AW4A_B_SF_22 5 7.63013 118.37037 1.018 3596900 3629310 1032
700_W2AW4A_B_SF_22 7 7.63016 118.37073 1.012 3625600 3646930 1032
700_W2AW4A_B_SF_22 9 7.63017 118.36992 0.983 3650370 3618440 1032
700_W2AW4A_B_SF_22 11 7.63015 118.37127 0.977 3630360 3588860 1032
700_W2AW4A_B_SF_22 13 7.63013 118.37119 0.984 3621540 3591650 1032
700_W2AW4A_B_SF_22 15 7.63013 118.36914 1.077 3572440 3705320 1032
700_W2AW4A_B_SF_22 17 7.63015 118.37022 0.848 3716290 3410890 1032
700_W2AW4A_B_SF_22 2 8.90472 110.03639 0.996 3767350 3760560 1033
700_W2AW4A_B_SF_22 4 8.90472 110.03639 0.998 3779580 3775590 1033
700_W2AW4A_B_SF_22 6 8.90472 110.03639 1.003 3775900 3780790 1033
700_W2AW4A_B_SF_22 8 8.90472 110.03639 0.977 3763710 3720640 1033
700_W2AW4A_B_SF_22 10 8.90472 110.03639 0.954 3780660 3690730 1033
700_W2AW4A_B_SF_22 12 8.90472 110.03639 1.059 3681730 3786800 1033
700_W2AW4A_B_SF_22 14 8.90472 110.03639 0.979 3683910 3645350 1033
700_W2AW4A_B_SF_22 16 8.90472 110.03639 1.018 3844870 3879110 1033
700_W2AW4A_B_SF_22 1 8.21639 118.93944 4.550 3536310 5798350 1034
700_W2AW4A_B_SF_22 3 8.21634 118.93762 1.045 5806000 5934860 1034
700_W2AW4A_B_SF_22 5 8.21643 118.93906 1.021 5794950 5854100 1034
700_W2AW4A_B_SF_22 7 8.21642 118.93954 0.984 5937450 5889960 1034
700_W2AW4A_B_SF_22 9 8.21646 118.93788 1.004 5915870 5928660 1034
700_W2AW4A_B_SF_22 11 8.21645 118.93919 0.981 5875260 5817570 1034
700_W2AW4A_B_SF_22 13 8.21645 118.93955 0.966 5910150 5808300 1034
700_W2AW4A_B_SF_22 15 8.21631 118.93800 1.101 5761430 6039160 1034
700_W2AW4A_B_SF_22 17 8.21641 118.93883 0.843 6053360 5536790 1034
700_W2AW4A_B_SF_22 2 7.02558 118.95864 0.930 542636 523040 1035
700_W2AW4A_B_SF_22 4 7.02580 118.95701 0.903 542941 515274 1035
700_W2AW4A_B_SF_22 6 7.02534 118.95639 0.942 543181 527089 1035
700_W2AW4A_B_SF_22 8 7.02563 118.95747 0.964 537490 527580 1035
700_W2AW4A_B_SF_22 10 7.02493 118.95887 0.968 546024 537097 1035
700_W2AW4A_B_SF_22 12 7.02510 118.95872 1.070 521917 539580 1035
700_W2AW4A_B_SF_22 14 7.02497 118.95679 1.014 527284 530976 1035
700_W2AW4A_B_SF_22 16 7.02469 118.95699 0.985 556882 552634 1035
700_W2AW4A_B_SF_22 1 8.92914 130.81269 -1.703 504213 2443710 1036
700_W2AW4A_B_SF_22 3 8.92915 130.81352 1.104 2443880 2564700 1036
700_W2AW4A_B_SF_22 5 8.92918 130.81294 0.984 2458790 2439570 1036
700_W2AW4A_B_SF_22 7 8.92929 130.81334 0.944 2557530 2484050 1036
700_W2AW4A_B_SF_22 9 8.92632 130.81363 1.038 2513070 2560390 1036
700_W2AW4A_B_SF_22 11 8.92930 130.81509 1.020 2538930 2564290 1036
700_W2AW4A_B_SF_22 13 8.92632 130.81363 0.979 2576340 2549370 1036
700_W2AW4A_B_SF_22 15 8.92926 130.81296 1.060 2561360 2636060 1036
700_W2AW4A_B_SF_22 17 8.92927 130.81363 0.826 2635850 2383990 1036
700_W2AW4A_B_SF_22 2 8.83502 128.07015 0.963 1111100 1090340 1037
700_W2AW4A_B_SF_22 4 8.83502 128.07015 0.940 1132100 1097290 1037
700_W2AW4A_B_SF_22 6 8.83502 128.07015 1.029 1113210 1129040 1037
700_W2AW4A_B_SF_22 8 8.83502 128.07015 1.005 1124850 1127650 1037
700_W2AW4A_B_SF_22 10 8.83502 128.07015 0.996 1143820 1141760 1037
700_W2AW4A_B_SF_22 12 8.83502 128.07015 0.976 1146060 1132350 1037
700_W2AW4A_B_SF_22 14 8.83502 128.07015 0.979 1164830 1152640 1037
700_W2AW4A_B_SF_22 16 8.83502 128.07015 0.978 1208950 1195680 1037
700_W2AW4A_B_SF_22 1 8.47606 122.42940 1.164 1071280 1152260 1038
700_W2AW4A_B_SF_22 3 8.47556 122.42875 1.039 1156890 1178970 1038
700_W2AW4A_B_SF_22 5 8.47571 122.42972 1.016 1159770 1169210 1038
700_W2AW4A_B_SF_22 7 8.47563 122.42972 1.010 1167660 1173520 1038
700_W2AW4A_B_SF_22 9 8.47540 122.42952 0.960 1189130 1165170 1038
700_W2AW4A_B_SF_22 11 8.47558 122.43096 0.961 1203970 1179970 1038
700_W2AW4A_B_SF_22 13 8.47580 122.43092 1.022 1174070 1186820 1038
700_W2AW4A_B_SF_22 15 8.47564 122.42873 1.081 1178220 1224010 1038
700_W2AW4A_B_SF_22 17 8.47569 122.42948 0.830 1224950 1110860 1038
700_W2AW4A_B_SF_22 2 8.35648 107.86992 1.001 2186350 2187330 1041
700_W2AW4A_B_SF_22 4 8.35648 107.86992 0.990 2185950 2174850 1041
700_W2AW4A_B_SF_22 6 8.35648 107.86992 1.016 2174680 2192390 1041
700_W2AW4A_B_SF_22 8 8.35648 107.86992 0.961 2166320 2122890 1041
700_W2AW4A_B_SF_22 10 8.35648 107.86992 0.951 2192350 2137190 1041
700_W2AW4A_B_SF_22 12 8.35648 107.86992 1.073 2119940 2194960 1041
700_W2AW4A_B_SF_22 14 8.35648 107.86992 0.953 2119100 2067810 1041
700_W2AW4A_B_SF_22 16 8.35648 107.86992 0.994 2251760 2244420 1041
700_W2AW4A_B_SF_22 1 8.08274 122.30824 4.645 2042250 3361000 1042
700_W2AW4A_B_SF_22 3 8.08270 122.30769 1.064 3356490 3460640 1042
700_W2AW4A_B_SF_22 5 8.08267 122.30792 1.042 3353890 3422810 1042
700_W2AW4A_B_SF_22 7 8.08268 122.30886 0.999 3463140 3462200 1042
700_W2AW4A_B_SF_22 9 8.08263 122.30756 1.001 3457270 3458310 1042
700_W2AW4A_B_SF_22 11 8.08265 122.30913 1.001 3456660 3457750 1042
700_W2AW4A_B_SF_22 13 8.08263 122.30882 0.997 3457210 3452350 1042
700_W2AW4A_B_SF_22 15 8.08264 122.30686 1.061 3429640 3531350 1042
700_W2AW4A_B_SF_22 17 8.08267 122.30807 0.842 3546390 3242770 1042
700_W2AW4A_B_SF_22 2 8.42579 110.50719 1.001 2153450 2154230 1043
700_W2AW4A_B_SF_22 4 8.42579 110.50719 1.026 2136430 2163500 1043
700_W2AW4A_B_SF_22 6 8.42579 110.50719 0.972 2163210 2132560 1043
700_W2AW4A_B_SF_22 8 8.42579 110.50719 0.982 2157650 2138600 1043
700_W2AW4A_B_SF_22 10 8.42579 110.50719 0.998 2122680 2120480 1043
700_W2AW4A_B_SF_22 12 8.42579 110.50719 1.038 2090830 2130210 1043
700_W2AW4A_B_SF_22 14 8.42579 110.50719 0.996 2092320 2088140 1043
700_W2AW4A_B_SF_22 16 8.42579 110.50719 1.002 2237940 2240080 1043
700_W2AW4A_B_SF_22 1 8.00983 127.33966 2.706 2018960 2948320 1044
700_W2AW4A_B_SF_22 3 8.00981 127.33965 1.063 2954190 3044120 1044
700_W2AW4A_B_SF_22 5 8.00982 127.34000 1.006 2959170 2968720 1044
700_W2AW4A_B_SF_22 7 8.00976 127.34059 0.967 3044450 2992600 1044
700_W2AW4A_B_SF_22 9 8.00976 127.34047 1.010 3032290 3047090 1044
700_W2AW4A_B_SF_22 11 8.00977 127.34046 1.001 3050290 3052490 1044
700_W2AW4A_B_SF_22 13 8.00977 127.34041 1.007 3048340 3058720 1044
700_W2AW4A_B_SF_22 15 8.00971 127.33951 1.066 3039830 3137200 1044
700_W2AW4A_B_SF_22 17 8.00978 127.34000 0.833 3140870 2854040 1044
700_W2AW4A_B_SF_22 2 9.47266 116.07052 1.017 1988680 2005560 1045
700_W2AW4A_B_SF_22 4 9.47266 116.07052 0.983 2007540 1990560 1045
700_W2AW4A_B_SF_22 6 9.47266 116.07052 0.990 2024450 2014390 1045
700_W2AW4A_B_SF_22 8 9.47266 116.07052 0.986 2028800 2014570 1045
700_W2AW4A_B_SF_22 10 9.47266 116.07052 1.008 1996970 2004500 1045
700_W2AW4A_B_SF_22 12 9.47266 116.07052 1.047 1969290 2014040 1045
700_W2AW4A_B_SF_22 14 9.47266 116.07052 1.004 1967970 1971520 1045
700_W2AW4A_B_SF_22 16 9.47266 116.07052 1.010 2071680 2081800 1045
700_W2AW4A_B_SF_22 1 7.12759 110.88628 1.138 1891310 2013180 1046
700_W2AW4A_B_SF_22 3 7.12759 110.88628 0.995 2015180 2010220 1046
700_W2AW4A_B_SF_22 5 7.12759 110.88628 1.014 2006490 2020240 1046
700_W2AW4A_B_SF_22 7 7.12759 110.88628 1.000 2011390 2011790 1046
700_W2AW4A_B_SF_22 9 7.12759 110.88628 1.022 1988810 2010020 1046
700_W2AW4A_B_SF_22 11 7.12759 110.88628 0.973 1967710 1940490 1046
700_W2AW4A_B_SF_22 13 7.12759 110.88628 0.936 2001150 1935270 1046
700_W2AW4A_B_SF_22 15 7.12759 110.88628 1.126 1929680 2043850 1046
700_W2AW4A_B_SF_22 17 7.12759 110.88628 0.840 2059520 1880290 1046
700_W2AW4A_B_SF_22 2 7.50290 115.51150 0.990 989824 984933 1048
700_W2AW4A_B_SF_22 4 7.50290 115.51150 1.029 987831 1001890 1048
700_W2AW4A_B_SF_22 6 7.50290 115.51150 1.004 997590 999812 1048
700_W2AW4A_B_SF_22 8 7.50290 115.51150 1.027 987781 1000930 1048
700_W2AW4A_B_SF_22 10 7.50290 115.51150 0.999 996777 996346 1048
700_W2AW4A_B_SF_22 12 7.50290 115.51150 1.049 974509 997993 1048
700_W2AW4A_B_SF_22 14 7.50290 115.51150 1.001 978472 978911 1048
700_W2AW4A_B_SF_22 16 7.50290 115.51150 0.979 1039400 1028320 1048
700_W2AW4A_B_SF_22 1 8.73076 119.94127 1.053 937724 962115 1049
700_W2AW4A_B_SF_22 3 8.73091 119.94098 1.044 957908 978615 1049
700_W2AW4A_B_SF_22 5 8.73074 119.94333 1.002 963851 964661 1049
700_W2AW4A_B_SF_22 7 8.73086 119.94293 1.030 972856 987315 1049
700_W2AW4A_B_SF_22 9 8.73093 119.94126 0.990 984649 979919 1049
700_W2AW4A_B_SF_22 11 8.73069 119.94248 0.969 981263 965857 1049
700_W2AW4A_B_SF_22 13 8.73080 119.94082 0.984 979792 972113 1049
700_W2AW4A_B_SF_22 15 8.73086 119.94190 1.108 958992 1008300 1049
700_W2AW4A_B_SF_22 17 8.73083 119.94166 0.829 1014420 919567 1049
700_W2AW4A_B_SF_22 2 8.67358 124.50197 0.978 620819 613817 1050
700_W2AW4A_B_SF_22 4 8.67362 124.50334 1.001 624912 625347 1050
700_W2AW4A_B_SF_22 6 8.67281 124.50144 0.952 643308 627548 1050
700_W2AW4A_B_SF_22 8 8.67341 124.50400 1.010 648073 651394 1050
700_W2AW4A_B_SF_22 10 8.67331 124.50088 1.078 632408 656239 1050
700_W2AW4A_B_SF_22 12 8.67345 124.50244 0.924 648893 623304 1050
700_W2AW4A_B_SF_22 14 8.67337 124.50213 0.988 656042 651980 1050
700_W2AW4A_B_SF_22 16 8.67315 124.49820 0.996 681353 680034 1050
700_W2AW4A_B_SF_22 1 8.33410 127.85953 0.247 605028 239711 1051
700_W2AW4A_B_SF_22 3 8.33410 127.85953 1.039 238964 243526 1051
700_W2AW4A_B_SF_22 5 8.33410 127.85953 0.930 243776 234936 1051
700_W2AW4A_B_SF_22 7 8.33410 127.85953 0.905 247330 234991 1051
700_W2AW4A_B_SF_22 9 8.33410 127.85953 1.110 244815 257613 1051
700_W2AW4A_B_SF_22 11 8.33410 127.85953 1.081 239923 249273 1051
700_W2AW4A_B_SF_22 13 8.33410 127.85953 1.036 249759 254182 1051
700_W2AW4A_B_SF_22 15 8.33410 127.85953 1.113 240116 252965 1051
700_W2AW4A_B_SF_22 17 8.33410 127.85953 0.881 246047 230466 1051
700_W2AW4A_B_SF_22 2 8.96201 126.96202 0.998 3253460 3250480 1052
700_W2AW4A_B_SF_22 4 8.96207 126.96153 0.924 3380560 3246840 1052
700_W2AW4A_B_SF_22 6 8.96208 126.96135 1.045 3301000 3374350 1052
700_W2AW4A_B_SF_22 8 8.96210 126.96230 1.021 3347410 3382030 1052
700_W2AW4A_B_SF_22 10 8.96197 126.96232 1.001 3383990 3385710 1052
700_W2AW4A_B_SF_22 12 8.96207 126.96173 0.986 3403960 3379920 1052
700_W2AW4A_B_SF_22 14 8.96207 126.96261 0.987 3403380 3381500 1052
700_W2AW4A_B_SF_22 16 8.96198 126.96093 1.003 3470900 3475530 1052
700_W2AW4A_B_SF_22 1 8.17090 120.06784 0.437 3165940 1924860 1053
700_W2AW4A_B_SF_22 3 8.17090 120.06784 0.999 1935460 1934130 1053
700_W2AW4A_B_SF_22 5 8.17090 120.06784 1.017 1933460 1949600 1053
700_W2AW4A_B_SF_22 7 8.17090 120.06784 1.062 1921690 1979160 1053
700_W2AW4A_B_SF_22 9 8.17090 120.06784 0.942 1979370 1920550 1053
700_W2AW4A_B_SF_22 11 8.17090 120.06784 0.995 1967760 1962550 1053
700_W2AW4A_B_SF_22 13 8.17090 120.06784 1.032 1925710 1955600 1053
700_W2AW4A_B_SF_22 15 8.17090 120.06784 1.113 1920540 2023180 1053
700_W2AW4A_B_SF_22 17 8.17090 120.06784 0.828 2029400 1839000 1053
700_W2AW4A_B_SF_22 2 8.07742 114.49681 1.010 1557570 1565270 1054
700_W2AW4A_B_SF_22 4 8.07742 114.49681 1.014 1539690 1550770 1054
700_W2AW4A_B_SF_22 6 8.07742 114.49681 0.991 1554260 1547340 1054
700_W2AW4A_B_SF_22 8 8.07742 114.49681 1.006 1555450 1559810 1054
700_W2AW4A_B_SF_22 10 8.07742 114.49681 0.990 1543170 1535660 1054
700_W2AW4A_B_SF_22 12 8.07742 114.49681 1.026 1527330 1546760 1054
700_W2AW4A_B_SF_22 14 8.07742 114.49681 0.970 1524570 1501420 1054
700_W2AW4A_B_SF_22 16 8.07742 114.49681 0.999 1612620 1611810 1054
700_W2AW4A_B_SF_22 1 8.37763 110.74235 0.392 1460790 822606 1055
700_W2AW4A_B_SF_22 3 8.37763 110.74235 0.941 815913 790946 1055
700_W2AW4A_B_SF_22 5 8.37763 110.74235 1.007 824799 827715 1055
700_W2AW4A_B_SF_22 7 8.37763 110.74235 1.079 791329 821542 1055
700_W2AW4A_B_SF_22 9 8.37763 110.74235 0.981 811386 803689 1055
700_W2AW4A_B_SF_22 11 8.37763 110.74235 0.982 797298 790003 1055
700_W2AW4A_B_SF_22 13 8.37763 110.74235 0.986 793275 787652 1055
700_W2AW4A_B_SF_22 15 8.37763 110.74235 1.203 777598 849395 1055
700_W2AW4A_B_SF_22 17 8.37763 110.74235 0.804 855068 762366 1055
700_W2AW4A_B_SF_22 2 7.78364 119.28504 1.013 1731070 1742620 1056
700_W2AW4A_B_SF_22 4 7.78364 119.28504 0.969 1769170 1741590 1056
700_W2AW4A_B_SF_22 6 7.78364 119.28504 0.994 1769000 1763460 1056
700_W2AW4A_B_SF_22 8 7.78364 119.28504 0.995 1779900 1775080 1056
700_W2AW4A_B_SF_22 10 7.78364 119.28504 1.003 1774040 1776430 1056
700_W2AW4A_B_SF_22 12 7.78364 119.28504 1.005 1766720 1770860 1056
700_W2AW4A_B_SF_22 14 7.78364 119.28504 0.988 1756220 1745570 1056
700_W2AW4A_B_SF_22 16 7.78364 119.28504 1.011 1826690 1836670 1056
700_W2AW4A_B_SF_22 1 8.99284 123.83998 0.290 1666180 748653 1059
700_W2AW4A_B_SF_22 3 8.99284 123.83998 1.037 760283 774174 1059
700_W2AW4A_B_SF_22 5 8.99284 123.83998 0.986 767469 762171 1059
700_W2AW4A_B_SF_22 7 8.99284 123.83998 0.999 781643 781121 1059
700_W2AW4A_B_SF_22 9 8.99284 123.83998 0.968 785679 772784 1059
700_W2AW4A_B_SF_22 11 8.99284 123.83998 0.980 782116 774396 1059
700_W2AW4A_B_SF_22 13 8.99284 123.83998 0.951 792027 772132 1059
700_W2AW4A_B_SF_22 15 8.99284 123.83998 1.082 769033 799256 1059
700_W2AW4A_B_SF_22 17 8.99284 123.83998 0.830 806141 731122 1059
700_W2AW4A_B_SF_22 2 7.86522 116.11538 1.007 700874 703418 1062
700_W2AW4A_B_SF_22 4 7.86522 116.11538 1.006 704607 706831 1062
700_W2AW4A_B_SF_22 6 7.86522 116.11538 0.968 711565 700171 1062
700_W2AW4A_B_SF_22 8 7.86522 116.11538 0.979 711836 704128 1062
700_W2AW4A_B_SF_22 10 7.86522 116.11538 1.003 699017 700028 1062
700_W2AW4A_B_SF_22 12 7.86522 116.11538 1.064 696150 717584 1062
700_W2AW4A_B_SF_22 14 7.86522 116.11538 0.972 694046 684136 1062
700_W2AW4A_B_SF_22 16 7.86522 116.11538 0.998 744123 743549 1062
700_W2AW4A_B_SF_22 1 8.07363 118.03759 1.818 666004 859387 1066
700_W2AW4A_B_SF_22 3 8.07363 118.03759 1.005 851451 853394 1066
700_W2AW4A_B_SF_22 5 8.07363 118.03759 1.010 857671 861986 1066
700_W2AW4A_B_SF_22 7 8.07363 118.03759 1.039 859024 875648 1066
700_W2AW4A_B_SF_22 9 8.07363 118.03759 0.966 871287 856218 1066
700_W2AW4A_B_SF_22 11 8.07363 118.03759 1.009 850694 854675 1066
700_W2AW4A_B_SF_22 13 8.07363 118.03759 0.984 857061 850153 1066
700_W2AW4A_B_SF_22 15 8.07363 118.03759 1.090 853273 890145 1066
700_W2AW4A_B_SF_22 17 8.07363 118.03759 0.815 904554 812154 1066
700_W2AW4A_B_SF_22 2 8.26982 125.26190 0.991 1103500 1098350 1069
700_W2AW4A_B_SF_22 4 8.26982 125.26190 0.984 1115830 1106840 1069
700_W2AW4A_B_SF_22 6 8.26982 125.26190 1.019 1109390 1119960 1069
700_W2AW4A_B_SF_22 8 8.26982 125.26190 1.012 1119300 1125930 1069
700_W2AW4A_B_SF_22 10 8.26982 125.26190 1.029 1117050 1133150 1069
700_W2AW4A_B_SF_22 12 8.26982 125.26190 0.978 1131950 1119470 1069
700_W2AW4A_B_SF_22 14 8.26982 125.26190 0.972 1133780 1117670 1069
700_W2AW4A_B_SF_22 16 8.26982 125.26190 1.008 1202140 1206850 1069
700_W2AW4A_B_SF_22 1 8.60875 120.35626 0.378 1062420 582399 1071
700_W2AW4A_B_SF_22 3 8.60986 120.35249 1.029 577568 585742 1071
700_W2AW4A_B_SF_22 5 8.60918 120.35511 1.044 573886 586246 1071
700_W2AW4A_B_SF_22 7 8.60701 120.34456 0.985 594417 589860 1071
700_W2AW4A_B_SF_22 9 8.60701 120.34456 0.952 597464 582849 1071
700_W2AW4A_B_SF_22 11 8.60701 120.34456 1.011 582978 586066 1071
700_W2AW4A_B_SF_22 13 8.60971 120.35405 1.025 581314 588417 1071
700_W2AW4A_B_SF_22 15 8.60701 120.34456 1.138 573662 610608 1071
700_W2AW4A_B_SF_22 17 8.60701 120.34456 0.831 609336 553107 1071
700_W2AW4A_B_SF_22 2 8.66831 120.26909 1.013 1403010 1411910 1072
700_W2AW4A_B_SF_22 4 8.66831 120.26909 0.999 1421640 1421020 1072
700_W2AW4A_B_SF_22 6 8.66831 120.26909 1.002 1423670 1424740 1072
700_W2AW4A_B_SF_22 8 8.66831 120.26909 0.983 1444720 1432520 1072
700_W2AW4A_B_SF_22 10 8.66831 120.26909 0.998 1432650 1430990 1072
700_W2AW4A_B_SF_22 12 8.66831 120.26909 1.007 1416750 1421870 1072
700_W2AW4A_B_SF_22 14 8.66831 120.26909 0.965 1424090 1398580 1072
700_W2AW4A_B_SF_22 16 8.66831 120.26909 1.032 1458040 1480840 1072
700_W2AW4A_B_SF_22 1 8.24957 132.55462 0.457 1343940 842815 1073
700_W2AW4A_B_SF_22 3 8.24957 132.55462 1.072 841968 871283 1073
700_W2AW4A_B_SF_22 5 8.24957 132.55462 0.961 838036 821213 1073
700_W2AW4A_B_SF_22 7 8.24957 132.55462 0.903 876704 832211 1073
700_W2AW4A_B_SF_22 9 8.24957 132.55462 0.993 857720 854566 1073
700_W2AW4A_B_SF_22 11 8.24957 132.55462 1.021 854434 863298 1073
700_W2AW4A_B_SF_22 13 8.24957 132.55462 0.996 870557 868905 1073
700_W2AW4A_B_SF_22 15 8.24957 132.55462 1.118 871001 919464 1073
700_W2AW4A_B_SF_22 17 8.24957 132.55462 0.815 902740 810995 1073
700_W2AW4A_B_SF_22 2 8.87722 124.56698 0.993 1180430 1176220 1077
700_W2AW4A_B_SF_22 4 8.88017 124.56723 0.956 1201860 1174800 1077
700_W2AW4A_B_SF_22 6 8.87722 124.56698 0.992 1200880 1196120 1077
700_W2AW4A_B_SF_22 8 8.87722 124.56698 1.038 1202470 1224930 1077
700_W2AW4A_B_SF_22 10 8.87722 124.56698 1.046 1206260 1233440 1077
700_W2AW4A_B_SF_22 12 8.87985 124.56662 0.980 1209740 1197800 1077
700_W2AW4A_B_SF_22 14 8.87722 124.56698 0.969 1225820 1206750 1077
700_W2AW4A_B_SF_22 16 8.87986 124.56616 1.020 1255310 1267950 1077
700_W2AW4A_B_SF_22 1 8.47981 115.62875 0.883 1138870 1067950 1078
700_W2AW4A_B_SF_22 3 8.47981 115.62875 0.983 1059610 1050580 1078
700_W2AW4A_B_SF_22 5 8.47981 115.62875 1.032 1053410 1070000 1078
700_W2AW4A_B_SF_22 7 8.47981 115.62875 1.062 1046230 1077520 1078
700_W2AW4A_B_SF_22 9 8.47981 115.62875 0.970 1065040 1049000 1078
700_W2AW4A_B_SF_22 11 8.47981 115.62875 0.971 1061670 1045810 1078
700_W2AW4A_B_SF_22 13 8.47981 115.62875 1.026 1044370 1057870 1078
700_W2AW4A_B_SF_22 15 8.47981 115.62875 1.158 1027960 1103020 1078
700_W2AW4A_B_SF_22 17 8.47981 115.62875 0.822 1107220 999251 1078
700_W2AW4A_B_SF_22 2 8.39486 123.25891 0.995 2312120 2305900 1079
700_W2AW4A_B_SF_22 4 8.39769 123.25841 0.980 2344840 2321460 1079
700_W2AW4A_B_SF_22 6 8.39783 123.25920 1.038 2328680 2372140 1079
700_W2AW4A_B_SF_22 8 8.39782 123.25986 1.015 2362290 2379870 1079
700_W2AW4A_B_SF_22 10 8.39769 123.26005 1.018 2361610 2382930 1079
700_W2AW4A_B_SF_22 12 8.39775 123.25911 0.988 2386610 2372610 1079
700_W2AW4A_B_SF_22 14 8.39782 123.25926 0.966 2381500 2339740 1079
700_W2AW4A_B_SF_22 16 8.39486 123.25891 0.999 2425410 2423630 1079
700_W2AW4A_B_SF_22 1 8.53122 129.14734 0.148 2223610 573823 1080
700_W2AW4A_B_SF_22 3 8.53068 129.14771 1.079 564715 586285 1080
700_W2AW4A_B_SF_22 5 8.53040 129.14910 1.041 568241 579702 1080
700_W2AW4A_B_SF_22 7 8.53074 129.14984 1.003 588884 589889 1080
700_W2AW4A_B_SF_22 9 8.53077 129.14773 0.974 599191 591294 1080
700_W2AW4A_B_SF_22 11 8.53083 129.15024 1.016 602892 607616 1080
700_W2AW4A_B_SF_22 13 8.53092 129.15158 1.081 590135 613054 1080
700_W2AW4A_B_SF_22 15 8.53039 129.14714 1.086 599507 624164 1080
700_W2AW4A_B_SF_22 17 8.53078 129.14897 0.808 625432 559107 1080
700_W2AW4A_B_SF_22 2 8.47628 116.59582 0.996 5365940 5355560 1081
700_W2AW4A_B_SF_22 4 8.47628 116.59582 0.974 5428110 5357300 1081
700_W2AW4A_B_SF_22 6 8.47628 116.59582 1.004 5414610 5426110 1081
700_W2AW4A_B_SF_22 8 8.47628 116.59582 0.990 5440860 5414850 1081
700_W2AW4A_B_SF_22 10 8.47628 116.59582 0.994 5438880 5422280 1081
700_W2AW4A_B_SF_22 12 8.47628 116.59582 1.033 5344620 5431620 1081
700_W2AW4A_B_SF_22 14 8.47628 116.59582 0.989 5328010 5298210 1081
700_W2AW4A_B_SF_22 16 8.47628 116.59582 1.008 5546600 5568810 1081
700_W2AW4A_B_SF_22 1 7.75771 107.55739 0.330 5093080 2528120 1082
700_W2AW4A_B_SF_22 3 7.75792 107.55782 1.005 2523350 2529320 1082
700_W2AW4A_B_SF_22 5 7.75776 107.55744 0.988 2523740 2508240 1082
700_W2AW4A_B_SF_22 7 7.75784 107.55797 0.996 2501060 2495690 1082
700_W2AW4A_B_SF_22 9 7.75782 107.55696 1.036 2462550 2506200 1082
700_W2AW4A_B_SF_22 11 7.75780 107.55676 0.981 2426040 2402260 1082
700_W2AW4A_B_SF_22 13 7.75767 107.55651 0.898 2530160 2393920 1082
700_W2AW4A_B_SF_22 15 7.75789 107.55599 1.171 2383490 2571250 1082
700_W2AW4A_B_SF_22 17 7.75782 107.55712 0.822 2600840 2346250 1082
700_W2AW4A_B_SF_22 2 8.34911 118.38682 1.002 4573580 4577990 1083
700_W2AW4A_B_SF_22 4 8.34911 118.38682 0.985 4621630 4586060 1083
700_W2AW4A_B_SF_22 6 8.34911 118.38682 1.013 4604080 4632810 1083
700_W2AW4A_B_SF_22 8 8.34911 118.38682 1.010 4611730 4633650 1083
700_W2AW4A_B_SF_22 10 8.34911 118.38682 0.991 4628120 4606220 1083
700_W2AW4A_B_SF_22 12 8.34911 118.38682 1.023 4582800 4635580 1083
700_W2AW4A_B_SF_22 14 8.34911 118.38682 0.991 4559640 4538520 1083
700_W2AW4A_B_SF_22 16 8.34911 118.38682 1.002 4761300 4764920 1083
700_W2AW4A_B_SF_22 1 7.37936 121.12951 1.098 4348160 4551750 1084
700_W2AW4A_B_SF_22 3 7.37936 121.12951 1.032 4570030 4641550 1084
700_W2AW4A_B_SF_22 5 7.37936 121.12951 1.007 4570260 4586320 1084
700_W2AW4A_B_SF_22 7 7.37936 121.12951 0.975 4679170 4620350 1084
700_W2AW4A_B_SF_22 9 7.37936 121.12951 1.010 4638770 4661000 1084
700_W2AW4A_B_SF_22 11 7.37936 121.12951 0.988 4649390 4622460 1084
700_W2AW4A_B_SF_22 13 7.37936 121.12951 0.987 4659580 4629690 1084
700_W2AW4A_B_SF_22 15 7.37936 121.12951 1.081 4610440 4789190 1084
700_W2AW4A_B_SF_22 17 7.37936 121.12951 0.846 4765510 4367380 1084
700_W2AW4A_B_SF_22 2 8.72222 123.95130 1.006 1235050 1238960 1086
700_W2AW4A_B_SF_22 4 8.72222 123.95130 0.977 1265010 1250380 1086
700_W2AW4A_B_SF_22 6 8.72222 123.95130 1.017 1255810 1266240 1086
700_W2AW4A_B_SF_22 8 8.72222 123.95130 1.030 1261200 1280120 1086
700_W2AW4A_B_SF_22 10 8.72222 123.95130 1.017 1266490 1277360 1086
700_W2AW4A_B_SF_22 12 8.72222 123.95130 0.987 1275780 1267520 1086
700_W2AW4A_B_SF_22 14 8.72222 123.95130 0.977 1279270 1264440 1086
700_W2AW4A_B_SF_22 16 8.72222 123.95130 1.000 1325750 1325990 1086
700_W2AW4A_B_SF_22 1 8.22634 116.89487 0.491 1196200 787594 1090
700_W2AW4A_B_SF_22 3 8.22634 116.89487 1.035 792400 806046 1090
700_W2AW4A_B_SF_22 5 8.22634 116.89487 1.021 791524 799828 1090
700_W2AW4A_B_SF_22 7 8.22634 116.89487 0.989 805379 800742 1090
700_W2AW4A_B_SF_22 9 8.22634 116.89487 1.000 802939 802879 1090
700_W2AW4A_B_SF_22 11 8.22634 116.89487 0.979 793411 784816 1090
700_W2AW4A_B_SF_22 13 8.22634 116.89487 0.979 800032 791650 1090
700_W2AW4A_B_SF_22 15 8.22634 116.89487 1.094 774835 809529 1090
700_W2AW4A_B_SF_22 17 8.22634 116.89487 0.837 824272 751052 1090
700_W2AW4A_B_SF_22 2 9.81719 130.23308 0.920 155715 149247 1961
700_W2AW4A_B_SF_22 4 9.81657 130.23259 0.859 165704 153156 1961
700_W2AW4A_B_SF_22 6 9.81677 130.23601 0.982 154708 153333 1961
700_W2AW4A_B_SF_22 8 9.81731 130.23985 0.858 161423 149065 1961
700_W2AW4A_B_SF_22 10 9.81734 130.23702 1.004 158012 158338 1961
700_W2AW4A_B_SF_22 12 9.81419 130.23839 0.893 161682 152515 1961
700_W2AW4A_B_SF_22 14 9.81665 130.24406 1.067 159650 164797 1961
700_W2AW4A_B_SF_22 16 9.81703 130.23437 1.081 163461 169802 1961
700_W2AW4A_B_SF_22 1 8.29381 111.59797 -2.715 148859 471315 2031
700_W2AW4A_B_SF_22 3 8.29381 111.59797 0.946 479145 465969 2031
700_W2AW4A_B_SF_22 5 8.29381 111.59797 0.983 473974 470027 2031
700_W2AW4A_B_SF_22 7 8.29381 111.59797 1.025 452246 457843 2031
700_W2AW4A_B_SF_22 9 8.29381 111.59797 1.044 457792 467587 2031
700_W2AW4A_B_SF_22 11 8.29381 111.59797 1.030 456292 462945 2031
700_W2AW4A_B_SF_22 13 8.29381 111.59797 0.907 471441 448388 2031
700_W2AW4A_B_SF_22 15 8.29381 111.59797 1.082 446457 464044 2031
700_W2AW4A_B_SF_22 17 8.29381 111.59797 0.869 469085 436150 2031
700_W2AW4A_B_SF_22 2 8.29428 109.98776 0.996 549054 547909 2033
700_W2AW4A_B_SF_22 4 8.29405 109.98472 0.982 546468 541636 2033
700_W2AW4A_B_SF_22 6 8.29436 109.98542 0.997 546884 545948 2033
700_W2AW4A_B_SF_22 8 8.29397 109.98760 0.968 543652 534886 2033
700_W2AW4A_B_SF_22 10 8.29394 109.98462 0.941 551086 534409 2033
700_W2AW4A_B_SF_22 12 8.29444 109.98502 1.032 535502 543969 2033
700_W2AW4A_B_SF_22 14 8.29419 109.98588 0.970 532236 524204 2033
700_W2AW4A_B_SF_22 16 8.29445 109.98515 0.985 558177 553984 2033
700_W2AW4A_B_SF_22 1 8.22973 111.39294 0.296 511177 233735 2041
700_W2AW4A_B_SF_22 3 8.22973 111.39294 1.065 234671 242032 2041
700_W2AW4A_B_SF_22 5 8.22973 111.39294 0.961 237614 232897 2041
700_W2AW4A_B_SF_22 7 8.22973 111.39294 0.982 234271 232094 2041
700_W2AW4A_B_SF_22 9 8.22973 111.39294 1.011 228041 229298 2041
700_W2AW4A_B_SF_22 11 8.22973 111.39294 0.953 228414 222867 2041
700_W2AW4A_B_SF_22 13 8.22973 111.39294 0.878 237777 222372 2041
700_W2AW4A_B_SF_22 15 8.22973 111.39294 1.231 218365 240939 2041
700_W2AW4A_B_SF_22 17 8.22973 111.39294 0.844 238619 218471 2041
700_W2AW4A_B_SF_22 2 8.34767 110.78980 0.981 520758 515769 2043
700_W2AW4A_B_SF_22 4 8.34762 110.78868 1.030 512877 520455 2043
700_W2AW4A_B_SF_22 6 8.34767 110.78840 0.971 519914 512182 2043
700_W2AW4A_B_SF_22 8 8.34783 110.79123 0.959 516143 505242 2043
700_W2AW4A_B_SF_22 10 8.34766 110.79013 0.958 522459 511337 2043
700_W2AW4A_B_SF_22 12 8.34766 110.78867 1.044 497895 508544 2043
700_W2AW4A_B_SF_22 14 8.34735 110.78856 1.021 496938 502027 2043
700_W2AW4A_B_SF_22 16 8.34734 110.78880 1.013 530889 534189 2043
700_W2AW4A_B_SF_22 1 8.24005 108.71942 0.715 483978 403580 2045
700_W2AW4A_B_SF_22 3 8.24014 108.72172 0.971 412679 406680 2045
700_W2AW4A_B_SF_22 5 8.23972 108.72367 1.057 399078 410122 2045
700_W2AW4A_B_SF_22 7 8.23989 108.72056 0.918 411914 394319 2045
700_W2AW4A_B_SF_22 9 8.23983 108.71987 1.010 399995 401886 2045
700_W2AW4A_B_SF_22 11 8.24013 108.72160 0.909 401434 382334 2045
700_W2AW4A_B_SF_22 13 8.24002 108.72176 0.939 402651 390056 2045
700_W2AW4A_B_SF_22 15 8.23953 108.72125 1.119 391528 413537 2045
700_W2AW4A_B_SF_22 17 8.23994 108.72160 0.851 411699 378441 2045
700_W2AW4A_B_SF_22 2 8.16230 111.05724 1.078 454849 471960 2055
700_W2AW4A_B_SF_22 4 8.15981 111.04942 0.908 478932 455813 2055
700_W2AW4A_B_SF_22 6 8.15981 111.04942 0.973 468539 462106 2055
700_W2AW4A_B_SF_22 8 8.15981 111.04942 0.970 455836 448951 2055
700_W2AW4A_B_SF_22 10 8.15981 111.04942 0.926 463246 445520 2055
700_W2AW4A_B_SF_22 12 8.15981 111.04942 1.077 442751 459182 2055
700_W2AW4A_B_SF_22 14 8.15981 111.04942 1.008 446123 447954 2055
700_W2AW4A_B_SF_22 16 8.16252 111.05395 0.945 483059 469349 2055
700_W2AW4A_B_SF_22 1 9.98528 128.63304 1.072 432598 447568 2070
700_W2AW4A_B_SF_22 3 9.98528 128.63304 1.087 454795 473778 2070
700_W2AW4A_B_SF_22 5 9.98528 128.63304 1.032 454520 461648 2070
700_W2AW4A_B_SF_22 7 9.98528 128.63304 0.966 466201 458218 2070
700_W2AW4A_B_SF_22 9 9.98528 128.63304 1.008 466985 468946 2070
700_W2AW4A_B_SF_22 11 9.98528 128.63304 1.041 474422 483912 2070
700_W2AW4A_B_SF_22 13 9.98528 128.63304 1.013 478931 481988 2070
700_W2AW4A_B_SF_22 15 9.98528 128.63304 1.023 478266 483760 2070
700_W2AW4A_B_SF_22 17 9.98528 128.63304 0.818 492019 442703 2070
700_W2AW4A_B_SF_22 2 8.21101 120.62460 1.037 567581 577937 2076
700_W2AW4A_B_SF_22 4 8.21101 120.62460 0.984 582805 578207 2076
700_W2AW4A_B_SF_22 6 8.21101 120.62460 1.033 577407 586767 2076
700_W2AW4A_B_SF_22 8 8.21101 120.62460 1.001 578697 578912 2076
700_W2AW4A_B_SF_22 10 8.21101 120.62460 1.028 588507 596651 2076
700_W2AW4A_B_SF_22 12 8.21101 120.62460 0.983 589195 584216 2076
700_W2AW4A_B_SF_22 14 8.21101 120.62460 1.004 589443 590658 2076
700_W2AW4A_B_SF_22 16 8.21101 120.62460 0.992 593500 591102 2076
700_W2AW4A_B_SF_22 1 8.23566 126.85836 1.014 550093 553851 2077
700_W2AW4A_B_SF_22 3 8.23566 126.85836 1.071 565266 584517 2077
700_W2AW4A_B_SF_22 5 8.23566 126.85836 1.045 552945 565103 2077
700_W2AW4A_B_SF_22 7 8.23566 126.85836 0.985 576436 572003 2077
700_W2AW4A_B_SF_22 9 8.23566 126.85836 1.033 578828 588199 2077
700_W2AW4A_B_SF_22 11 8.23566 126.85836 0.970 578163 569454 2077
700_W2AW4A_B_SF_22 13 8.23566 126.85836 1.003 580942 581791 2077
700_W2AW4A_B_SF_22 15 8.23566 126.85836 0.988 585099 581554 2077
700_W2AW4A_B_SF_22 17 8.23566 126.85836 0.872 580720 540875 2077
700_W2AW4A_B_SF_22 2 7.97030 119.75986 1.014 503058 506531 2078
700_W2AW4A_B_SF_22 4 7.97043 119.76001 0.905 525166 498979 2078
700_W2AW4A_B_SF_22 6 7.97064 119.75813 0.970 512173 504255 2078
700_W2AW4A_B_SF_22 8 7.97026 119.76029 1.027 505627 512262 2078
700_W2AW4A_B_SF_22 10 7.97056 119.76043 0.987 511699 508473 2078
700_W2AW4A_B_SF_22 12 7.97051 119.75858 1.053 505326 518327 2078
700_W2AW4A_B_SF_22 14 7.97037 119.76220 0.958 518190 507076 2078
700_W2AW4A_B_SF_22 16 7.97032 119.75862 1.003 517491 518361 2078
700_W2AW4A_B_SF_22 1 8.25427 121.65824 9.982 480764 873971 2081
700_W2AW4A_B_SF_22 3 8.25427 121.65824 1.035 880485 895630 2081
700_W2AW4A_B_SF_22 5 8.25427 121.65824 1.031 873553 886711 2081
700_W2AW4A_B_SF_22 7 8.25427 121.65824 1.003 900539 902080 2081
700_W2AW4A_B_SF_22 9 8.25427 121.65824 1.002 893911 894691 2081
700_W2AW4A_B_SF_22 11 8.25427 121.65824 0.994 891208 888388 2081
700_W2AW4A_B_SF_22 13 8.25427 121.65824 0.956 907582 887322 2081
700_W2AW4A_B_SF_22 15 8.25427 121.65824 1.083 879481 914531 2081
700_W2AW4A_B_SF_22 17 8.25427 121.65824 0.857 910134 840013 2081
700_W2AW4A_B_SF_22 2 7.87224 114.77195 0.999 815684 815091 2082
700_W2AW4A_B_SF_22 4 7.87195 114.77241 0.979 824714 815878 2082
700_W2AW4A_B_SF_22 6 7.87223 114.76975 1.003 824086 825326 2082
700_W2AW4A_B_SF_22 8 7.87224 114.77249 0.983 816407 809335 2082
700_W2AW4A_B_SF_22 10 7.87208 114.77461 0.957 821814 803894 2082
700_W2AW4A_B_SF_22 12 7.87217 114.76957 1.046 806391 824662 2082
700_W2AW4A_B_SF_22 14 7.87223 114.77233 0.956 799592 781572 2082
700_W2AW4A_B_SF_22 16 7.87203 114.77021 1.032 824908 837987 2082
700_W2AW4A_B_SF_22 1 8.25035 121.21999 1.097 767491 802981 2083
700_W2AW4A_B_SF_22 3 8.25035 121.21999 1.058 808001 830599 2083
700_W2AW4A_B_SF_22 5 8.25035 121.21999 1.006 815785 818203 2083
700_W2AW4A_B_SF_22 7 8.25035 121.21999 0.969 842475 829052 2083
700_W2AW4A_B_SF_22 9 8.25035 121.21999 1.011 822586 827095 2083
700_W2AW4A_B_SF_22 11 8.25035 121.21999 0.972 828954 817051 2083
700_W2AW4A_B_SF_22 13 8.25035 121.21999 0.974 831224 820094 2083
700_W2AW4A_B_SF_22 15 8.25035 121.21999 1.035 808816 822901 2083
700_W2AW4A_B_SF_22 17 8.25035 121.21999 0.862 836041 774227 2083
700_W2AW4A_B_SF_22 2 7.86218 122.75293 1.031 953390 967934 2084
700_W2AW4A_B_SF_22 4 7.86232 122.75356 0.926 994049 955786 2084
700_W2AW4A_B_SF_22 6 7.86229 122.75208 1.026 976735 989322 2084
700_W2AW4A_B_SF_22 8 7.86227 122.75620 0.993 973994 970776 2084
700_W2AW4A_B_SF_22 10 7.86226 122.75554 0.993 989886 986608 2084
700_W2AW4A_B_SF_22 12 7.86228 122.75275 0.993 983641 980130 2084
700_W2AW4A_B_SF_22 14 7.86242 122.75479 0.974 980701 967873 2084
700_W2AW4A_B_SF_22 16 7.86224 122.75467 0.981 1007280 997777 2084
700_W2AW4A_B_SF_22 1 8.04764 126.85646 0.496 922111 611246 2094
700_W2AW4A_B_SF_22 3 8.04764 126.85646 1.101 609543 638900 2094
700_W2AW4A_B_SF_22 5 8.04764 126.85646 1.069 594327 614273 2094
700_W2AW4A_B_SF_22 7 8.04764 126.85646 0.970 636719 627140 2094
700_W2AW4A_B_SF_22 9 8.04764 126.85646 1.017 636968 642355 2094
700_W2AW4A_B_SF_22 11 8.04764 126.85646 1.026 631246 639436 2094
700_W2AW4A_B_SF_22 13 8.04764 126.85646 1.018 634211 639940 2094
700_W2AW4A_B_SF_22 15 8.04764 126.85646 1.076 626305 649318 2094
700_W2AW4A_B_SF_22 17 8.04764 126.85646 0.840 649328 593015 2094
700_W2AW4A_B_SF_22 2 8.21880 127.65522 1.009 689114 692278 2095
700_W2AW4A_B_SF_22 4 8.21880 127.65522 0.943 717173 696066 2095
700_W2AW4A_B_SF_22 6 8.21880 127.65522 1.025 701269 710087 2095
700_W2AW4A_B_SF_22 8 8.21880 127.65522 1.030 704012 714345 2095
700_W2AW4A_B_SF_22 10 8.21880 127.65522 0.962 728144 713947 2095
700_W2AW4A_B_SF_22 12 8.21880 127.65522 0.986 721774 716575 2095
700_W2AW4A_B_SF_22 14 8.21880 127.65522 1.011 721738 725578 2095
700_W2AW4A_B_SF_22 16 8.22150 127.65549 0.999 728617 728152 2095
700_W2AW4A_B_SF_22 1 7.89170 129.16910 15.610 671110 1261410 2098
700_W2AW4A_B_SF_22 3 7.89175 129.17065 1.084 1245100 1295550 2098
700_W2AW4A_B_SF_22 5 7.89168 129.16959 0.994 1260970 1257350 2098
700_W2AW4A_B_SF_22 7 7.89166 129.17094 0.964 1305480 1281850 2098
700_W2AW4A_B_SF_22 9 7.89173 129.17000 1.040 1282290 1307580 2098
700_W2AW4A_B_SF_22 11 7.89160 129.17098 1.031 1287970 1307400 2098
700_W2AW4A_B_SF_22 13 7.89160 129.17034 1.022 1298900 1312720 2098
700_W2AW4A_B_SF_22 15 7.89155 129.16948 0.991 1318410 1312150 2098
700_W2AW4A_B_SF_22 17 7.89167 129.17034 0.868 1306830 1214230 2098
700_W2AW4A_B_SF_22 2 8.63264 129.68312 1.019 420960 424973 3020
700_W2AW4A_B_SF_22 4 8.63264 129.68312 0.964 430562 422565 3020
700_W2AW4A_B_SF_22 6 8.63264 129.68312 1.025 437292 442647 3020
700_W2AW4A_B_SF_22 8 8.63264 129.68312 1.055 435280 446997 3020
700_W2AW4A_B_SF_22 10 8.63264 129.68312 1.051 437307 448142 3020
700_W2AW4A_B_SF_22 12 8.63264 129.68312 1.006 440132 441526 3020
700_W2AW4A_B_SF_22 14 8.63264 129.68312 0.987 446021 443181 3020
700_W2AW4A_B_SF_22 16 8.63264 129.68312 0.997 460074 459283 3020
700_W2AW4A_B_SF_22 1 9.02244 125.43537 0.629 413938 319790 3030
700_W2AW4A_B_SF_22 3 9.02244 125.43537 1.068 321901 332545 3030
700_W2AW4A_B_SF_22 5 9.02244 125.43537 1.025 323978 328029 3030
700_W2AW4A_B_SF_22 7 9.02244 125.43537 0.918 337247 322885 3030
700_W2AW4A_B_SF_22 9 9.02244 125.43537 1.022 327921 331553 3030
700_W2AW4A_B_SF_22 11 9.02244 125.43537 0.969 330729 325598 3030
700_W2AW4A_B_SF_22 13 9.02244 125.43537 0.949 340577 331671 3030
700_W2AW4A_B_SF_22 15 9.02244 125.43537 1.142 325375 346999 3030
700_W2AW4A_B_SF_22 17 9.02244 125.43537 0.822 344900 311276 3030
700_W2AW4A_B_SF_22 2 8.18112 118.95695 1.012 866118 871098 3034
700_W2AW4A_B_SF_22 4 8.18139 118.95687 0.958 884484 865368 3034
700_W2AW4A_B_SF_22 6 8.18140 118.95426 1.012 875964 881103 3034
700_W2AW4A_B_SF_22 8 8.18111 118.95620 1.014 880563 886515 3034
700_W2AW4A_B_SF_22 10 8.18226 118.95753 0.962 887996 871014 3034
700_W2AW4A_B_SF_22 12 8.18181 118.95555 1.040 869515 886431 3034
700_W2AW4A_B_SF_22 14 8.18206 118.95760 0.978 870923 861031 3034
700_W2AW4A_B_SF_22 16 8.18125 118.95564 1.006 898632 901206 3034
700_W2AW4A_B_SF_22 1 8.46568 107.99952 0.309 826939 390109 3041
700_W2AW4A_B_SF_22 3 8.46685 107.99865 1.015 378158 380912 3041
700_W2AW4A_B_SF_22 5 8.46666 107.99713 0.987 384347 381800 3041
700_W2AW4A_B_SF_22 7 8.46630 108.00093 0.943 391767 380358 3041
700_W2AW4A_B_SF_22 9 8.46491 107.99921 1.076 375385 389044 3041
700_W2AW4A_B_SF_22 11 8.46595 108.00174 0.931 381960 368297 3041
700_W2AW4A_B_SF_22 13 8.46576 108.00395 0.946 382653 372054 3041
700_W2AW4A_B_SF_22 15 8.46565 108.00317 1.193 361993 393818 3041
700_W2AW4A_B_SF_22 17 8.46602 107.99997 0.801 404569 359837 3041
700_W2AW4A_B_SF_22 2 8.42751 109.99488 1.003 324393 324949 3043
700_W2AW4A_B_SF_22 4 8.42743 109.99267 0.991 330919 329410 3043
700_W2AW4A_B_SF_22 6 8.42443 109.99265 1.003 336193 336706 3043
700_W2AW4A_B_SF_22 8 8.42685 109.99245 1.019 325484 328601 3043
700_W2AW4A_B_SF_22 10 8.42671 109.98951 0.901 340450 322806 3043
700_W2AW4A_B_SF_22 12 8.42702 109.99088 1.030 325752 330630 3043
700_W2AW4A_B_SF_22 14 8.42734 109.99202 0.954 324708 317042 3043
700_W2AW4A_B_SF_22 16 8.42742 109.99439 1.081 346356 359810 3043
700_W2AW4A_B_SF_22 1 7.94940 126.86995 1.899 312012 408795 3044
700_W2AW4A_B_SF_22 3 7.94940 126.86995 1.088 409861 427187 3044
700_W2AW4A_B_SF_22 5 7.94940 126.86995 1.070 410146 423921 3044
700_W2AW4A_B_SF_22 7 7.94940 126.86995 0.878 439733 411198 3044
700_W2AW4A_B_SF_22 9 7.94940 126.86995 0.997 429038 428405 3044
700_W2AW4A_B_SF_22 11 7.94940 126.86995 0.983 434818 431071 3044
700_W2AW4A_B_SF_22 13 7.94940 126.86995 1.033 426197 433197 3044
700_W2AW4A_B_SF_22 15 7.94940 126.86995 1.073 431021 446206 3044
700_W2AW4A_B_SF_22 17 7.94940 126.86995 0.800 452835 402566 3044
700_W2AW4A_B_SF_22 2 7.68583 118.92973 0.995 246004 245413 3056
700_W2AW4A_B_SF_22 4 7.68583 118.92973 0.979 248133 245490 3056
700_W2AW4A_B_SF_22 6 7.68583 118.92973 1.037 242793 247252 3056
700_W2AW4A_B_SF_22 8 7.68583 118.92973 1.026 250662 253916 3056
700_W2AW4A_B_SF_22 10 7.68583 118.92973 1.061 244850 252149 3056
700_W2AW4A_B_SF_22 12 7.68583 118.92973 0.990 249126 247878 3056
700_W2AW4A_B_SF_22 14 7.68583 118.92973 0.993 248615 247700 3056
700_W2AW4A_B_SF_22 16 7.68583 118.92973 1.002 263553 263844 3056
700_W2AW4A_B_SF_22 1 8.32918 127.36690 -2.759 235140 737646 3077
700_W2AW4A_B_SF_22 3 8.32929 127.36748 1.047 739146 756150 3077
700_W2AW4A_B_SF_22 5 8.32912 127.36712 1.025 732827 741697 3077
700_W2AW4A_B_SF_22 7 8.32912 127.36905 0.976 761779 752646 3077
700_W2AW4A_B_SF_22 9 8.32923 127.36844 1.017 750786 757210 3077
700_W2AW4A_B_SF_22 11 8.32914 127.36842 1.021 761627 769460 3077
700_W2AW4A_B_SF_22 13 8.32921 127.36944 1.019 761129 768427 3077
700_W2AW4A_B_SF_22 15 8.32914 127.36577 0.998 754903 754308 3077
700_W2AW4A_B_SF_22 17 8.32917 127.36766 0.889 753433 709010 3077
700_W2AW4A_B_SF_22 2 8.62769 121.90162 1.020 972169 981640 4038
700_W2AW4A_B_SF_22 4 8.62779 121.90166 0.982 983233 974310 4038
700_W2AW4A_B_SF_22 6 8.62769 121.89956 0.964 996074 977775 4038
700_W2AW4A_B_SF_22 8 8.62757 121.90345 1.021 1006050 1016620 4038
700_W2AW4A_B_SF_22 10 8.62782 121.90131 1.051 973232 997345 4038
700_W2AW4A_B_SF_22 12 8.62787 121.90195 0.983 994495 985809 4038
700_W2AW4A_B_SF_22 14 8.62783 121.90150 0.969 1003130 987178 4038
700_W2AW4A_B_SF_22 16 8.62763 121.89844 1.006 1029080 1032410 4038
700_W2AW4A_B_SF_22 1 8.75965 119.61050 0.506 935915 629108 4049
700_W2AW4A_B_SF_22 3 8.75965 119.61050 1.041 624094 636560 4049
700_W2AW4A_B_SF_22 5 8.75965 119.61050 1.010 630871 633926 4049
700_W2AW4A_B_SF_22 7 8.75965 119.61050 1.025 629014 636633 4049
700_W2AW4A_B_SF_22 9 8.75965 119.61050 0.947 641845 624298 4049
700_W2AW4A_B_SF_22 11 8.76209 119.60986 1.055 637461 654638 4049
700_W2AW4A_B_SF_22 13 8.75965 119.61050 0.984 637896 632700 4049
700_W2AW4A_B_SF_22 15 8.75965 119.61050 1.118 624300 659135 4049
700_W2AW4A_B_SF_22 17 8.75965 119.61050 0.836 658262 599455 4049
700_W2AW4A_B_SF_22 2 9.10471 123.60821 0.964 217910 213955 4059
700_W2AW4A_B_SF_22 4 9.10504 123.60580 0.903 227772 216182 4059
700_W2AW4A_B_SF_22 6 9.10536 123.60321 1.039 219844 224084 4059
700_W2AW4A_B_SF_22 8 9.10494 123.60796 1.103 215626 226231 4059
700_W2AW4A_B_SF_22 10 9.10461 123.60621 1.045 221909 226826 4059
700_W2AW4A_B_SF_22 12 9.10450 123.61201 1.077 219894 228093 4059
700_W2AW4A_B_SF_22 14 9.10455 123.60319 0.955 225855 220627 4059
700_W2AW4A_B_SF_22 16 9.10539 123.60579 0.968 231492 227783 4059
700_W2AW4A_B_SF_22 1 8.71151 120.80506 -2.279 209652 747178 4071
700_W2AW4A_B_SF_22 3 8.71151 120.80506 1.033 740156 752253 4071
700_W2AW4A_B_SF_22 5 8.71151 120.80506 0.993 757068 754296 4071
700_W2AW4A_B_SF_22 7 8.71151 120.80506 1.041 755172 770211 4071
700_W2AW4A_B_SF_22 9 8.71151 120.80506 0.990 764925 761098 4071
700_W2AW4A_B_SF_22 11 8.71151 120.80506 1.016 768126 774284 4071
700_W2AW4A_B_SF_22 13 8.71151 120.80506 0.980 768658 760917 4071
700_W2AW4A_B_SF_22 15 8.71151 120.80506 1.052 754892 774120 4071
700_W2AW4A_B_SF_22 17 8.71151 120.80506 0.842 784164 716913 4071
700_W2AW4A_B_SF_22 2 7.81227 120.50915 1.016 502919 506973 4080
700_W2AW4A_B_SF_22 4 7.81229 120.50965 0.989 516935 514082 4080
700_W2AW4A_B_SF_22 6 7.81217 120.51116 1.031 512975 520794 4080
700_W2AW4A_B_SF_22 8 7.81231 120.51086 1.058 509288 523756 4080
700_W2AW4A_B_SF_22 10 7.81190 120.51108 0.969 522736 514490 4080
700_W2AW4A_B_SF_22 12 7.81220 120.50980 1.079 509522 528836 4080
700_W2AW4A_B_SF_22 14 7.81266 120.51053 0.944 518540 503474 4080
700_W2AW4A_B_SF_22 16 7.81214 120.51175 0.994 521918 520310 4080
