700_W2AW4A_B_SF_22 7.81221 120.50959 1 502919 4080
700_W2AW4A_B_SF_22 7.81227 120.50915 2 506973 4080
700_W2AW4A_B_SF_22 7.81232 120.51028 3 516935 4080
700_W2AW4A_B_SF_22 7.81229 120.50965 4 514082 4080
700_W2AW4A_B_SF_22 7.81223 120.51055 5 512975 4080
700_W2AW4A_B_SF_22 7.81217 120.51116 6 520794 4080
700_W2AW4A_B_SF_22 7.81228 120.51266 7 509288 4080
700_W2AW4A_B_SF_22 7.81231 120.51086 8 523756 4080
700_W2AW4A_B_SF_22 7.81232 120.51028 9 522736 4080
700_W2AW4A_B_SF_22 7.81190 120.51108 10 514490 4080
700_W2AW4A_B_SF_22 7.81229 120.51107 11 509522 4080
700_W2AW4A_B_SF_22 7.81220 120.50980 12 528836 4080
700_W2AW4A_B_SF_22 7.81229 120.51007 13 518540 4080
700_W2AW4A_B_SF_22 7.81266 120.51053 14 503474 4080
700_W2AW4A_B_SF_22 7.81208 120.50965 15 521918 4080
700_W2AW4A_B_SF_22 7.81214 120.51175 16 520310 4080
700_W2AW4A_B_SF_22 7.81225 120.51051 17 485150 4080
