x
700_W2AW4A_B_SF_22 8.03786 117.25714 1 895651 1014
700_W2AW4A_B_SF_22 8.03786 117.25714 2 897007 1014
700_W2AW4A_B_SF_22 8.03786 117.25714 3 887751 1014
700_W2AW4A_B_SF_22 8.03786 117.25714 4 900945 1014
700_W2AW4A_B_SF_22 8.03786 117.25714 5 909870 1014
700_W2AW4A_B_SF_22 8.03786 117.25714 6 894091 1014
700_W2AW4A_B_SF_22 8.03786 117.25714 7 908557 1014
700_W2AW4A_B_SF_22 8.03786 117.25714 8 920402 1014
700_W2AW4A_B_SF_22 8.03786 117.25714 9 892642 1014
700_W2AW4A_B_SF_22 8.03786 117.25714 10 903702 1014
700_W2AW4A_B_SF_22 8.03786 117.25714 11 905620 1014
700_W2AW4A_B_SF_22 8.03786 117.25714 12 891236 1014
700_W2AW4A_B_SF_22 8.03786 117.25714 13 908267 1014
700_W2AW4A_B_SF_22 8.03786 117.25714 14 884079 1014
700_W2AW4A_B_SF_22 8.03786 117.25714 15 944020 1014
700_W2AW4A_B_SF_22 8.03786 117.25714 16 958205 1014
700_W2AW4A_B_SF_22 8.03786 117.25714 17 853062 1014
700_W2AW4A_B_SF_22 8.42162 129.55555 1 1824980 1020
700_W2AW4A_B_SF_22 8.42174 129.55558 2 1822300 1020
700_W2AW4A_B_SF_22 8.42169 129.55616 3 1889110 1020
700_W2AW4A_B_SF_22 8.42163 129.55555 4 1821660 1020
700_W2AW4A_B_SF_22 8.42164 129.55576 5 1849450 1020
700_W2AW4A_B_SF_22 8.42162 129.55677 6 1883570 1020
700_W2AW4A_B_SF_22 8.42169 129.55704 7 1858060 1020
700_W2AW4A_B_SF_22 8.42166 129.55767 8 1887980 1020
700_W2AW4A_B_SF_22 8.42162 129.55629 9 1868600 1020
700_W2AW4A_B_SF_22 8.42153 129.55774 10 1897700 1020
700_W2AW4A_B_SF_22 8.42159 129.55820 11 1910300 1020
700_W2AW4A_B_SF_22 8.42179 129.55506 12 1877050 1020
700_W2AW4A_B_SF_22 8.42169 129.55832 13 1908510 1020
700_W2AW4A_B_SF_22 8.42157 129.55803 14 1906900 1020
700_W2AW4A_B_SF_22 8.42153 129.55660 15 1954770 1020
700_W2AW4A_B_SF_22 8.42149 129.55563 16 1945680 1020
700_W2AW4A_B_SF_22 8.42163 129.55663 17 1770980 1020
700_W2AW4A_B_SF_22 7.17896 121.47561 1 1224320 1029
700_W2AW4A_B_SF_22 7.17891 121.47492 2 1247010 1029
700_W2AW4A_B_SF_22 7.17884 121.47557 3 1260350 1029
700_W2AW4A_B_SF_22 7.17894 121.47681 4 1231480 1029
700_W2AW4A_B_SF_22 7.17902 121.47553 5 1251080 1029
700_W2AW4A_B_SF_22 7.17878 121.47615 6 1254700 1029
700_W2AW4A_B_SF_22 7.17911 121.47547 7 1264770 1029
700_W2AW4A_B_SF_22 7.17890 121.47630 8 1267040 1029
700_W2AW4A_B_SF_22 7.17887 121.47421 9 1263300 1029
700_W2AW4A_B_SF_22 7.17888 121.47714 10 1251900 1029
700_W2AW4A_B_SF_22 7.17899 121.47759 11 1251470 1029
700_W2AW4A_B_SF_22 7.17875 121.47540 12 1259910 1029
700_W2AW4A_B_SF_22 7.17904 121.47867 13 1244790 1029
700_W2AW4A_B_SF_22 7.17899 121.47629 14 1254410 1029
700_W2AW4A_B_SF_22 7.17881 121.47479 15 1303800 1029
700_W2AW4A_B_SF_22 7.17900 121.47448 16 1302860 1029
700_W2AW4A_B_SF_22 7.17892 121.47592 17 1184310 1029
700_W2AW4A_B_SF_22 8.92837 125.19004 1 735317 1030
700_W2AW4A_B_SF_22 8.92768 125.19232 2 735909 1030
700_W2AW4A_B_SF_22 8.92819 125.19182 3 753441 1030
700_W2AW4A_B_SF_22 8.92831 125.19142 4 733153 1030
700_W2AW4A_B_SF_22 8.92860 125.18963 5 744475 1030
700_W2AW4A_B_SF_22 8.92846 125.18829 6 747138 1030
700_W2AW4A_B_SF_22 8.92847 125.19148 7 741865 1030
700_W2AW4A_B_SF_22 8.92841 125.19118 8 752581 1030
700_W2AW4A_B_SF_22 8.92861 125.18831 9 742441 1030
700_W2AW4A_B_SF_22 8.92872 125.19287 10 762700 1030
700_W2AW4A_B_SF_22 8.92800 125.19042 11 762369 1030
700_W2AW4A_B_SF_22 8.92869 125.18951 12 749181 1030
700_W2AW4A_B_SF_22 8.92867 125.19110 13 765050 1030
700_W2AW4A_B_SF_22 8.92815 125.19124 14 760919 1030
700_W2AW4A_B_SF_22 8.92836 125.18740 15 775913 1030
700_W2AW4A_B_SF_22 8.92812 125.19063 16 795052 1030
700_W2AW4A_B_SF_22 8.92835 125.19048 17 709265 1030
700_W2AW4A_B_SF_22 9.13348 112.14990 1 3336090 1031
700_W2AW4A_B_SF_22 9.13348 112.14990 2 3328480 1031
700_W2AW4A_B_SF_22 9.13348 112.14990 3 3370540 1031
700_W2AW4A_B_SF_22 9.13348 112.14990 4 3344200 1031
700_W2AW4A_B_SF_22 9.13348 112.14990 5 3353340 1031
700_W2AW4A_B_SF_22 9.13348 112.14990 6 3356340 1031
700_W2AW4A_B_SF_22 9.13348 112.14990 7 3336650 1031
700_W2AW4A_B_SF_22 9.13348 112.14990 8 3328380 1031
700_W2AW4A_B_SF_22 9.13348 112.14990 9 3346210 1031
700_W2AW4A_B_SF_22 9.13348 112.14990 10 3278470 1031
700_W2AW4A_B_SF_22 9.13348 112.14990 11 3284950 1031
700_W2AW4A_B_SF_22 9.13348 112.14990 12 3352970 1031
700_W2AW4A_B_SF_22 9.13348 112.14990 13 3269150 1031
700_W2AW4A_B_SF_22 9.13348 112.14990 14 3265680 1031
700_W2AW4A_B_SF_22 9.13348 112.14990 15 3421910 1031
700_W2AW4A_B_SF_22 9.13348 112.14990 16 3432090 1031
700_W2AW4A_B_SF_22 9.13348 112.14990 17 3141500 1031
700_W2AW4A_B_SF_22 7.63019 118.37030 1 3592060 1032
700_W2AW4A_B_SF_22 7.63016 118.37023 2 3592800 1032
700_W2AW4A_B_SF_22 7.63021 118.36931 3 3606220 1032
700_W2AW4A_B_SF_22 7.63015 118.37032 4 3596900 1032
700_W2AW4A_B_SF_22 7.63013 118.37037 5 3629310 1032
700_W2AW4A_B_SF_22 7.63012 118.36987 6 3625600 1032
700_W2AW4A_B_SF_22 7.63016 118.37073 7 3646930 1032
700_W2AW4A_B_SF_22 7.63011 118.37070 8 3650370 1032
700_W2AW4A_B_SF_22 7.63017 118.36992 9 3618440 1032
700_W2AW4A_B_SF_22 7.63019 118.37082 10 3630360 1032
700_W2AW4A_B_SF_22 7.63015 118.37127 11 3588860 1032
700_W2AW4A_B_SF_22 7.63016 118.36948 12 3621540 1032
700_W2AW4A_B_SF_22 7.63013 118.37119 13 3591650 1032
700_W2AW4A_B_SF_22 7.63019 118.37062 14 3572440 1032
700_W2AW4A_B_SF_22 7.63013 118.36914 15 3705320 1032
700_W2AW4A_B_SF_22 7.63007 118.36937 16 3716290 1032
700_W2AW4A_B_SF_22 7.63015 118.37022 17 3410890 1032
700_W2AW4A_B_SF_22 8.90472 110.03639 1 3767350 1033
700_W2AW4A_B_SF_22 8.90472 110.03639 2 3760560 1033
700_W2AW4A_B_SF_22 8.90472 110.03639 3 3779580 1033
700_W2AW4A_B_SF_22 8.90472 110.03639 4 3775590 1033
700_W2AW4A_B_SF_22 8.90472 110.03639 5 3775900 1033
700_W2AW4A_B_SF_22 8.90472 110.03639 6 3780790 1033
700_W2AW4A_B_SF_22 8.90472 110.03639 7 3763710 1033
700_W2AW4A_B_SF_22 8.90472 110.03639 8 3720640 1033
700_W2AW4A_B_SF_22 8.90472 110.03639 9 3780660 1033
700_W2AW4A_B_SF_22 8.90472 110.03639 10 3690730 1033
700_W2AW4A_B_SF_22 8.90472 110.03639 11 3681730 1033
700_W2AW4A_B_SF_22 8.90472 110.03639 12 3786800 1033
700_W2AW4A_B_SF_22 8.90472 110.03639 13 3683910 1033
700_W2AW4A_B_SF_22 8.90472 110.03639 14 3645350 1033
700_W2AW4A_B_SF_22 8.90472 110.03639 15 3844870 1033
700_W2AW4A_B_SF_22 8.90472 110.03639 16 3879110 1033
700_W2AW4A_B_SF_22 8.90472 110.03639 17 3536310 1033
700_W2AW4A_B_SF_22 8.21639 118.93944 1 5798350 1034
700_W2AW4A_B_SF_22 8.21643 118.93902 2 5806000 1034
700_W2AW4A_B_SF_22 8.21634 118.93762 3 5934860 1034
700_W2AW4A_B_SF_22 8.21643 118.93957 4 5794950 1034
700_W2AW4A_B_SF_22 8.21643 118.93906 5 5854100 1034
700_W2AW4A_B_SF_22 8.21639 118.93842 6 5937450 1034
700_W2AW4A_B_SF_22 8.21642 118.93954 7 5889960 1034
700_W2AW4A_B_SF_22 8.21641 118.93908 8 5915870 1034
700_W2AW4A_B_SF_22 8.21646 118.93788 9 5928660 1034
700_W2AW4A_B_SF_22 8.21644 118.93934 10 5875260 1034
700_W2AW4A_B_SF_22 8.21645 118.93919 11 5817570 1034
700_W2AW4A_B_SF_22 8.21642 118.93836 12 5910150 1034
700_W2AW4A_B_SF_22 8.21645 118.93955 13 5808300 1034
700_W2AW4A_B_SF_22 8.21650 118.93945 14 5761430 1034
700_W2AW4A_B_SF_22 8.21631 118.93800 15 6039160 1034
700_W2AW4A_B_SF_22 8.21632 118.93800 16 6053360 1034
700_W2AW4A_B_SF_22 8.21641 118.93883 17 5536790 1034
700_W2AW4A_B_SF_22 7.02511 118.95820 1 542636 1035
700_W2AW4A_B_SF_22 7.02558 118.95864 2 523040 1035
700_W2AW4A_B_SF_22 7.02505 118.95620 3 542941 1035
700_W2AW4A_B_SF_22 7.02580 118.95701 4 515274 1035
700_W2AW4A_B_SF_22 7.02545 118.95754 5 543181 1035
700_W2AW4A_B_SF_22 7.02534 118.95639 6 527089 1035
700_W2AW4A_B_SF_22 7.02510 118.95750 7 537490 1035
700_W2AW4A_B_SF_22 7.02563 118.95747 8 527580 1035
700_W2AW4A_B_SF_22 7.02554 118.95753 9 546024 1035
700_W2AW4A_B_SF_22 7.02493 118.95887 10 537097 1035
700_W2AW4A_B_SF_22 7.02548 118.95910 11 521917 1035
700_W2AW4A_B_SF_22 7.02510 118.95872 12 539580 1035
700_W2AW4A_B_SF_22 7.02556 118.95729 13 527284 1035
700_W2AW4A_B_SF_22 7.02497 118.95679 14 530976 1035
700_W2AW4A_B_SF_22 7.02571 118.95548 15 556882 1035
700_W2AW4A_B_SF_22 7.02469 118.95699 16 552634 1035
700_W2AW4A_B_SF_22 7.02530 118.95747 17 504213 1035
700_W2AW4A_B_SF_22 8.92914 130.81269 1 2443710 1036
700_W2AW4A_B_SF_22 8.92929 130.81271 2 2443880 1036
700_W2AW4A_B_SF_22 8.92915 130.81352 3 2564700 1036
700_W2AW4A_B_SF_22 8.92917 130.81251 4 2458790 1036
700_W2AW4A_B_SF_22 8.92918 130.81294 5 2439570 1036
700_W2AW4A_B_SF_22 8.92934 130.81341 6 2557530 1036
700_W2AW4A_B_SF_22 8.92929 130.81334 7 2484050 1036
700_W2AW4A_B_SF_22 8.92933 130.81485 8 2513070 1036
700_W2AW4A_B_SF_22 8.92632 130.81363 9 2560390 1036
700_W2AW4A_B_SF_22 8.92933 130.81465 10 2538930 1036
700_W2AW4A_B_SF_22 8.92930 130.81509 11 2564290 1036
700_W2AW4A_B_SF_22 8.92922 130.81333 12 2576340 1036
700_W2AW4A_B_SF_22 8.92632 130.81363 13 2549370 1036
700_W2AW4A_B_SF_22 8.92924 130.81511 14 2561360 1036
700_W2AW4A_B_SF_22 8.92926 130.81296 15 2636060 1036
700_W2AW4A_B_SF_22 8.92914 130.81328 16 2635850 1036
700_W2AW4A_B_SF_22 8.92927 130.81363 17 2383990 1036
700_W2AW4A_B_SF_22 8.83502 128.07015 1 1111100 1037
700_W2AW4A_B_SF_22 8.83502 128.07015 2 1090340 1037
700_W2AW4A_B_SF_22 8.83502 128.07015 3 1132100 1037
700_W2AW4A_B_SF_22 8.83502 128.07015 4 1097290 1037
700_W2AW4A_B_SF_22 8.83502 128.07015 5 1113210 1037
700_W2AW4A_B_SF_22 8.83502 128.07015 6 1129040 1037
700_W2AW4A_B_SF_22 8.83502 128.07015 7 1124850 1037
700_W2AW4A_B_SF_22 8.83502 128.07015 8 1127650 1037
700_W2AW4A_B_SF_22 8.83502 128.07015 9 1143820 1037
700_W2AW4A_B_SF_22 8.83502 128.07015 10 1141760 1037
700_W2AW4A_B_SF_22 8.83502 128.07015 11 1146060 1037
700_W2AW4A_B_SF_22 8.83502 128.07015 12 1132350 1037
700_W2AW4A_B_SF_22 8.83502 128.07015 13 1164830 1037
700_W2AW4A_B_SF_22 8.83502 128.07015 14 1152640 1037
700_W2AW4A_B_SF_22 8.83502 128.07015 15 1208950 1037
700_W2AW4A_B_SF_22 8.83502 128.07015 16 1195680 1037
700_W2AW4A_B_SF_22 8.83502 128.07015 17 1071280 1037
700_W2AW4A_B_SF_22 8.47606 122.42940 1 1152260 1038
700_W2AW4A_B_SF_22 8.47547 122.43034 2 1156890 1038
700_W2AW4A_B_SF_22 8.47556 122.42875 3 1178970 1038
700_W2AW4A_B_SF_22 8.47574 122.42929 4 1159770 1038
700_W2AW4A_B_SF_22 8.47571 122.42972 5 1169210 1038
700_W2AW4A_B_SF_22 8.47583 122.42825 6 1167660 1038
700_W2AW4A_B_SF_22 8.47563 122.42972 7 1173520 1038
700_W2AW4A_B_SF_22 8.47581 122.43040 8 1189130 1038
700_W2AW4A_B_SF_22 8.47540 122.42952 9 1165170 1038
700_W2AW4A_B_SF_22 8.47583 122.43015 10 1203970 1038
700_W2AW4A_B_SF_22 8.47558 122.43096 11 1179970 1038
700_W2AW4A_B_SF_22 8.47543 122.42756 12 1174070 1038
700_W2AW4A_B_SF_22 8.47580 122.43092 13 1186820 1038
700_W2AW4A_B_SF_22 8.47557 122.42939 14 1178220 1038
700_W2AW4A_B_SF_22 8.47564 122.42873 15 1224010 1038
700_W2AW4A_B_SF_22 8.47589 122.42863 16 1224950 1038
700_W2AW4A_B_SF_22 8.47569 122.42948 17 1110860 1038
700_W2AW4A_B_SF_22 8.35648 107.86992 1 2186350 1041
700_W2AW4A_B_SF_22 8.35648 107.86992 2 2187330 1041
700_W2AW4A_B_SF_22 8.35648 107.86992 3 2185950 1041
700_W2AW4A_B_SF_22 8.35648 107.86992 4 2174850 1041
700_W2AW4A_B_SF_22 8.35648 107.86992 5 2174680 1041
700_W2AW4A_B_SF_22 8.35648 107.86992 6 2192390 1041
700_W2AW4A_B_SF_22 8.35648 107.86992 7 2166320 1041
700_W2AW4A_B_SF_22 8.35648 107.86992 8 2122890 1041
700_W2AW4A_B_SF_22 8.35648 107.86992 9 2192350 1041
700_W2AW4A_B_SF_22 8.35648 107.86992 10 2137190 1041
700_W2AW4A_B_SF_22 8.35648 107.86992 11 2119940 1041
700_W2AW4A_B_SF_22 8.35648 107.86992 12 2194960 1041
700_W2AW4A_B_SF_22 8.35648 107.86992 13 2119100 1041
700_W2AW4A_B_SF_22 8.35648 107.86992 14 2067810 1041
700_W2AW4A_B_SF_22 8.35648 107.86992 15 2251760 1041
700_W2AW4A_B_SF_22 8.35648 107.86992 16 2244420 1041
700_W2AW4A_B_SF_22 8.35648 107.86992 17 2042250 1041
700_W2AW4A_B_SF_22 8.08274 122.30824 1 3361000 1042
700_W2AW4A_B_SF_22 8.08267 122.30839 2 3356490 1042
700_W2AW4A_B_SF_22 8.08270 122.30769 3 3460640 1042
700_W2AW4A_B_SF_22 8.08265 122.30832 4 3353890 1042
700_W2AW4A_B_SF_22 8.08267 122.30792 5 3422810 1042
700_W2AW4A_B_SF_22 8.08269 122.30767 6 3463140 1042
700_W2AW4A_B_SF_22 8.08268 122.30886 7 3462200 1042
700_W2AW4A_B_SF_22 8.08279 122.30807 8 3457270 1042
700_W2AW4A_B_SF_22 8.08263 122.30756 9 3458310 1042
700_W2AW4A_B_SF_22 8.08273 122.30830 10 3456660 1042
700_W2AW4A_B_SF_22 8.08265 122.30913 11 3457750 1042
700_W2AW4A_B_SF_22 8.08273 122.30781 12 3457210 1042
700_W2AW4A_B_SF_22 8.08263 122.30882 13 3452350 1042
700_W2AW4A_B_SF_22 8.08263 122.30867 14 3429640 1042
700_W2AW4A_B_SF_22 8.08264 122.30686 15 3531350 1042
700_W2AW4A_B_SF_22 8.08253 122.30691 16 3546390 1042
700_W2AW4A_B_SF_22 8.08267 122.30807 17 3242770 1042
700_W2AW4A_B_SF_22 8.42579 110.50719 1 2153450 1043
700_W2AW4A_B_SF_22 8.42579 110.50719 2 2154230 1043
700_W2AW4A_B_SF_22 8.42579 110.50719 3 2136430 1043
700_W2AW4A_B_SF_22 8.42579 110.50719 4 2163500 1043
700_W2AW4A_B_SF_22 8.42579 110.50719 5 2163210 1043
700_W2AW4A_B_SF_22 8.42579 110.50719 6 2132560 1043
700_W2AW4A_B_SF_22 8.42579 110.50719 7 2157650 1043
700_W2AW4A_B_SF_22 8.42579 110.50719 8 2138600 1043
700_W2AW4A_B_SF_22 8.42579 110.50719 9 2122680 1043
700_W2AW4A_B_SF_22 8.42579 110.50719 10 2120480 1043
700_W2AW4A_B_SF_22 8.42579 110.50719 11 2090830 1043
700_W2AW4A_B_SF_22 8.42579 110.50719 12 2130210 1043
700_W2AW4A_B_SF_22 8.42579 110.50719 13 2092320 1043
700_W2AW4A_B_SF_22 8.42579 110.50719 14 2088140 1043
700_W2AW4A_B_SF_22 8.42579 110.50719 15 2237940 1043
700_W2AW4A_B_SF_22 8.42579 110.50719 16 2240080 1043
700_W2AW4A_B_SF_22 8.42579 110.50719 17 2018960 1043
700_W2AW4A_B_SF_22 8.00983 127.33966 1 2948320 1044
700_W2AW4A_B_SF_22 8.00995 127.33924 2 2954190 1044
700_W2AW4A_B_SF_22 8.00981 127.33965 3 3044120 1044
700_W2AW4A_B_SF_22 8.00978 127.33907 4 2959170 1044
700_W2AW4A_B_SF_22 8.00982 127.34000 5 2968720 1044
700_W2AW4A_B_SF_22 8.00973 127.33944 6 3044450 1044
700_W2AW4A_B_SF_22 8.00976 127.34059 7 2992600 1044
700_W2AW4A_B_SF_22 8.00976 127.34112 8 3032290 1044
700_W2AW4A_B_SF_22 8.00976 127.34047 9 3047090 1044
700_W2AW4A_B_SF_22 8.00982 127.34118 10 3050290 1044
700_W2AW4A_B_SF_22 8.00977 127.34046 11 3052490 1044
700_W2AW4A_B_SF_22 8.00977 127.33906 12 3048340 1044
700_W2AW4A_B_SF_22 8.00977 127.34041 13 3058720 1044
700_W2AW4A_B_SF_22 8.00974 127.34148 14 3039830 1044
700_W2AW4A_B_SF_22 8.00971 127.33951 15 3137200 1044
700_W2AW4A_B_SF_22 8.00971 127.33877 16 3140870 1044
700_W2AW4A_B_SF_22 8.00978 127.34000 17 2854040 1044
700_W2AW4A_B_SF_22 9.47266 116.07052 1 1988680 1045
700_W2AW4A_B_SF_22 9.47266 116.07052 2 2005560 1045
700_W2AW4A_B_SF_22 9.47266 116.07052 3 2007540 1045
700_W2AW4A_B_SF_22 9.47266 116.07052 4 1990560 1045
700_W2AW4A_B_SF_22 9.47266 116.07052 5 2024450 1045
700_W2AW4A_B_SF_22 9.47266 116.07052 6 2014390 1045
700_W2AW4A_B_SF_22 9.47266 116.07052 7 2028800 1045
700_W2AW4A_B_SF_22 9.47266 116.07052 8 2014570 1045
700_W2AW4A_B_SF_22 9.47266 116.07052 9 1996970 1045
700_W2AW4A_B_SF_22 9.47266 116.07052 10 2004500 1045
700_W2AW4A_B_SF_22 9.47266 116.07052 11 1969290 1045
700_W2AW4A_B_SF_22 9.47266 116.07052 12 2014040 1045
700_W2AW4A_B_SF_22 9.47266 116.07052 13 1967970 1045
700_W2AW4A_B_SF_22 9.47266 116.07052 14 1971520 1045
700_W2AW4A_B_SF_22 9.47266 116.07052 15 2071680 1045
700_W2AW4A_B_SF_22 9.47266 116.07052 16 2081800 1045
700_W2AW4A_B_SF_22 9.47266 116.07052 17 1891310 1045
700_W2AW4A_B_SF_22 7.12759 110.88628 1 2013180 1046
700_W2AW4A_B_SF_22 7.12759 110.88628 2 2015180 1046
700_W2AW4A_B_SF_22 7.12759 110.88628 3 2010220 1046
700_W2AW4A_B_SF_22 7.12759 110.88628 4 2006490 1046
700_W2AW4A_B_SF_22 7.12759 110.88628 5 2020240 1046
700_W2AW4A_B_SF_22 7.12759 110.88628 6 2011390 1046
700_W2AW4A_B_SF_22 7.12759 110.88628 7 2011790 1046
700_W2AW4A_B_SF_22 7.12759 110.88628 8 1988810 1046
700_W2AW4A_B_SF_22 7.12759 110.88628 9 2010020 1046
700_W2AW4A_B_SF_22 7.12759 110.88628 10 1967710 1046
700_W2AW4A_B_SF_22 7.12759 110.88628 11 1940490 1046
700_W2AW4A_B_SF_22 7.12759 110.88628 12 2001150 1046
700_W2AW4A_B_SF_22 7.12759 110.88628 13 1935270 1046
700_W2AW4A_B_SF_22 7.12759 110.88628 14 1929680 1046
700_W2AW4A_B_SF_22 7.12759 110.88628 15 2043850 1046
700_W2AW4A_B_SF_22 7.12759 110.88628 16 2059520 1046
700_W2AW4A_B_SF_22 7.12759 110.88628 17 1880290 1046
700_W2AW4A_B_SF_22 7.50290 115.51150 1 989824 1048
700_W2AW4A_B_SF_22 7.50290 115.51150 2 984933 1048
700_W2AW4A_B_SF_22 7.50290 115.51150 3 987831 1048
700_W2AW4A_B_SF_22 7.50290 115.51150 4 1001890 1048
700_W2AW4A_B_SF_22 7.50290 115.51150 5 997590 1048
700_W2AW4A_B_SF_22 7.50290 115.51150 6 999812 1048
700_W2AW4A_B_SF_22 7.50290 115.51150 7 987781 1048
700_W2AW4A_B_SF_22 7.50290 115.51150 8 1000930 1048
700_W2AW4A_B_SF_22 7.50290 115.51150 9 996777 1048
700_W2AW4A_B_SF_22 7.50290 115.51150 10 996346 1048
700_W2AW4A_B_SF_22 7.50290 115.51150 11 974509 1048
700_W2AW4A_B_SF_22 7.50290 115.51150 12 997993 1048
700_W2AW4A_B_SF_22 7.50290 115.51150 13 978472 1048
700_W2AW4A_B_SF_22 7.50290 115.51150 14 978911 1048
700_W2AW4A_B_SF_22 7.50290 115.51150 15 1039400 1048
700_W2AW4A_B_SF_22 7.50290 115.51150 16 1028320 1048
700_W2AW4A_B_SF_22 7.50290 115.51150 17 937724 1048
700_W2AW4A_B_SF_22 8.73076 119.94127 1 962115 1049
700_W2AW4A_B_SF_22 8.73112 119.94256 2 957908 1049
700_W2AW4A_B_SF_22 8.73091 119.94098 3 978615 1049
700_W2AW4A_B_SF_22 8.73078 119.94156 4 963851 1049
700_W2AW4A_B_SF_22 8.73074 119.94333 5 964661 1049
700_W2AW4A_B_SF_22 8.73062 119.94035 6 972856 1049
700_W2AW4A_B_SF_22 8.73086 119.94293 7 987315 1049
700_W2AW4A_B_SF_22 8.73096 119.94123 8 984649 1049
700_W2AW4A_B_SF_22 8.73093 119.94126 9 979919 1049
700_W2AW4A_B_SF_22 8.73061 119.94160 10 981263 1049
700_W2AW4A_B_SF_22 8.73069 119.94248 11 965857 1049
700_W2AW4A_B_SF_22 8.73108 119.94142 12 979792 1049
700_W2AW4A_B_SF_22 8.73080 119.94082 13 972113 1049
700_W2AW4A_B_SF_22 8.73076 119.94258 14 958992 1049
700_W2AW4A_B_SF_22 8.73086 119.94190 15 1008300 1049
700_W2AW4A_B_SF_22 8.73082 119.94041 16 1014420 1049
700_W2AW4A_B_SF_22 8.73083 119.94166 17 919567 1049
700_W2AW4A_B_SF_22 8.67352 124.50289 1 620819 1050
700_W2AW4A_B_SF_22 8.67358 124.50197 2 613817 1050
700_W2AW4A_B_SF_22 8.67334 124.50093 3 624912 1050
700_W2AW4A_B_SF_22 8.67362 124.50334 4 625347 1050
700_W2AW4A_B_SF_22 8.67334 124.50130 5 643308 1050
700_W2AW4A_B_SF_22 8.67281 124.50144 6 627548 1050
700_W2AW4A_B_SF_22 8.67321 124.50412 7 648073 1050
700_W2AW4A_B_SF_22 8.67341 124.50400 8 651394 1050
700_W2AW4A_B_SF_22 8.67310 124.50337 9 632408 1050
700_W2AW4A_B_SF_22 8.67331 124.50088 10 656239 1050
700_W2AW4A_B_SF_22 8.67328 124.50315 11 648893 1050
700_W2AW4A_B_SF_22 8.67345 124.50244 12 623304 1050
700_W2AW4A_B_SF_22 8.67040 124.50210 13 656042 1050
700_W2AW4A_B_SF_22 8.67337 124.50213 14 651980 1050
700_W2AW4A_B_SF_22 8.67335 124.50032 15 681353 1050
700_W2AW4A_B_SF_22 8.67315 124.49820 16 680034 1050
700_W2AW4A_B_SF_22 8.67335 124.50210 17 605028 1050
700_W2AW4A_B_SF_22 8.33410 127.85953 1 239711 1051
700_W2AW4A_B_SF_22 8.33410 127.85953 2 238964 1051
700_W2AW4A_B_SF_22 8.33410 127.85953 3 243526 1051
700_W2AW4A_B_SF_22 8.33410 127.85953 4 243776 1051
700_W2AW4A_B_SF_22 8.33410 127.85953 5 234936 1051
700_W2AW4A_B_SF_22 8.33410 127.85953 6 247330 1051
700_W2AW4A_B_SF_22 8.33410 127.85953 7 234991 1051
700_W2AW4A_B_SF_22 8.33410 127.85953 8 244815 1051
700_W2AW4A_B_SF_22 8.33410 127.85953 9 257613 1051
700_W2AW4A_B_SF_22 8.33410 127.85953 10 239923 1051
700_W2AW4A_B_SF_22 8.33410 127.85953 11 249273 1051
700_W2AW4A_B_SF_22 8.33410 127.85953 12 249759 1051
700_W2AW4A_B_SF_22 8.33410 127.85953 13 254182 1051
700_W2AW4A_B_SF_22 8.33410 127.85953 14 240116 1051
700_W2AW4A_B_SF_22 8.33410 127.85953 15 252965 1051
700_W2AW4A_B_SF_22 8.33410 127.85953 16 246047 1051
700_W2AW4A_B_SF_22 8.33410 127.85953 17 230466 1051
700_W2AW4A_B_SF_22 8.96203 126.96155 1 3253460 1052
700_W2AW4A_B_SF_22 8.96201 126.96202 2 3250480 1052
700_W2AW4A_B_SF_22 8.96200 126.96176 3 3380560 1052
700_W2AW4A_B_SF_22 8.96207 126.96153 4 3246840 1052
700_W2AW4A_B_SF_22 8.96201 126.96165 5 3301000 1052
700_W2AW4A_B_SF_22 8.96208 126.96135 6 3374350 1052
700_W2AW4A_B_SF_22 8.96204 126.96255 7 3347410 1052
700_W2AW4A_B_SF_22 8.96210 126.96230 8 3382030 1052
700_W2AW4A_B_SF_22 8.96204 126.96119 9 3383990 1052
700_W2AW4A_B_SF_22 8.96197 126.96232 10 3385710 1052
700_W2AW4A_B_SF_22 8.96205 126.96263 11 3403960 1052
700_W2AW4A_B_SF_22 8.96207 126.96173 12 3379920 1052
700_W2AW4A_B_SF_22 8.96208 126.96231 13 3403380 1052
700_W2AW4A_B_SF_22 8.96207 126.96261 14 3381500 1052
700_W2AW4A_B_SF_22 8.96198 126.96051 15 3470900 1052
700_W2AW4A_B_SF_22 8.96198 126.96093 16 3475530 1052
700_W2AW4A_B_SF_22 8.96204 126.96181 17 3165940 1052
700_W2AW4A_B_SF_22 8.17090 120.06784 1 1924860 1053
700_W2AW4A_B_SF_22 8.17090 120.06784 2 1935460 1053
700_W2AW4A_B_SF_22 8.17090 120.06784 3 1934130 1053
700_W2AW4A_B_SF_22 8.17090 120.06784 4 1933460 1053
700_W2AW4A_B_SF_22 8.17090 120.06784 5 1949600 1053
700_W2AW4A_B_SF_22 8.17090 120.06784 6 1921690 1053
700_W2AW4A_B_SF_22 8.17090 120.06784 7 1979160 1053
700_W2AW4A_B_SF_22 8.17090 120.06784 8 1979370 1053
700_W2AW4A_B_SF_22 8.17090 120.06784 9 1920550 1053
700_W2AW4A_B_SF_22 8.17090 120.06784 10 1967760 1053
700_W2AW4A_B_SF_22 8.17090 120.06784 11 1962550 1053
700_W2AW4A_B_SF_22 8.17090 120.06784 12 1925710 1053
700_W2AW4A_B_SF_22 8.17090 120.06784 13 1955600 1053
700_W2AW4A_B_SF_22 8.17090 120.06784 14 1920540 1053
700_W2AW4A_B_SF_22 8.17090 120.06784 15 2023180 1053
700_W2AW4A_B_SF_22 8.17090 120.06784 16 2029400 1053
700_W2AW4A_B_SF_22 8.17090 120.06784 17 1839000 1053
700_W2AW4A_B_SF_22 8.07742 114.49681 1 1557570 1054
700_W2AW4A_B_SF_22 8.07742 114.49681 2 1565270 1054
700_W2AW4A_B_SF_22 8.07742 114.49681 3 1539690 1054
700_W2AW4A_B_SF_22 8.07742 114.49681 4 1550770 1054
700_W2AW4A_B_SF_22 8.07742 114.49681 5 1554260 1054
700_W2AW4A_B_SF_22 8.07742 114.49681 6 1547340 1054
700_W2AW4A_B_SF_22 8.07742 114.49681 7 1555450 1054
700_W2AW4A_B_SF_22 8.07742 114.49681 8 1559810 1054
700_W2AW4A_B_SF_22 8.07742 114.49681 9 1543170 1054
700_W2AW4A_B_SF_22 8.07742 114.49681 10 1535660 1054
700_W2AW4A_B_SF_22 8.07742 114.49681 11 1527330 1054
700_W2AW4A_B_SF_22 8.07742 114.49681 12 1546760 1054
700_W2AW4A_B_SF_22 8.07742 114.49681 13 1524570 1054
700_W2AW4A_B_SF_22 8.07742 114.49681 14 1501420 1054
700_W2AW4A_B_SF_22 8.07742 114.49681 15 1612620 1054
700_W2AW4A_B_SF_22 8.07742 114.49681 16 1611810 1054
700_W2AW4A_B_SF_22 8.07742 114.49681 17 1460790 1054
700_W2AW4A_B_SF_22 8.37763 110.74235 1 822606 1055
700_W2AW4A_B_SF_22 8.37763 110.74235 2 815913 1055
700_W2AW4A_B_SF_22 8.37763 110.74235 3 790946 1055
700_W2AW4A_B_SF_22 8.37763 110.74235 4 824799 1055
700_W2AW4A_B_SF_22 8.37763 110.74235 5 827715 1055
700_W2AW4A_B_SF_22 8.37763 110.74235 6 791329 1055
700_W2AW4A_B_SF_22 8.37763 110.74235 7 821542 1055
700_W2AW4A_B_SF_22 8.37763 110.74235 8 811386 1055
700_W2AW4A_B_SF_22 8.37763 110.74235 9 803689 1055
700_W2AW4A_B_SF_22 8.37763 110.74235 10 797298 1055
700_W2AW4A_B_SF_22 8.37763 110.74235 11 790003 1055
700_W2AW4A_B_SF_22 8.37763 110.74235 12 793275 1055
700_W2AW4A_B_SF_22 8.37763 110.74235 13 787652 1055
700_W2AW4A_B_SF_22 8.37763 110.74235 14 777598 1055
700_W2AW4A_B_SF_22 8.37763 110.74235 15 849395 1055
700_W2AW4A_B_SF_22 8.37763 110.74235 16 855068 1055
700_W2AW4A_B_SF_22 8.37763 110.74235 17 762366 1055
700_W2AW4A_B_SF_22 7.78364 119.28504 1 1731070 1056
700_W2AW4A_B_SF_22 7.78364 119.28504 2 1742620 1056
700_W2AW4A_B_SF_22 7.78364 119.28504 3 1769170 1056
700_W2AW4A_B_SF_22 7.78364 119.28504 4 1741590 1056
700_W2AW4A_B_SF_22 7.78364 119.28504 5 1769000 1056
700_W2AW4A_B_SF_22 7.78364 119.28504 6 1763460 1056
700_W2AW4A_B_SF_22 7.78364 119.28504 7 1779900 1056
700_W2AW4A_B_SF_22 7.78364 119.28504 8 1775080 1056
700_W2AW4A_B_SF_22 7.78364 119.28504 9 1774040 1056
700_W2AW4A_B_SF_22 7.78364 119.28504 10 1776430 1056
700_W2AW4A_B_SF_22 7.78364 119.28504 11 1766720 1056
700_W2AW4A_B_SF_22 7.78364 119.28504 12 1770860 1056
700_W2AW4A_B_SF_22 7.78364 119.28504 13 1756220 1056
700_W2AW4A_B_SF_22 7.78364 119.28504 14 1745570 1056
700_W2AW4A_B_SF_22 7.78364 119.28504 15 1826690 1056
700_W2AW4A_B_SF_22 7.78364 119.28504 16 1836670 1056
700_W2AW4A_B_SF_22 7.78364 119.28504 17 1666180 1056
700_W2AW4A_B_SF_22 8.99284 123.83998 1 748653 1059
700_W2AW4A_B_SF_22 8.99284 123.83998 2 760283 1059
700_W2AW4A_B_SF_22 8.99284 123.83998 3 774174 1059
700_W2AW4A_B_SF_22 8.99284 123.83998 4 767469 1059
700_W2AW4A_B_SF_22 8.99284 123.83998 5 762171 1059
700_W2AW4A_B_SF_22 8.99284 123.83998 6 781643 1059
700_W2AW4A_B_SF_22 8.99284 123.83998 7 781121 1059
700_W2AW4A_B_SF_22 8.99284 123.83998 8 785679 1059
700_W2AW4A_B_SF_22 8.99284 123.83998 9 772784 1059
700_W2AW4A_B_SF_22 8.99284 123.83998 10 782116 1059
700_W2AW4A_B_SF_22 8.99284 123.83998 11 774396 1059
700_W2AW4A_B_SF_22 8.99284 123.83998 12 792027 1059
700_W2AW4A_B_SF_22 8.99284 123.83998 13 772132 1059
700_W2AW4A_B_SF_22 8.99284 123.83998 14 769033 1059
700_W2AW4A_B_SF_22 8.99284 123.83998 15 799256 1059
700_W2AW4A_B_SF_22 8.99284 123.83998 16 806141 1059
700_W2AW4A_B_SF_22 8.99284 123.83998 17 731122 1059
700_W2AW4A_B_SF_22 7.86522 116.11538 1 700874 1062
700_W2AW4A_B_SF_22 7.86522 116.11538 2 703418 1062
700_W2AW4A_B_SF_22 7.86522 116.11538 3 704607 1062
700_W2AW4A_B_SF_22 7.86522 116.11538 4 706831 1062
700_W2AW4A_B_SF_22 7.86522 116.11538 5 711565 1062
700_W2AW4A_B_SF_22 7.86522 116.11538 6 700171 1062
700_W2AW4A_B_SF_22 7.86522 116.11538 7 711836 1062
700_W2AW4A_B_SF_22 7.86522 116.11538 8 704128 1062
700_W2AW4A_B_SF_22 7.86522 116.11538 9 699017 1062
700_W2AW4A_B_SF_22 7.86522 116.11538 10 700028 1062
700_W2AW4A_B_SF_22 7.86522 116.11538 11 696150 1062
700_W2AW4A_B_SF_22 7.86522 116.11538 12 717584 1062
700_W2AW4A_B_SF_22 7.86522 116.11538 13 694046 1062
700_W2AW4A_B_SF_22 7.86522 116.11538 14 684136 1062
700_W2AW4A_B_SF_22 7.86765 116.12068 15 744123 1062
700_W2AW4A_B_SF_22 7.86522 116.11538 16 743549 1062
700_W2AW4A_B_SF_22 7.86522 116.11538 17 666004 1062
700_W2AW4A_B_SF_22 8.07363 118.03759 1 859387 1066
700_W2AW4A_B_SF_22 8.07363 118.03759 2 851451 1066
700_W2AW4A_B_SF_22 8.07363 118.03759 3 853394 1066
700_W2AW4A_B_SF_22 8.07363 118.03759 4 857671 1066
700_W2AW4A_B_SF_22 8.07363 118.03759 5 861986 1066
700_W2AW4A_B_SF_22 8.07363 118.03759 6 859024 1066
700_W2AW4A_B_SF_22 8.07363 118.03759 7 875648 1066
700_W2AW4A_B_SF_22 8.07363 118.03759 8 871287 1066
700_W2AW4A_B_SF_22 8.07363 118.03759 9 856218 1066
700_W2AW4A_B_SF_22 8.07363 118.03759 10 850694 1066
700_W2AW4A_B_SF_22 8.07363 118.03759 11 854675 1066
700_W2AW4A_B_SF_22 8.07363 118.03759 12 857061 1066
700_W2AW4A_B_SF_22 8.07363 118.03759 13 850153 1066
700_W2AW4A_B_SF_22 8.07363 118.03759 14 853273 1066
700_W2AW4A_B_SF_22 8.07363 118.03759 15 890145 1066
700_W2AW4A_B_SF_22 8.07363 118.03759 16 904554 1066
700_W2AW4A_B_SF_22 8.07363 118.03759 17 812154 1066
700_W2AW4A_B_SF_22 8.26982 125.26190 1 1103500 1069
700_W2AW4A_B_SF_22 8.26982 125.26190 2 1098350 1069
700_W2AW4A_B_SF_22 8.26982 125.26190 3 1115830 1069
700_W2AW4A_B_SF_22 8.26982 125.26190 4 1106840 1069
700_W2AW4A_B_SF_22 8.26982 125.26190 5 1109390 1069
700_W2AW4A_B_SF_22 8.26982 125.26190 6 1119960 1069
700_W2AW4A_B_SF_22 8.26982 125.26190 7 1119300 1069
700_W2AW4A_B_SF_22 8.26982 125.26190 8 1125930 1069
700_W2AW4A_B_SF_22 8.26982 125.26190 9 1117050 1069
700_W2AW4A_B_SF_22 8.26982 125.26190 10 1133150 1069
700_W2AW4A_B_SF_22 8.26982 125.26190 11 1131950 1069
700_W2AW4A_B_SF_22 8.26982 125.26190 12 1119470 1069
700_W2AW4A_B_SF_22 8.26982 125.26190 13 1133780 1069
700_W2AW4A_B_SF_22 8.26982 125.26190 14 1117670 1069
700_W2AW4A_B_SF_22 8.26982 125.26190 15 1202140 1069
700_W2AW4A_B_SF_22 8.26982 125.26190 16 1206850 1069
700_W2AW4A_B_SF_22 8.26982 125.26190 17 1062420 1069
700_W2AW4A_B_SF_22 8.60875 120.35626 1 582399 1071
700_W2AW4A_B_SF_22 8.60701 120.34456 2 577568 1071
700_W2AW4A_B_SF_22 8.60986 120.35249 3 585742 1071
700_W2AW4A_B_SF_22 8.60701 120.34456 4 573886 1071
700_W2AW4A_B_SF_22 8.60918 120.35511 5 586246 1071
700_W2AW4A_B_SF_22 8.60872 120.35258 6 594417 1071
700_W2AW4A_B_SF_22 8.60701 120.34456 7 589860 1071
700_W2AW4A_B_SF_22 8.60701 120.34456 8 597464 1071
700_W2AW4A_B_SF_22 8.60701 120.34456 9 582849 1071
700_W2AW4A_B_SF_22 8.60701 120.34456 10 582978 1071
700_W2AW4A_B_SF_22 8.60701 120.34456 11 586066 1071
700_W2AW4A_B_SF_22 8.60701 120.34456 12 581314 1071
700_W2AW4A_B_SF_22 8.60971 120.35405 13 588417 1071
700_W2AW4A_B_SF_22 8.60964 120.35345 14 573662 1071
700_W2AW4A_B_SF_22 8.60701 120.34456 15 610608 1071
700_W2AW4A_B_SF_22 8.60701 120.34456 16 609336 1071
700_W2AW4A_B_SF_22 8.60701 120.34456 17 553107 1071
700_W2AW4A_B_SF_22 8.66831 120.26909 1 1403010 1072
700_W2AW4A_B_SF_22 8.66831 120.26909 2 1411910 1072
700_W2AW4A_B_SF_22 8.66831 120.26909 3 1421640 1072
700_W2AW4A_B_SF_22 8.66831 120.26909 4 1421020 1072
700_W2AW4A_B_SF_22 8.66831 120.26909 5 1423670 1072
700_W2AW4A_B_SF_22 8.66831 120.26909 6 1424740 1072
700_W2AW4A_B_SF_22 8.66831 120.26909 7 1444720 1072
700_W2AW4A_B_SF_22 8.66831 120.26909 8 1432520 1072
700_W2AW4A_B_SF_22 8.66831 120.26909 9 1432650 1072
700_W2AW4A_B_SF_22 8.66831 120.26909 10 1430990 1072
700_W2AW4A_B_SF_22 8.66831 120.26909 11 1416750 1072
700_W2AW4A_B_SF_22 8.66831 120.26909 12 1421870 1072
700_W2AW4A_B_SF_22 8.66831 120.26909 13 1424090 1072
700_W2AW4A_B_SF_22 8.66831 120.26909 14 1398580 1072
700_W2AW4A_B_SF_22 8.66831 120.26909 15 1458040 1072
700_W2AW4A_B_SF_22 8.66831 120.26909 16 1480840 1072
700_W2AW4A_B_SF_22 8.66831 120.26909 17 1343940 1072
700_W2AW4A_B_SF_22 8.24957 132.55462 1 842815 1073
700_W2AW4A_B_SF_22 8.24957 132.55462 2 841968 1073
700_W2AW4A_B_SF_22 8.24957 132.55462 3 871283 1073
700_W2AW4A_B_SF_22 8.24957 132.55462 4 838036 1073
700_W2AW4A_B_SF_22 8.24957 132.55462 5 821213 1073
700_W2AW4A_B_SF_22 8.24957 132.55462 6 876704 1073
700_W2AW4A_B_SF_22 8.24957 132.55462 7 832211 1073
700_W2AW4A_B_SF_22 8.24957 132.55462 8 857720 1073
700_W2AW4A_B_SF_22 8.24957 132.55462 9 854566 1073
700_W2AW4A_B_SF_22 8.24957 132.55462 10 854434 1073
700_W2AW4A_B_SF_22 8.24957 132.55462 11 863298 1073
700_W2AW4A_B_SF_22 8.24957 132.55462 12 870557 1073
700_W2AW4A_B_SF_22 8.24957 132.55462 13 868905 1073
700_W2AW4A_B_SF_22 8.24957 132.55462 14 871001 1073
700_W2AW4A_B_SF_22 8.24957 132.55462 15 919464 1073
700_W2AW4A_B_SF_22 8.24957 132.55462 16 902740 1073
700_W2AW4A_B_SF_22 8.24957 132.55462 17 810995 1073
700_W2AW4A_B_SF_22 8.88019 124.56721 1 1180430 1077
700_W2AW4A_B_SF_22 8.87722 124.56698 2 1176220 1077
700_W2AW4A_B_SF_22 8.87991 124.56635 3 1201860 1077
700_W2AW4A_B_SF_22 8.88017 124.56723 4 1174800 1077
700_W2AW4A_B_SF_22 8.88005 124.56778 5 1200880 1077
700_W2AW4A_B_SF_22 8.87722 124.56698 6 1196120 1077
700_W2AW4A_B_SF_22 8.87722 124.56698 7 1202470 1077
700_W2AW4A_B_SF_22 8.87722 124.56698 8 1224930 1077
700_W2AW4A_B_SF_22 8.88005 124.56715 9 1206260 1077
700_W2AW4A_B_SF_22 8.87722 124.56698 10 1233440 1077
700_W2AW4A_B_SF_22 8.87722 124.56698 11 1209740 1077
700_W2AW4A_B_SF_22 8.87985 124.56662 12 1197800 1077
700_W2AW4A_B_SF_22 8.87993 124.56866 13 1225820 1077
700_W2AW4A_B_SF_22 8.87722 124.56698 14 1206750 1077
700_W2AW4A_B_SF_22 8.88006 124.56533 15 1255310 1077
700_W2AW4A_B_SF_22 8.87986 124.56616 16 1267950 1077
700_W2AW4A_B_SF_22 8.88017 124.56698 17 1138870 1077
700_W2AW4A_B_SF_22 8.47981 115.62875 1 1067950 1078
700_W2AW4A_B_SF_22 8.47981 115.62875 2 1059610 1078
700_W2AW4A_B_SF_22 8.47981 115.62875 3 1050580 1078
700_W2AW4A_B_SF_22 8.47981 115.62875 4 1053410 1078
700_W2AW4A_B_SF_22 8.47981 115.62875 5 1070000 1078
700_W2AW4A_B_SF_22 8.47981 115.62875 6 1046230 1078
700_W2AW4A_B_SF_22 8.47981 115.62875 7 1077520 1078
700_W2AW4A_B_SF_22 8.47981 115.62875 8 1065040 1078
700_W2AW4A_B_SF_22 8.47981 115.62875 9 1049000 1078
700_W2AW4A_B_SF_22 8.47981 115.62875 10 1061670 1078
700_W2AW4A_B_SF_22 8.47981 115.62875 11 1045810 1078
700_W2AW4A_B_SF_22 8.47981 115.62875 12 1044370 1078
700_W2AW4A_B_SF_22 8.47981 115.62875 13 1057870 1078
700_W2AW4A_B_SF_22 8.47981 115.62875 14 1027960 1078
700_W2AW4A_B_SF_22 8.47981 115.62875 15 1103020 1078
700_W2AW4A_B_SF_22 8.47981 115.62875 16 1107220 1078
700_W2AW4A_B_SF_22 8.47981 115.62875 17 999251 1078
700_W2AW4A_B_SF_22 8.39486 123.25891 1 2312120 1079
700_W2AW4A_B_SF_22 8.39486 123.25891 2 2305900 1079
700_W2AW4A_B_SF_22 8.39486 123.25891 3 2344840 1079
700_W2AW4A_B_SF_22 8.39769 123.25841 4 2321460 1079
700_W2AW4A_B_SF_22 8.39776 123.25873 5 2328680 1079
700_W2AW4A_B_SF_22 8.39783 123.25920 6 2372140 1079
700_W2AW4A_B_SF_22 8.39794 123.25960 7 2362290 1079
700_W2AW4A_B_SF_22 8.39782 123.25986 8 2379870 1079
700_W2AW4A_B_SF_22 8.39787 123.25839 9 2361610 1079
700_W2AW4A_B_SF_22 8.39769 123.26005 10 2382930 1079
700_W2AW4A_B_SF_22 8.39769 123.25995 11 2386610 1079
700_W2AW4A_B_SF_22 8.39775 123.25911 12 2372610 1079
700_W2AW4A_B_SF_22 8.39789 123.26035 13 2381500 1079
700_W2AW4A_B_SF_22 8.39782 123.25926 14 2339740 1079
700_W2AW4A_B_SF_22 8.39784 123.25839 15 2425410 1079
700_W2AW4A_B_SF_22 8.39486 123.25891 16 2423630 1079
700_W2AW4A_B_SF_22 8.39780 123.25891 17 2223610 1079
700_W2AW4A_B_SF_22 8.53122 129.14734 1 573823 1080
700_W2AW4A_B_SF_22 8.52784 129.14896 2 564715 1080
700_W2AW4A_B_SF_22 8.53068 129.14771 3 586285 1080
700_W2AW4A_B_SF_22 8.53115 129.14547 4 568241 1080
700_W2AW4A_B_SF_22 8.53040 129.14910 5 579702 1080
700_W2AW4A_B_SF_22 8.52784 129.14896 6 588884 1080
700_W2AW4A_B_SF_22 8.53074 129.14984 7 589889 1080
700_W2AW4A_B_SF_22 8.53093 129.15122 8 599191 1080
700_W2AW4A_B_SF_22 8.53077 129.14773 9 591294 1080
700_W2AW4A_B_SF_22 8.53050 129.15058 10 602892 1080
700_W2AW4A_B_SF_22 8.53083 129.15024 11 607616 1080
700_W2AW4A_B_SF_22 8.53049 129.15018 12 590135 1080
700_W2AW4A_B_SF_22 8.53092 129.15158 13 613054 1080
700_W2AW4A_B_SF_22 8.53097 129.15025 14 599507 1080
700_W2AW4A_B_SF_22 8.53039 129.14714 15 624164 1080
700_W2AW4A_B_SF_22 8.53021 129.14809 16 625432 1080
700_W2AW4A_B_SF_22 8.53078 129.14897 17 559107 1080
700_W2AW4A_B_SF_22 8.47628 116.59582 1 5365940 1081
700_W2AW4A_B_SF_22 8.47628 116.59582 2 5355560 1081
700_W2AW4A_B_SF_22 8.47628 116.59582 3 5428110 1081
700_W2AW4A_B_SF_22 8.47628 116.59582 4 5357300 1081
700_W2AW4A_B_SF_22 8.47628 116.59582 5 5414610 1081
700_W2AW4A_B_SF_22 8.47628 116.59582 6 5426110 1081
700_W2AW4A_B_SF_22 8.47628 116.59582 7 5440860 1081
700_W2AW4A_B_SF_22 8.47628 116.59582 8 5414850 1081
700_W2AW4A_B_SF_22 8.47628 116.59582 9 5438880 1081
700_W2AW4A_B_SF_22 8.47628 116.59582 10 5422280 1081
700_W2AW4A_B_SF_22 8.47628 116.59582 11 5344620 1081
700_W2AW4A_B_SF_22 8.47628 116.59582 12 5431620 1081
700_W2AW4A_B_SF_22 8.47628 116.59582 13 5328010 1081
700_W2AW4A_B_SF_22 8.47628 116.59582 14 5298210 1081
700_W2AW4A_B_SF_22 8.47628 116.59582 15 5546600 1081
700_W2AW4A_B_SF_22 8.47628 116.59582 16 5568810 1081
700_W2AW4A_B_SF_22 8.47628 116.59582 17 5093080 1081
700_W2AW4A_B_SF_22 7.75771 107.55739 1 2528120 1082
700_W2AW4A_B_SF_22 7.75782 107.55683 2 2523350 1082
700_W2AW4A_B_SF_22 7.75792 107.55782 3 2529320 1082
700_W2AW4A_B_SF_22 7.75780 107.55740 4 2523740 1082
700_W2AW4A_B_SF_22 7.75776 107.55744 5 2508240 1082
700_W2AW4A_B_SF_22 7.75789 107.55668 6 2501060 1082
700_W2AW4A_B_SF_22 7.75784 107.55797 7 2495690 1082
700_W2AW4A_B_SF_22 7.75774 107.55764 8 2462550 1082
700_W2AW4A_B_SF_22 7.75782 107.55696 9 2506200 1082
700_W2AW4A_B_SF_22 7.75798 107.55701 10 2426040 1082
700_W2AW4A_B_SF_22 7.75780 107.55676 11 2402260 1082
700_W2AW4A_B_SF_22 7.75795 107.55665 12 2530160 1082
700_W2AW4A_B_SF_22 7.75767 107.55651 13 2393920 1082
700_W2AW4A_B_SF_22 7.75783 107.55812 14 2383490 1082
700_W2AW4A_B_SF_22 7.75789 107.55599 15 2571250 1082
700_W2AW4A_B_SF_22 7.75766 107.55673 16 2600840 1082
700_W2AW4A_B_SF_22 7.75782 107.55712 17 2346250 1082
700_W2AW4A_B_SF_22 8.34911 118.38682 1 4573580 1083
700_W2AW4A_B_SF_22 8.34911 118.38682 2 4577990 1083
700_W2AW4A_B_SF_22 8.34911 118.38682 3 4621630 1083
700_W2AW4A_B_SF_22 8.34911 118.38682 4 4586060 1083
700_W2AW4A_B_SF_22 8.34911 118.38682 5 4604080 1083
700_W2AW4A_B_SF_22 8.34911 118.38682 6 4632810 1083
700_W2AW4A_B_SF_22 8.34911 118.38682 7 4611730 1083
700_W2AW4A_B_SF_22 8.34911 118.38682 8 4633650 1083
700_W2AW4A_B_SF_22 8.34911 118.38682 9 4628120 1083
700_W2AW4A_B_SF_22 8.34911 118.38682 10 4606220 1083
700_W2AW4A_B_SF_22 8.34911 118.38682 11 4582800 1083
700_W2AW4A_B_SF_22 8.34911 118.38682 12 4635580 1083
700_W2AW4A_B_SF_22 8.34911 118.38682 13 4559640 1083
700_W2AW4A_B_SF_22 8.34911 118.38682 14 4538520 1083
700_W2AW4A_B_SF_22 8.34911 118.38682 15 4761300 1083
700_W2AW4A_B_SF_22 8.34911 118.38682 16 4764920 1083
700_W2AW4A_B_SF_22 8.34911 118.38682 17 4348160 1083
700_W2AW4A_B_SF_22 7.37936 121.12951 1 4551750 1084
700_W2AW4A_B_SF_22 7.37936 121.12951 2 4570030 1084
700_W2AW4A_B_SF_22 7.37936 121.12951 3 4641550 1084
700_W2AW4A_B_SF_22 7.37936 121.12951 4 4570260 1084
700_W2AW4A_B_SF_22 7.37936 121.12951 5 4586320 1084
700_W2AW4A_B_SF_22 7.37936 121.12951 6 4679170 1084
700_W2AW4A_B_SF_22 7.37936 121.12951 7 4620350 1084
700_W2AW4A_B_SF_22 7.37936 121.12951 8 4638770 1084
700_W2AW4A_B_SF_22 7.37936 121.12951 9 4661000 1084
700_W2AW4A_B_SF_22 7.37936 121.12951 10 4649390 1084
700_W2AW4A_B_SF_22 7.37936 121.12951 11 4622460 1084
700_W2AW4A_B_SF_22 7.37936 121.12951 12 4659580 1084
700_W2AW4A_B_SF_22 7.37936 121.12951 13 4629690 1084
700_W2AW4A_B_SF_22 7.37936 121.12951 14 4610440 1084
700_W2AW4A_B_SF_22 7.37936 121.12951 15 4789190 1084
700_W2AW4A_B_SF_22 7.37936 121.12951 16 4765510 1084
700_W2AW4A_B_SF_22 7.37936 121.12951 17 4367380 1084
700_W2AW4A_B_SF_22 8.72222 123.95130 1 1235050 1086
700_W2AW4A_B_SF_22 8.72222 123.95130 2 1238960 1086
700_W2AW4A_B_SF_22 8.72222 123.95130 3 1265010 1086
700_W2AW4A_B_SF_22 8.72222 123.95130 4 1250380 1086
700_W2AW4A_B_SF_22 8.72222 123.95130 5 1255810 1086
700_W2AW4A_B_SF_22 8.72222 123.95130 6 1266240 1086
700_W2AW4A_B_SF_22 8.72222 123.95130 7 1261200 1086
700_W2AW4A_B_SF_22 8.72222 123.95130 8 1280120 1086
700_W2AW4A_B_SF_22 8.72222 123.95130 9 1266490 1086
700_W2AW4A_B_SF_22 8.72222 123.95130 10 1277360 1086
700_W2AW4A_B_SF_22 8.72222 123.95130 11 1275780 1086
700_W2AW4A_B_SF_22 8.72222 123.95130 12 1267520 1086
700_W2AW4A_B_SF_22 8.72222 123.95130 13 1279270 1086
700_W2AW4A_B_SF_22 8.72222 123.95130 14 1264440 1086
700_W2AW4A_B_SF_22 8.72222 123.95130 15 1325750 1086
700_W2AW4A_B_SF_22 8.72222 123.95130 16 1325990 1086
700_W2AW4A_B_SF_22 8.72222 123.95130 17 1196200 1086
700_W2AW4A_B_SF_22 8.22634 116.89487 1 787594 1090
700_W2AW4A_B_SF_22 8.22634 116.89487 2 792400 1090
700_W2AW4A_B_SF_22 8.22634 116.89487 3 806046 1090
700_W2AW4A_B_SF_22 8.22634 116.89487 4 791524 1090
700_W2AW4A_B_SF_22 8.22634 116.89487 5 799828 1090
700_W2AW4A_B_SF_22 8.22634 116.89487 6 805379 1090
700_W2AW4A_B_SF_22 8.22634 116.89487 7 800742 1090
700_W2AW4A_B_SF_22 8.22634 116.89487 8 802939 1090
700_W2AW4A_B_SF_22 8.22634 116.89487 9 802879 1090
700_W2AW4A_B_SF_22 8.22634 116.89487 10 793411 1090
700_W2AW4A_B_SF_22 8.22634 116.89487 11 784816 1090
700_W2AW4A_B_SF_22 8.22634 116.89487 12 800032 1090
700_W2AW4A_B_SF_22 8.22634 116.89487 13 791650 1090
700_W2AW4A_B_SF_22 8.22634 116.89487 14 774835 1090
700_W2AW4A_B_SF_22 8.22634 116.89487 15 809529 1090
700_W2AW4A_B_SF_22 8.22634 116.89487 16 824272 1090
700_W2AW4A_B_SF_22 8.22634 116.89487 17 751052 1090
700_W2AW4A_B_SF_22 9.81701 130.24615 1 155715 1961
700_W2AW4A_B_SF_22 9.81719 130.23308 2 149247 1961
700_W2AW4A_B_SF_22 9.81752 130.23984 3 165704 1961
700_W2AW4A_B_SF_22 9.81657 130.23259 4 153156 1961
700_W2AW4A_B_SF_22 9.81719 130.24730 5 154708 1961
700_W2AW4A_B_SF_22 9.81677 130.23601 6 153333 1961
700_W2AW4A_B_SF_22 9.81727 130.24618 7 161423 1961
700_W2AW4A_B_SF_22 9.81731 130.23985 8 149065 1961
700_W2AW4A_B_SF_22 9.81720 130.23657 9 158012 1961
700_W2AW4A_B_SF_22 9.81734 130.23702 10 158338 1961
700_W2AW4A_B_SF_22 9.81736 130.24908 11 161682 1961
700_W2AW4A_B_SF_22 9.81419 130.23839 12 152515 1961
700_W2AW4A_B_SF_22 9.81727 130.23883 13 159650 1961
700_W2AW4A_B_SF_22 9.81665 130.24406 14 164797 1961
700_W2AW4A_B_SF_22 9.81419 130.23839 15 163461 1961
700_W2AW4A_B_SF_22 9.81703 130.23437 16 169802 1961
700_W2AW4A_B_SF_22 9.81714 130.23840 17 148859 1961
700_W2AW4A_B_SF_22 8.29381 111.59797 1 471315 2031
700_W2AW4A_B_SF_22 8.29381 111.59797 2 479145 2031
700_W2AW4A_B_SF_22 8.29381 111.59797 3 465969 2031
700_W2AW4A_B_SF_22 8.29381 111.59797 4 473974 2031
700_W2AW4A_B_SF_22 8.29381 111.59797 5 470027 2031
700_W2AW4A_B_SF_22 8.29381 111.59797 6 452246 2031
700_W2AW4A_B_SF_22 8.29381 111.59797 7 457843 2031
700_W2AW4A_B_SF_22 8.29381 111.59797 8 457792 2031
700_W2AW4A_B_SF_22 8.29381 111.59797 9 467587 2031
700_W2AW4A_B_SF_22 8.29381 111.59797 10 456292 2031
700_W2AW4A_B_SF_22 8.29381 111.59797 11 462945 2031
700_W2AW4A_B_SF_22 8.29381 111.59797 12 471441 2031
700_W2AW4A_B_SF_22 8.29381 111.59797 13 448388 2031
700_W2AW4A_B_SF_22 8.29381 111.59797 14 446457 2031
700_W2AW4A_B_SF_22 8.29381 111.59797 15 464044 2031
700_W2AW4A_B_SF_22 8.29381 111.59797 16 469085 2031
700_W2AW4A_B_SF_22 8.29381 111.59797 17 436150 2031
700_W2AW4A_B_SF_22 8.29400 109.98596 1 549054 2033
700_W2AW4A_B_SF_22 8.29428 109.98776 2 547909 2033
700_W2AW4A_B_SF_22 8.29424 109.98363 3 546468 2033
700_W2AW4A_B_SF_22 8.29405 109.98472 4 541636 2033
700_W2AW4A_B_SF_22 8.29363 109.98535 5 546884 2033
700_W2AW4A_B_SF_22 8.29436 109.98542 6 545948 2033
700_W2AW4A_B_SF_22 8.29386 109.98625 7 543652 2033
700_W2AW4A_B_SF_22 8.29397 109.98760 8 534886 2033
700_W2AW4A_B_SF_22 8.29392 109.98493 9 551086 2033
700_W2AW4A_B_SF_22 8.29394 109.98462 10 534409 2033
700_W2AW4A_B_SF_22 8.29361 109.98564 11 535502 2033
700_W2AW4A_B_SF_22 8.29444 109.98502 12 543969 2033
700_W2AW4A_B_SF_22 8.29398 109.98424 13 532236 2033
700_W2AW4A_B_SF_22 8.29419 109.98588 14 524204 2033
700_W2AW4A_B_SF_22 8.29423 109.98462 15 558177 2033
700_W2AW4A_B_SF_22 8.29445 109.98515 16 553984 2033
700_W2AW4A_B_SF_22 8.29407 109.98542 17 511177 2033
700_W2AW4A_B_SF_22 8.22973 111.39294 1 233735 2041
700_W2AW4A_B_SF_22 8.22973 111.39294 2 234671 2041
700_W2AW4A_B_SF_22 8.22973 111.39294 3 242032 2041
700_W2AW4A_B_SF_22 8.22973 111.39294 4 237614 2041
700_W2AW4A_B_SF_22 8.22973 111.39294 5 232897 2041
700_W2AW4A_B_SF_22 8.22973 111.39294 6 234271 2041
700_W2AW4A_B_SF_22 8.22973 111.39294 7 232094 2041
700_W2AW4A_B_SF_22 8.22973 111.39294 8 228041 2041
700_W2AW4A_B_SF_22 8.22973 111.39294 9 229298 2041
700_W2AW4A_B_SF_22 8.22973 111.39294 10 228414 2041
700_W2AW4A_B_SF_22 8.22973 111.39294 11 222867 2041
700_W2AW4A_B_SF_22 8.22973 111.39294 12 237777 2041
700_W2AW4A_B_SF_22 8.22973 111.39294 13 222372 2041
700_W2AW4A_B_SF_22 8.22973 111.39294 14 218365 2041
700_W2AW4A_B_SF_22 8.22973 111.39294 15 240939 2041
700_W2AW4A_B_SF_22 8.22973 111.39294 16 238619 2041
700_W2AW4A_B_SF_22 8.22973 111.39294 17 218471 2041
700_W2AW4A_B_SF_22 8.34754 110.78955 1 520758 2043
700_W2AW4A_B_SF_22 8.34767 110.78980 2 515769 2043
700_W2AW4A_B_SF_22 8.34734 110.78705 3 512877 2043
700_W2AW4A_B_SF_22 8.34762 110.78868 4 520455 2043
700_W2AW4A_B_SF_22 8.34733 110.78954 5 519914 2043
700_W2AW4A_B_SF_22 8.34767 110.78840 6 512182 2043
700_W2AW4A_B_SF_22 8.34745 110.79080 7 516143 2043
700_W2AW4A_B_SF_22 8.34783 110.79123 8 505242 2043
700_W2AW4A_B_SF_22 8.34791 110.78651 9 522459 2043
700_W2AW4A_B_SF_22 8.34766 110.79013 10 511337 2043
700_W2AW4A_B_SF_22 8.34801 110.78999 11 497895 2043
700_W2AW4A_B_SF_22 8.34766 110.78867 12 508544 2043
700_W2AW4A_B_SF_22 8.34780 110.79077 13 496938 2043
700_W2AW4A_B_SF_22 8.34735 110.78856 14 502027 2043
700_W2AW4A_B_SF_22 8.34732 110.78746 15 530889 2043
700_W2AW4A_B_SF_22 8.34734 110.78880 16 534189 2043
700_W2AW4A_B_SF_22 8.34759 110.78911 17 483978 2043
700_W2AW4A_B_SF_22 8.24005 108.71942 1 403580 2045
700_W2AW4A_B_SF_22 8.23977 108.72557 2 412679 2045
700_W2AW4A_B_SF_22 8.24014 108.72172 3 406680 2045
700_W2AW4A_B_SF_22 8.24021 108.72219 4 399078 2045
700_W2AW4A_B_SF_22 8.23972 108.72367 5 410122 2045
700_W2AW4A_B_SF_22 8.23955 108.72110 6 411914 2045
700_W2AW4A_B_SF_22 8.23989 108.72056 7 394319 2045
700_W2AW4A_B_SF_22 8.23994 108.72209 8 399995 2045
700_W2AW4A_B_SF_22 8.23983 108.71987 9 401886 2045
700_W2AW4A_B_SF_22 8.23962 108.72245 10 401434 2045
700_W2AW4A_B_SF_22 8.24013 108.72160 11 382334 2045
700_W2AW4A_B_SF_22 8.24011 108.72165 12 402651 2045
700_W2AW4A_B_SF_22 8.24002 108.72176 13 390056 2045
700_W2AW4A_B_SF_22 8.24027 108.72116 14 391528 2045
700_W2AW4A_B_SF_22 8.23953 108.72125 15 413537 2045
700_W2AW4A_B_SF_22 8.24037 108.71916 16 411699 2045
700_W2AW4A_B_SF_22 8.23994 108.72160 17 378441 2045
700_W2AW4A_B_SF_22 8.15981 111.04942 1 454849 2055
700_W2AW4A_B_SF_22 8.16230 111.05724 2 471960 2055
700_W2AW4A_B_SF_22 8.16232 111.05141 3 478932 2055
700_W2AW4A_B_SF_22 8.15981 111.04942 4 455813 2055
700_W2AW4A_B_SF_22 8.15981 111.04942 5 468539 2055
700_W2AW4A_B_SF_22 8.15981 111.04942 6 462106 2055
700_W2AW4A_B_SF_22 8.15981 111.04942 7 455836 2055
700_W2AW4A_B_SF_22 8.15981 111.04942 8 448951 2055
700_W2AW4A_B_SF_22 8.15981 111.04942 9 463246 2055
700_W2AW4A_B_SF_22 8.15981 111.04942 10 445520 2055
700_W2AW4A_B_SF_22 8.15981 111.04942 11 442751 2055
700_W2AW4A_B_SF_22 8.15981 111.04942 12 459182 2055
700_W2AW4A_B_SF_22 8.15981 111.04942 13 446123 2055
700_W2AW4A_B_SF_22 8.15981 111.04942 14 447954 2055
700_W2AW4A_B_SF_22 8.16242 111.05236 15 483059 2055
700_W2AW4A_B_SF_22 8.16252 111.05395 16 469349 2055
700_W2AW4A_B_SF_22 8.15981 111.04942 17 432598 2055
700_W2AW4A_B_SF_22 9.98528 128.63304 1 447568 2070
700_W2AW4A_B_SF_22 9.98528 128.63304 2 454795 2070
700_W2AW4A_B_SF_22 9.98528 128.63304 3 473778 2070
700_W2AW4A_B_SF_22 9.98528 128.63304 4 454520 2070
700_W2AW4A_B_SF_22 9.98528 128.63304 5 461648 2070
700_W2AW4A_B_SF_22 9.98528 128.63304 6 466201 2070
700_W2AW4A_B_SF_22 9.98528 128.63304 7 458218 2070
700_W2AW4A_B_SF_22 9.98528 128.63304 8 466985 2070
700_W2AW4A_B_SF_22 9.98528 128.63304 9 468946 2070
700_W2AW4A_B_SF_22 9.98528 128.63304 10 474422 2070
700_W2AW4A_B_SF_22 9.98528 128.63304 11 483912 2070
700_W2AW4A_B_SF_22 9.98528 128.63304 12 478931 2070
700_W2AW4A_B_SF_22 9.98528 128.63304 13 481988 2070
700_W2AW4A_B_SF_22 9.98528 128.63304 14 478266 2070
700_W2AW4A_B_SF_22 9.98528 128.63304 15 483760 2070
700_W2AW4A_B_SF_22 9.98528 128.63304 16 492019 2070
700_W2AW4A_B_SF_22 9.98528 128.63304 17 442703 2070
700_W2AW4A_B_SF_22 8.21101 120.62460 1 567581 2076
700_W2AW4A_B_SF_22 8.21101 120.62460 2 577937 2076
700_W2AW4A_B_SF_22 8.21101 120.62460 3 582805 2076
700_W2AW4A_B_SF_22 8.21101 120.62460 4 578207 2076
700_W2AW4A_B_SF_22 8.21101 120.62460 5 577407 2076
700_W2AW4A_B_SF_22 8.21101 120.62460 6 586767 2076
700_W2AW4A_B_SF_22 8.21101 120.62460 7 578697 2076
700_W2AW4A_B_SF_22 8.21101 120.62460 8 578912 2076
700_W2AW4A_B_SF_22 8.21101 120.62460 9 588507 2076
700_W2AW4A_B_SF_22 8.21101 120.62460 10 596651 2076
700_W2AW4A_B_SF_22 8.21101 120.62460 11 589195 2076
700_W2AW4A_B_SF_22 8.21101 120.62460 12 584216 2076
700_W2AW4A_B_SF_22 8.21101 120.62460 13 589443 2076
700_W2AW4A_B_SF_22 8.21101 120.62460 14 590658 2076
700_W2AW4A_B_SF_22 8.21101 120.62460 15 593500 2076
700_W2AW4A_B_SF_22 8.21101 120.62460 16 591102 2076
700_W2AW4A_B_SF_22 8.21101 120.62460 17 550093 2076
700_W2AW4A_B_SF_22 8.23566 126.85836 1 553851 2077
700_W2AW4A_B_SF_22 8.23566 126.85836 2 565266 2077
700_W2AW4A_B_SF_22 8.23566 126.85836 3 584517 2077
700_W2AW4A_B_SF_22 8.23566 126.85836 4 552945 2077
700_W2AW4A_B_SF_22 8.23566 126.85836 5 565103 2077
700_W2AW4A_B_SF_22 8.23566 126.85836 6 576436 2077
700_W2AW4A_B_SF_22 8.23566 126.85836 7 572003 2077
700_W2AW4A_B_SF_22 8.23566 126.85836 8 578828 2077
700_W2AW4A_B_SF_22 8.23566 126.85836 9 588199 2077
700_W2AW4A_B_SF_22 8.23566 126.85836 10 578163 2077
700_W2AW4A_B_SF_22 8.23566 126.85836 11 569454 2077
700_W2AW4A_B_SF_22 8.23566 126.85836 12 580942 2077
700_W2AW4A_B_SF_22 8.23566 126.85836 13 581791 2077
700_W2AW4A_B_SF_22 8.23566 126.85836 14 585099 2077
700_W2AW4A_B_SF_22 8.23566 126.85836 15 581554 2077
700_W2AW4A_B_SF_22 8.23566 126.85836 16 580720 2077
700_W2AW4A_B_SF_22 8.23566 126.85836 17 540875 2077
700_W2AW4A_B_SF_22 7.97040 119.75998 1 503058 2078
700_W2AW4A_B_SF_22 7.97030 119.75986 2 506531 2078
700_W2AW4A_B_SF_22 7.97041 119.75848 3 525166 2078
700_W2AW4A_B_SF_22 7.97043 119.76001 4 498979 2078
700_W2AW4A_B_SF_22 7.97044 119.76076 5 512173 2078
700_W2AW4A_B_SF_22 7.97064 119.75813 6 504255 2078
700_W2AW4A_B_SF_22 7.97058 119.76140 7 505627 2078
700_W2AW4A_B_SF_22 7.97026 119.76029 8 512262 2078
700_W2AW4A_B_SF_22 7.97042 119.75853 9 511699 2078
700_W2AW4A_B_SF_22 7.97056 119.76043 10 508473 2078
700_W2AW4A_B_SF_22 7.97065 119.76011 11 505326 2078
700_W2AW4A_B_SF_22 7.97051 119.75858 12 518327 2078
700_W2AW4A_B_SF_22 7.97041 119.75792 13 518190 2078
700_W2AW4A_B_SF_22 7.97037 119.76220 14 507076 2078
700_W2AW4A_B_SF_22 7.97044 119.76019 15 517491 2078
700_W2AW4A_B_SF_22 7.97032 119.75862 16 518361 2078
700_W2AW4A_B_SF_22 7.97044 119.75971 17 480764 2078
700_W2AW4A_B_SF_22 8.25427 121.65824 1 873971 2081
700_W2AW4A_B_SF_22 8.25427 121.65824 2 880485 2081
700_W2AW4A_B_SF_22 8.25427 121.65824 3 895630 2081
700_W2AW4A_B_SF_22 8.25427 121.65824 4 873553 2081
700_W2AW4A_B_SF_22 8.25427 121.65824 5 886711 2081
700_W2AW4A_B_SF_22 8.25427 121.65824 6 900539 2081
700_W2AW4A_B_SF_22 8.25427 121.65824 7 902080 2081
700_W2AW4A_B_SF_22 8.25427 121.65824 8 893911 2081
700_W2AW4A_B_SF_22 8.25427 121.65824 9 894691 2081
700_W2AW4A_B_SF_22 8.25427 121.65824 10 891208 2081
700_W2AW4A_B_SF_22 8.25427 121.65824 11 888388 2081
700_W2AW4A_B_SF_22 8.25427 121.65824 12 907582 2081
700_W2AW4A_B_SF_22 8.25427 121.65824 13 887322 2081
700_W2AW4A_B_SF_22 8.25427 121.65824 14 879481 2081
700_W2AW4A_B_SF_22 8.25427 121.65824 15 914531 2081
700_W2AW4A_B_SF_22 8.25427 121.65824 16 910134 2081
700_W2AW4A_B_SF_22 8.25427 121.65824 17 840013 2081
700_W2AW4A_B_SF_22 7.87232 114.77176 1 815684 2082
700_W2AW4A_B_SF_22 7.87224 114.77195 2 815091 2082
700_W2AW4A_B_SF_22 7.87217 114.77117 3 824714 2082
700_W2AW4A_B_SF_22 7.87195 114.77241 4 815878 2082
700_W2AW4A_B_SF_22 7.87200 114.77278 5 824086 2082
700_W2AW4A_B_SF_22 7.87223 114.76975 6 825326 2082
700_W2AW4A_B_SF_22 7.87222 114.77288 7 816407 2082
700_W2AW4A_B_SF_22 7.87224 114.77249 8 809335 2082
700_W2AW4A_B_SF_22 7.87228 114.77074 9 821814 2082
700_W2AW4A_B_SF_22 7.87208 114.77461 10 803894 2082
700_W2AW4A_B_SF_22 7.87209 114.77131 11 806391 2082
700_W2AW4A_B_SF_22 7.87217 114.76957 12 824662 2082
700_W2AW4A_B_SF_22 7.87226 114.77288 13 799592 2082
700_W2AW4A_B_SF_22 7.87223 114.77233 14 781572 2082
700_W2AW4A_B_SF_22 7.87204 114.77079 15 824908 2082
700_W2AW4A_B_SF_22 7.87203 114.77021 16 837987 2082
700_W2AW4A_B_SF_22 7.87216 114.77171 17 767491 2082
700_W2AW4A_B_SF_22 8.25035 121.21999 1 802981 2083
700_W2AW4A_B_SF_22 8.25035 121.21999 2 808001 2083
700_W2AW4A_B_SF_22 8.25035 121.21999 3 830599 2083
700_W2AW4A_B_SF_22 8.25035 121.21999 4 815785 2083
700_W2AW4A_B_SF_22 8.25035 121.21999 5 818203 2083
700_W2AW4A_B_SF_22 8.25035 121.21999 6 842475 2083
700_W2AW4A_B_SF_22 8.25035 121.21999 7 829052 2083
700_W2AW4A_B_SF_22 8.25035 121.21999 8 822586 2083
700_W2AW4A_B_SF_22 8.25035 121.21999 9 827095 2083
700_W2AW4A_B_SF_22 8.25035 121.21999 10 828954 2083
700_W2AW4A_B_SF_22 8.25035 121.21999 11 817051 2083
700_W2AW4A_B_SF_22 8.25035 121.21999 12 831224 2083
700_W2AW4A_B_SF_22 8.25035 121.21999 13 820094 2083
700_W2AW4A_B_SF_22 8.25035 121.21999 14 808816 2083
700_W2AW4A_B_SF_22 8.25035 121.21999 15 822901 2083
700_W2AW4A_B_SF_22 8.25035 121.21999 16 836041 2083
700_W2AW4A_B_SF_22 8.25035 121.21999 17 774227 2083
700_W2AW4A_B_SF_22 7.86222 122.75364 1 953390 2084
700_W2AW4A_B_SF_22 7.86218 122.75293 2 967934 2084
700_W2AW4A_B_SF_22 7.86246 122.75212 3 994049 2084
700_W2AW4A_B_SF_22 7.86232 122.75356 4 955786 2084
700_W2AW4A_B_SF_22 7.86229 122.75381 5 976735 2084
700_W2AW4A_B_SF_22 7.86229 122.75208 6 989322 2084
700_W2AW4A_B_SF_22 7.86241 122.75470 7 973994 2084
700_W2AW4A_B_SF_22 7.86227 122.75620 8 970776 2084
700_W2AW4A_B_SF_22 7.86237 122.75358 9 989886 2084
700_W2AW4A_B_SF_22 7.86226 122.75554 10 986608 2084
700_W2AW4A_B_SF_22 7.86222 122.75618 11 983641 2084
700_W2AW4A_B_SF_22 7.86228 122.75275 12 980130 2084
700_W2AW4A_B_SF_22 7.86231 122.75543 13 980701 2084
700_W2AW4A_B_SF_22 7.86242 122.75479 14 967873 2084
700_W2AW4A_B_SF_22 7.86206 122.75316 15 1007280 2084
700_W2AW4A_B_SF_22 7.86224 122.75467 16 997777 2084
700_W2AW4A_B_SF_22 7.86229 122.75406 17 922111 2084
700_W2AW4A_B_SF_22 8.04764 126.85646 1 611246 2094
700_W2AW4A_B_SF_22 8.04764 126.85646 2 609543 2094
700_W2AW4A_B_SF_22 8.04764 126.85646 3 638900 2094
700_W2AW4A_B_SF_22 8.04764 126.85646 4 594327 2094
700_W2AW4A_B_SF_22 8.04764 126.85646 5 614273 2094
700_W2AW4A_B_SF_22 8.04764 126.85646 6 636719 2094
700_W2AW4A_B_SF_22 8.04764 126.85646 7 627140 2094
700_W2AW4A_B_SF_22 8.04764 126.85646 8 636968 2094
700_W2AW4A_B_SF_22 8.04764 126.85646 9 642355 2094
700_W2AW4A_B_SF_22 8.04764 126.85646 10 631246 2094
700_W2AW4A_B_SF_22 8.04764 126.85646 11 639436 2094
700_W2AW4A_B_SF_22 8.04764 126.85646 12 634211 2094
700_W2AW4A_B_SF_22 8.04764 126.85646 13 639940 2094
700_W2AW4A_B_SF_22 8.04764 126.85646 14 626305 2094
700_W2AW4A_B_SF_22 8.04764 126.85646 15 649318 2094
700_W2AW4A_B_SF_22 8.04764 126.85646 16 649328 2094
700_W2AW4A_B_SF_22 8.04764 126.85646 17 593015 2094
700_W2AW4A_B_SF_22 8.21880 127.65522 1 689114 2095
700_W2AW4A_B_SF_22 8.21880 127.65522 2 692278 2095
700_W2AW4A_B_SF_22 8.21880 127.65522 3 717173 2095
700_W2AW4A_B_SF_22 8.21880 127.65522 4 696066 2095
700_W2AW4A_B_SF_22 8.21880 127.65522 5 701269 2095
700_W2AW4A_B_SF_22 8.21880 127.65522 6 710087 2095
700_W2AW4A_B_SF_22 8.21880 127.65522 7 704012 2095
700_W2AW4A_B_SF_22 8.21880 127.65522 8 714345 2095
700_W2AW4A_B_SF_22 8.21880 127.65522 9 728144 2095
700_W2AW4A_B_SF_22 8.21880 127.65522 10 713947 2095
700_W2AW4A_B_SF_22 8.21880 127.65522 11 721774 2095
700_W2AW4A_B_SF_22 8.21880 127.65522 12 716575 2095
700_W2AW4A_B_SF_22 8.21880 127.65522 13 721738 2095
700_W2AW4A_B_SF_22 8.21880 127.65522 14 725578 2095
700_W2AW4A_B_SF_22 8.21880 127.65522 15 728617 2095
700_W2AW4A_B_SF_22 8.22150 127.65549 16 728152 2095
700_W2AW4A_B_SF_22 8.21880 127.65522 17 671110 2095
700_W2AW4A_B_SF_22 7.89170 129.16910 1 1261410 2098
700_W2AW4A_B_SF_22 7.89171 129.16957 2 1245100 2098
700_W2AW4A_B_SF_22 7.89175 129.17065 3 1295550 2098
700_W2AW4A_B_SF_22 7.89163 129.16934 4 1260970 2098
700_W2AW4A_B_SF_22 7.89168 129.16959 5 1257350 2098
700_W2AW4A_B_SF_22 7.89168 129.17109 6 1305480 2098
700_W2AW4A_B_SF_22 7.89166 129.17094 7 1281850 2098
700_W2AW4A_B_SF_22 7.89164 129.17042 8 1282290 2098
700_W2AW4A_B_SF_22 7.89173 129.17000 9 1307580 2098
700_W2AW4A_B_SF_22 7.89175 129.17142 10 1287970 2098
700_W2AW4A_B_SF_22 7.89160 129.17098 11 1307400 2098
700_W2AW4A_B_SF_22 7.89171 129.17073 12 1298900 2098
700_W2AW4A_B_SF_22 7.89160 129.17034 13 1312720 2098
700_W2AW4A_B_SF_22 7.89165 129.17268 14 1318410 2098
700_W2AW4A_B_SF_22 7.89155 129.16948 15 1312150 2098
700_W2AW4A_B_SF_22 7.89175 129.16901 16 1306830 2098
700_W2AW4A_B_SF_22 7.89167 129.17034 17 1214230 2098
700_W2AW4A_B_SF_22 8.63264 129.68312 1 420960 3020
700_W2AW4A_B_SF_22 8.63264 129.68312 2 424973 3020
700_W2AW4A_B_SF_22 8.63264 129.68312 3 430562 3020
700_W2AW4A_B_SF_22 8.63264 129.68312 4 422565 3020
700_W2AW4A_B_SF_22 8.63264 129.68312 5 437292 3020
700_W2AW4A_B_SF_22 8.63264 129.68312 6 442647 3020
700_W2AW4A_B_SF_22 8.63264 129.68312 7 435280 3020
700_W2AW4A_B_SF_22 8.63264 129.68312 8 446997 3020
700_W2AW4A_B_SF_22 8.63264 129.68312 9 437307 3020
700_W2AW4A_B_SF_22 8.63264 129.68312 10 448142 3020
700_W2AW4A_B_SF_22 8.63264 129.68312 11 440132 3020
700_W2AW4A_B_SF_22 8.63264 129.68312 12 441526 3020
700_W2AW4A_B_SF_22 8.63264 129.68312 13 446021 3020
700_W2AW4A_B_SF_22 8.63264 129.68312 14 443181 3020
700_W2AW4A_B_SF_22 8.63264 129.68312 15 460074 3020
700_W2AW4A_B_SF_22 8.63264 129.68312 16 459283 3020
700_W2AW4A_B_SF_22 8.63264 129.68312 17 413938 3020
700_W2AW4A_B_SF_22 9.02244 125.43537 1 319790 3030
700_W2AW4A_B_SF_22 9.02244 125.43537 2 321901 3030
700_W2AW4A_B_SF_22 9.02244 125.43537 3 332545 3030
700_W2AW4A_B_SF_22 9.02244 125.43537 4 323978 3030
700_W2AW4A_B_SF_22 9.02244 125.43537 5 328029 3030
700_W2AW4A_B_SF_22 9.02244 125.43537 6 337247 3030
700_W2AW4A_B_SF_22 9.02244 125.43537 7 322885 3030
700_W2AW4A_B_SF_22 9.02244 125.43537 8 327921 3030
700_W2AW4A_B_SF_22 9.02244 125.43537 9 331553 3030
700_W2AW4A_B_SF_22 9.02244 125.43537 10 330729 3030
700_W2AW4A_B_SF_22 9.02244 125.43537 11 325598 3030
700_W2AW4A_B_SF_22 9.02244 125.43537 12 340577 3030
700_W2AW4A_B_SF_22 9.02244 125.43537 13 331671 3030
700_W2AW4A_B_SF_22 9.02244 125.43537 14 325375 3030
700_W2AW4A_B_SF_22 9.02244 125.43537 15 346999 3030
700_W2AW4A_B_SF_22 9.02244 125.43537 16 344900 3030
700_W2AW4A_B_SF_22 9.02244 125.43537 17 311276 3030
700_W2AW4A_B_SF_22 8.18043 118.95674 1 866118 3034
700_W2AW4A_B_SF_22 8.18112 118.95695 2 871098 3034
700_W2AW4A_B_SF_22 8.18071 118.95575 3 884484 3034
700_W2AW4A_B_SF_22 8.18139 118.95687 4 865368 3034
700_W2AW4A_B_SF_22 8.18124 118.95576 5 875964 3034
700_W2AW4A_B_SF_22 8.18140 118.95426 6 881103 3034
700_W2AW4A_B_SF_22 8.18106 118.95728 7 880563 3034
700_W2AW4A_B_SF_22 8.18111 118.95620 8 886515 3034
700_W2AW4A_B_SF_22 8.18121 118.95486 9 887996 3034
700_W2AW4A_B_SF_22 8.18226 118.95753 10 871014 3034
700_W2AW4A_B_SF_22 8.18090 118.95548 11 869515 3034
700_W2AW4A_B_SF_22 8.18181 118.95555 12 886431 3034
700_W2AW4A_B_SF_22 8.18149 118.95758 13 870923 3034
700_W2AW4A_B_SF_22 8.18206 118.95760 14 861031 3034
700_W2AW4A_B_SF_22 8.18049 118.95552 15 898632 3034
700_W2AW4A_B_SF_22 8.18125 118.95564 16 901206 3034
700_W2AW4A_B_SF_22 8.18120 118.95622 17 826939 3034
700_W2AW4A_B_SF_22 8.46568 107.99952 1 390109 3041
700_W2AW4A_B_SF_22 8.46534 108.00173 2 378158 3041
700_W2AW4A_B_SF_22 8.46685 107.99865 3 380912 3041
700_W2AW4A_B_SF_22 8.46678 107.99715 4 384347 3041
700_W2AW4A_B_SF_22 8.46666 107.99713 5 381800 3041
700_W2AW4A_B_SF_22 8.46577 108.00119 6 391767 3041
700_W2AW4A_B_SF_22 8.46630 108.00093 7 380358 3041
700_W2AW4A_B_SF_22 8.46615 108.00180 8 375385 3041
700_W2AW4A_B_SF_22 8.46491 107.99921 9 389044 3041
700_W2AW4A_B_SF_22 8.46549 107.99959 10 381960 3041
700_W2AW4A_B_SF_22 8.46595 108.00174 11 368297 3041
700_W2AW4A_B_SF_22 8.46621 107.99707 12 382653 3041
700_W2AW4A_B_SF_22 8.46576 108.00395 13 372054 3041
700_W2AW4A_B_SF_22 8.46677 107.99556 14 361993 3041
700_W2AW4A_B_SF_22 8.46565 108.00317 15 393818 3041
700_W2AW4A_B_SF_22 8.46629 108.00112 16 404569 3041
700_W2AW4A_B_SF_22 8.46602 107.99997 17 359837 3041
700_W2AW4A_B_SF_22 8.42443 109.99265 1 324393 3043
700_W2AW4A_B_SF_22 8.42751 109.99488 2 324949 3043
700_W2AW4A_B_SF_22 8.42737 109.99187 3 330919 3043
700_W2AW4A_B_SF_22 8.42743 109.99267 4 329410 3043
700_W2AW4A_B_SF_22 8.42632 109.99323 5 336193 3043
700_W2AW4A_B_SF_22 8.42443 109.99265 6 336706 3043
700_W2AW4A_B_SF_22 8.42443 109.99265 7 325484 3043
700_W2AW4A_B_SF_22 8.42685 109.99245 8 328601 3043
700_W2AW4A_B_SF_22 8.42674 109.98694 9 340450 3043
700_W2AW4A_B_SF_22 8.42671 109.98951 10 322806 3043
700_W2AW4A_B_SF_22 8.42766 109.99216 11 325752 3043
700_W2AW4A_B_SF_22 8.42702 109.99088 12 330630 3043
700_W2AW4A_B_SF_22 8.42667 109.99510 13 324708 3043
700_W2AW4A_B_SF_22 8.42734 109.99202 14 317042 3043
700_W2AW4A_B_SF_22 8.42443 109.99265 15 346356 3043
700_W2AW4A_B_SF_22 8.42742 109.99439 16 359810 3043
700_W2AW4A_B_SF_22 8.42737 109.99265 17 312012 3043
700_W2AW4A_B_SF_22 7.94940 126.86995 1 408795 3044
700_W2AW4A_B_SF_22 7.94940 126.86995 2 409861 3044
700_W2AW4A_B_SF_22 7.94940 126.86995 3 427187 3044
700_W2AW4A_B_SF_22 7.94940 126.86995 4 410146 3044
700_W2AW4A_B_SF_22 7.94940 126.86995 5 423921 3044
700_W2AW4A_B_SF_22 7.94940 126.86995 6 439733 3044
700_W2AW4A_B_SF_22 7.94940 126.86995 7 411198 3044
700_W2AW4A_B_SF_22 7.94940 126.86995 8 429038 3044
700_W2AW4A_B_SF_22 7.94940 126.86995 9 428405 3044
700_W2AW4A_B_SF_22 7.94940 126.86995 10 434818 3044
700_W2AW4A_B_SF_22 7.94940 126.86995 11 431071 3044
700_W2AW4A_B_SF_22 7.94940 126.86995 12 426197 3044
700_W2AW4A_B_SF_22 7.94940 126.86995 13 433197 3044
700_W2AW4A_B_SF_22 7.94940 126.86995 14 431021 3044
700_W2AW4A_B_SF_22 7.94940 126.86995 15 446206 3044
700_W2AW4A_B_SF_22 7.94940 126.86995 16 452835 3044
700_W2AW4A_B_SF_22 7.94940 126.86995 17 402566 3044
700_W2AW4A_B_SF_22 7.68583 118.92973 1 246004 3056
700_W2AW4A_B_SF_22 7.68583 118.92973 2 245413 3056
700_W2AW4A_B_SF_22 7.68583 118.92973 3 248133 3056
700_W2AW4A_B_SF_22 7.68583 118.92973 4 245490 3056
700_W2AW4A_B_SF_22 7.68583 118.92973 5 242793 3056
700_W2AW4A_B_SF_22 7.68583 118.92973 6 247252 3056
700_W2AW4A_B_SF_22 7.68583 118.92973 7 250662 3056
700_W2AW4A_B_SF_22 7.68583 118.92973 8 253916 3056
700_W2AW4A_B_SF_22 7.68583 118.92973 9 244850 3056
700_W2AW4A_B_SF_22 7.68583 118.92973 10 252149 3056
700_W2AW4A_B_SF_22 7.68583 118.92973 11 249126 3056
700_W2AW4A_B_SF_22 7.68583 118.92973 12 247878 3056
700_W2AW4A_B_SF_22 7.68583 118.92973 13 248615 3056
700_W2AW4A_B_SF_22 7.68583 118.92973 14 247700 3056
700_W2AW4A_B_SF_22 7.68583 118.92973 15 263553 3056
700_W2AW4A_B_SF_22 7.68583 118.92973 16 263844 3056
700_W2AW4A_B_SF_22 7.68583 118.92973 17 235140 3056
700_W2AW4A_B_SF_22 8.32918 127.36690 1 737646 3077
700_W2AW4A_B_SF_22 8.32899 127.36715 2 739146 3077
700_W2AW4A_B_SF_22 8.32929 127.36748 3 756150 3077
700_W2AW4A_B_SF_22 8.32928 127.36686 4 732827 3077
700_W2AW4A_B_SF_22 8.32912 127.36712 5 741697 3077
700_W2AW4A_B_SF_22 8.32913 127.36730 6 761779 3077
700_W2AW4A_B_SF_22 8.32912 127.36905 7 752646 3077
700_W2AW4A_B_SF_22 8.32914 127.36776 8 750786 3077
700_W2AW4A_B_SF_22 8.32923 127.36844 9 757210 3077
700_W2AW4A_B_SF_22 8.32930 127.36878 10 761627 3077
700_W2AW4A_B_SF_22 8.32914 127.36842 11 769460 3077
700_W2AW4A_B_SF_22 8.32933 127.36624 12 761129 3077
700_W2AW4A_B_SF_22 8.32921 127.36944 13 768427 3077
700_W2AW4A_B_SF_22 8.32920 127.36931 14 754903 3077
700_W2AW4A_B_SF_22 8.32914 127.36577 15 754308 3077
700_W2AW4A_B_SF_22 8.32899 127.36643 16 753433 3077
700_W2AW4A_B_SF_22 8.32917 127.36766 17 709010 3077
700_W2AW4A_B_SF_22 8.62782 121.90093 1 972169 4038
700_W2AW4A_B_SF_22 8.62769 121.90162 2 981640 4038
700_W2AW4A_B_SF_22 8.62774 121.89905 3 983233 4038
700_W2AW4A_B_SF_22 8.62779 121.90166 4 974310 4038
700_W2AW4A_B_SF_22 8.62769 121.90260 5 996074 4038
700_W2AW4A_B_SF_22 8.62769 121.89956 6 977775 4038
700_W2AW4A_B_SF_22 8.62760 121.90165 7 1006050 4038
700_W2AW4A_B_SF_22 8.62757 121.90345 8 1016620 4038
700_W2AW4A_B_SF_22 8.62792 121.89987 9 973232 4038
700_W2AW4A_B_SF_22 8.62782 121.90131 10 997345 4038
700_W2AW4A_B_SF_22 8.62770 121.89971 11 994495 4038
700_W2AW4A_B_SF_22 8.62787 121.90195 12 985809 4038
700_W2AW4A_B_SF_22 8.62775 121.90276 13 1003130 4038
700_W2AW4A_B_SF_22 8.62783 121.90150 14 987178 4038
700_W2AW4A_B_SF_22 8.62783 121.89837 15 1029080 4038
700_W2AW4A_B_SF_22 8.62763 121.89844 16 1032410 4038
700_W2AW4A_B_SF_22 8.62774 121.90091 17 935915 4038
700_W2AW4A_B_SF_22 8.75965 119.61050 1 629108 4049
700_W2AW4A_B_SF_22 8.75965 119.61050 2 624094 4049
700_W2AW4A_B_SF_22 8.75965 119.61050 3 636560 4049
700_W2AW4A_B_SF_22 8.75965 119.61050 4 630871 4049
700_W2AW4A_B_SF_22 8.75965 119.61050 5 633926 4049
700_W2AW4A_B_SF_22 8.75965 119.61050 6 629014 4049
700_W2AW4A_B_SF_22 8.75965 119.61050 7 636633 4049
700_W2AW4A_B_SF_22 8.75965 119.61050 8 641845 4049
700_W2AW4A_B_SF_22 8.75965 119.61050 9 624298 4049
700_W2AW4A_B_SF_22 8.75965 119.61050 10 637461 4049
700_W2AW4A_B_SF_22 8.76209 119.60986 11 654638 4049
700_W2AW4A_B_SF_22 8.75965 119.61050 12 637896 4049
700_W2AW4A_B_SF_22 8.75965 119.61050 13 632700 4049
700_W2AW4A_B_SF_22 8.75965 119.61050 14 624300 4049
700_W2AW4A_B_SF_22 8.75965 119.61050 15 659135 4049
700_W2AW4A_B_SF_22 8.75965 119.61050 16 658262 4049
700_W2AW4A_B_SF_22 8.75965 119.61050 17 599455 4049
700_W2AW4A_B_SF_22 9.10472 123.60579 1 217910 4059
700_W2AW4A_B_SF_22 9.10471 123.60821 2 213955 4059
700_W2AW4A_B_SF_22 9.10463 123.60839 3 227772 4059
700_W2AW4A_B_SF_22 9.10504 123.60580 4 216182 4059
700_W2AW4A_B_SF_22 9.10529 123.60734 5 219844 4059
700_W2AW4A_B_SF_22 9.10536 123.60321 6 224084 4059
700_W2AW4A_B_SF_22 9.10519 123.60678 7 215626 4059
700_W2AW4A_B_SF_22 9.10494 123.60796 8 226231 4059
700_W2AW4A_B_SF_22 9.10532 123.60529 9 221909 4059
700_W2AW4A_B_SF_22 9.10461 123.60621 10 226826 4059
700_W2AW4A_B_SF_22 9.10477 123.60745 11 219894 4059
700_W2AW4A_B_SF_22 9.10450 123.61201 12 228093 4059
700_W2AW4A_B_SF_22 9.10461 123.60661 13 225855 4059
700_W2AW4A_B_SF_22 9.10455 123.60319 14 220627 4059
700_W2AW4A_B_SF_22 9.10573 123.60521 15 231492 4059
700_W2AW4A_B_SF_22 9.10539 123.60579 16 227783 4059
700_W2AW4A_B_SF_22 9.10495 123.60659 17 209652 4059
700_W2AW4A_B_SF_22 8.71151 120.80506 1 747178 4071
700_W2AW4A_B_SF_22 8.71151 120.80506 2 740156 4071
700_W2AW4A_B_SF_22 8.71151 120.80506 3 752253 4071
700_W2AW4A_B_SF_22 8.71151 120.80506 4 757068 4071
700_W2AW4A_B_SF_22 8.71151 120.80506 5 754296 4071
700_W2AW4A_B_SF_22 8.71151 120.80506 6 755172 4071
700_W2AW4A_B_SF_22 8.71151 120.80506 7 770211 4071
700_W2AW4A_B_SF_22 8.71151 120.80506 8 764925 4071
700_W2AW4A_B_SF_22 8.71151 120.80506 9 761098 4071
700_W2AW4A_B_SF_22 8.71151 120.80506 10 768126 4071
700_W2AW4A_B_SF_22 8.71151 120.80506 11 774284 4071
700_W2AW4A_B_SF_22 8.71151 120.80506 12 768658 4071
700_W2AW4A_B_SF_22 8.71151 120.80506 13 760917 4071
700_W2AW4A_B_SF_22 8.71151 120.80506 14 754892 4071
700_W2AW4A_B_SF_22 8.71151 120.80506 15 774120 4071
700_W2AW4A_B_SF_22 8.71151 120.80506 16 784164 4071
700_W2AW4A_B_SF_22 8.71151 120.80506 17 716913 4071
700_W2AW4A_B_SF_22 7.81221 120.50959 1 502919 4080
700_W2AW4A_B_SF_22 7.81227 120.50915 2 506973 4080
700_W2AW4A_B_SF_22 7.81232 120.51028 3 516935 4080
700_W2AW4A_B_SF_22 7.81229 120.50965 4 514082 4080
700_W2AW4A_B_SF_22 7.81223 120.51055 5 512975 4080
700_W2AW4A_B_SF_22 7.81217 120.51116 6 520794 4080
700_W2AW4A_B_SF_22 7.81228 120.51266 7 509288 4080
700_W2AW4A_B_SF_22 7.81231 120.51086 8 523756 4080
700_W2AW4A_B_SF_22 7.81232 120.51028 9 522736 4080
700_W2AW4A_B_SF_22 7.81190 120.51108 10 514490 4080
700_W2AW4A_B_SF_22 7.81229 120.51107 11 509522 4080
700_W2AW4A_B_SF_22 7.81220 120.50980 12 528836 4080
700_W2AW4A_B_SF_22 7.81229 120.51007 13 518540 4080
700_W2AW4A_B_SF_22 7.81266 120.51053 14 503474 4080
700_W2AW4A_B_SF_22 7.81208 120.50965 15 521918 4080
700_W2AW4A_B_SF_22 7.81214 120.51175 16 520310 4080
700_W2AW4A_B_SF_22 7.81225 120.51051 17 485150 4080
