1014 64920 64895 64315 65374 66273 64572 67107 66794 64356 65284 64797 64574 65289 63503 70845 70504 61965 
1020 122378 122597 130489 121846 124113 130227 126852 129030 130949 131835 131649 130770 132298 132215 136416 136366 121767 
1029 86596 85631 88400 85492 87616 89393 88445 89800 88921 88788 89871 89047 89247 86244 91275 91117 83287 
1030 43266 43860 44223 43227 44085 44292 43712 45405 44947 46027 45522 45064 46160 44609 47609 47136 42303 
1031 261468 259483 261582 260465 261387 261216 260256 258222 262028 252250 248627 262380 249859 245387 268248 268314 243598 
1032 278266 278594 281820 278355 282272 281520 284647 285813 281533 281057 278996 281155 278990 275515 289951 291717 265306 
1033 324769 323638 322952 324616 323946 323042 319389 316499 323379 312295 308895 324094 307642 305680 332123 331338 301429 
1034 534764 534282 548644 535429 542194 548107 547952 550156 548030 545221 537125 547736 537785 528159 558659 561348 512094 
1035 30982 31630 30423 30516 31784 30741 31920 31911 31211 31305 31486 30568 29869 30118 31912 31914 29311 
1036 177498 177747 193195 177400 180881 193355 184013 188361 193472 193244 195455 193034 195348 194459 199758 199350 178622 
1037 88654 87884 92313 88274 89687 92256 91403 93788 91791 94347 94592 92097 95207 95053 98224 98894 87321 
1038 98840 98661 100147 99364 99489 99967 102300 102526 100107 102711 102339 100936 101547 100049 106020 106543 95385 
1041 150075 151431 150973 150703 150707 149653 147486 145339 149952 142544 140907 151302 141362 141726 153811 155224 139600 
1043 165927 164990 162157 166778 166401 162349 164883 161921 162561 159944 156919 163841 157790 154727 171566 171969 153807 
1044 224310 225630 237298 224436 227484 238451 231845 235469 237108 238617 239628 237455 240107 239185 244700 244497 221542 
1045 165518 164079 163797 163648 166090 165615 168051 165358 165009 163158 161065 166153 160861 158829 170899 170372 155206 
1046 167585 168273 166980 167186 168792 167179 166536 164327 166734 161723 159738 166940 160815 158807 171146 172875 156214 
1048 91504 91082 91460 91719 93125 89998 91894 92909 91532 90756 88721 90885 88781 88154 94701 95346 86033 
1049 75629 76070 77283 76166 77387 77188 78282 78184 76828 77956 76748 76976 76273 75133 79909 80691 72747 
1050 42157 42642 42943 41697 43251 42511 44395 44781 43267 45193 44329 42353 44756 44420 47425 47166 41370 
1052 312550 311246 329441 313589 317815 329428 324286 330261 329140 334429 333627 329922 334335 331283 341018 342466 308520 
1053 173380 174062 173675 173050 176795 173884 178188 179147 173112 179109 176055 174196 176031 172702 183426 184461 165957 
1054 136894 137298 135280 137228 137568 135705 138129 137045 135347 134436 132133 134630 132624 130836 141491 142136 128164 
1055 51695 51960 49862 52278 52021 49817 51664 50384 49515 48959 48927 49685 48352 48640 54853 54074 47805 
1056 159426 158759 161450 159114 160824 161086 163990 164188 162441 162427 161219 161971 161357 157310 168236 168148 152468 
1059 56877 56458 58857 56784 57195 57939 58274 58292 58850 59016 59037 58810 59171 57881 60867 61604 55054 
1062 54468 54823 53803 54662 54514 54448 55718 54961 54983 53790 52846 54168 52704 52543 58697 57641 51457 
1066 57513 56955 58042 57341 58991 57195 59614 58183 57452 57602 57316 58127 57089 55324 60653 59841 54543 
1069 83897 84457 86318 84665 84944 86119 85216 87532 86239 87353 87734 86033 88114 86445 94110 94860 82002 
1071 63471 62084 64340 61969 63580 63392 64648 64966 63662 64710 65124 63483 64430 63385 67839 67443 60501 
1072 88538 88501 90232 88858 89541 90416 91706 90889 90106 90929 89769 89260 89868 88504 94670 94190 85058 
1073 50942 51642 55664 51889 51641 54936 53432 54258 55850 55300 56288 55141 55507 57161 58592 60564 51694 
1077 95988 96571 100146 96563 98323 98787 100211 101268 99315 102305 101260 99114 101305 100933 104983 104781 94226 
1078 84766 83993 82980 84304 85037 82898 85593 84756 83067 83907 81568 82542 82231 80313 87961 88202 79066 
1079 197080 196241 205100 195905 200801 203615 202910 205861 204419 206422 205017 203693 204401 202298 210526 211616 191524 
1080 27734 27631 28208 27892 27912 28977 28177 29036 29219 30099 29459 29240 30391 29899 31261 31483 27448 
1081 579784 579055 587927 579311 586671 586573 589134 587368 586799 580639 571304 585757 572291 564269 599146 601312 549255 
1082 172827 175279 172882 173918 173346 172478 170076 168097 172893 164987 163953 173323 163619 163553 177439 177225 160935 
1083 616723 614975 626448 616416 624811 627746 629677 628693 626899 622766 617553 626724 616130 608464 645926 645468 587966 
1084 532210 533013 550197 531796 540859 549885 549119 553173 549719 552099 545197 549218 545648 538004 563660 564386 514599 
1086 122476 122218 125624 122373 124265 126974 126947 128202 126853 129707 128865 126208 127676 127071 132418 132923 119459 
1090 126033 126051 126894 126564 127114 127649 127446 127657 127489 126961 123460 127997 123864 123513 129859 129456 119294 
2031 27524 28872 28669 28483 28561 29363 27920 28130 27593 26722 26315 28467 26314 25869 28241 28301 26197 
2033 35086 33851 33679 34243 34434 34123 35364 33112 33210 33470 33500 34409 32894 32589 37017 37079 32239 
2043 20618 20412 20891 20983 20993 20647 21119 20167 21354 20002 20031 20932 20197 20299 20776 21124 19444 
2045 17999 17224 18184 18196 17931 18732 17829 17711 17714 17598 16881 17661 17534 17384 18419 18727 16807 
2055 23684 23601 23301 24146 23487 23247 23299 22622 23195 22729 22398 23583 22313 22181 24055 23512 21844 
2070 23619 23697 24343 24253 25051 25288 24834 25493 24908 25150 25748 25078 25376 25409 26608 26606 23615 
2076 176137 176102 181082 175918 177840 181297 180669 181734 181582 181505 179580 181541 179190 174898 182061 182444 169034 
2077 146557 146352 154369 146589 147510 155097 149917 153133 154636 154410 155898 154702 153311 154467 156584 156660 143541 
2078 148295 147608 152683 147566 150390 151890 152961 153255 152273 152753 150771 151777 150969 146777 153501 153287 142162 
2081 190517 190227 199353 190565 193212 199492 196394 197747 199074 197450 195691 197271 195659 193460 199937 199739 184458 
2082 142191 142651 143323 142154 142851 142972 143723 141656 143224 139894 138482 143141 138754 136575 143900 143890 133493 
2083 161192 160506 168087 161616 164374 168176 165716 167364 167172 167072 164847 167596 165174 163452 168388 169021 155868 
2084 160427 160065 167658 160308 164623 168201 164826 167503 168034 168405 167139 167881 166894 163746 168452 168432 156035 
2094 53429 53682 56860 53540 53654 56102 54720 56113 55576 57132 56082 56175 56453 55499 56887 57213 52301 
2095 51588 51551 54198 51694 52530 55562 53420 54813 55556 55156 54669 55530 56024 55406 55861 55745 51104 
2098 175800 175203 185570 174365 176688 185303 177944 182187 186275 186053 186385 187090 187211 184709 188009 188132 172172 
2347 29580 29469 31392 29361 30246 30810 30626 31343 32084 31141 31921 31950 32139 31696 33882 33710 29491 
3020 27554 28146 29939 28085 28384 29985 29282 29960 29258 30966 30745 29213 30226 31267 32296 32234 28091 
3030 99229 99778 103880 99994 99985 105742 102468 103709 104259 105001 105490 104352 104264 103670 110447 108989 97721 
3032 181220 180727 184834 181269 183962 185451 185215 184729 184767 184086 180538 184596 180064 177338 191359 190236 172964 
3034 199120 200165 203204 200521 202117 203598 204316 203964 204575 203337 200205 204696 200607 197621 209959 210138 191067 
3035 59932 59557 60197 60441 61045 60952 62035 61708 61149 60868 59651 61132 59566 60260 62629 63525 57332 
3036 27707 27135 29969 26196 27915 29571 28229 29529 29320 30038 29850 29009 30024 30434 30646 31223 27458 
3040 67582 68600 69162 67739 69276 69894 69153 70713 70068 70138 69903 68711 69240 67838 72603 73132 65515 
3041 89229 89434 88852 89960 88507 89406 87916 86899 88905 84450 83856 88085 83364 82028 92361 94079 82784 
3043 90321 89997 89358 88704 88947 88658 88996 87961 89420 85137 84392 88176 83767 84013 94033 94134 83295 
3044 106489 106122 112808 107464 108141 111790 111314 112890 111701 113814 114741 112761 114615 114667 116765 118084 105539 
3045 47110 48298 48052 47853 47779 48182 48551 47542 47948 47568 47210 47695 46392 45118 51022 50512 45108 
3051 83529 83027 89027 83180 84531 88263 85529 87475 88503 88690 89426 89344 88848 88473 89232 88959 82120 
3056 69816 69729 70741 69668 71867 70404 71758 70801 71011 70624 70108 70741 69633 69026 73676 75132 66749 
3057 69765 69775 72225 70243 71121 73492 72698 73743 72451 73303 73248 72883 72998 71909 77359 77762 68528 
3073 33244 33123 35691 33838 33500 35591 34464 34776 37197 36709 36340 36282 36691 36945 38786 39327 33677 
3077 157921 157744 167355 158027 160366 167941 163581 166105 168048 168226 168656 167421 168202 166988 168680 169308 155563 
3078 77031 77355 76783 76777 77474 77212 78404 77785 77979 76205 75352 77041 75102 73483 81301 81378 72745 
3080 58945 58430 63114 58819 60362 63116 60082 61816 63599 62518 62102 62726 63901 62686 66260 67136 58565 
3082 75902 74782 75155 75658 74830 75537 73911 73154 75272 71434 71085 75532 71420 70640 79268 79070 70156 
4038 72563 73076 73869 72931 73945 73407 74844 75950 74542 76483 74122 73307 75251 73941 79170 78837 70367 
4049 55361 55510 55941 55289 56492 57071 56521 57180 56738 57312 56831 55865 56282 55108 58572 58480 53209 
4059 13898 13927 14381 13556 14071 14003 14460 14890 14198 15900 15094 14757 14153 15414 14718 14451 13639 
4071 41873 42227 43144 41601 42491 42838 43693 43363 42946 43700 42798 43110 42892 42374 44422 44517 40470 
4080 44969 46358 46837 46479 46399 46710 47220 46929 46641 47336 46234 46325 46932 46163 50101 48733 44139 
