SS CSH unique_name 500_RD_401@1@1 500_RD_401@2@1 500_RD_401@3@1 500_RD_401@4@1 500_RD_401@5@1 500_RD_401@6@1 500_RD_401@7@1 500_RD_401@8@1 500_RD_401@9@1 500_RD_401@10@1 500_RD_401@11@1 500_RD_401@12@1 500_RD_401@13@1 500_RD_401@14@1 500_RD_401@15@1 500_RD_401@16@1 500_RD_401@17@1 
1014 8.026 117.443 1.03 1.04 0.96 0.98 0.99 0.96 1.03 1.00 
1020 8.431 129.791 -6.87 1.04 1.03 0.99 1.01 1.00 1.02 1.09 0.83 
1029 7.197 121.778 0.97 0.99 1.01 1.00 1.00 1.01 0.98 1.03 
1030 8.909 125.384 1.42 0.99 1.00 1.00 0.98 1.00 1.01 1.07 0.82 
1031 9.142 112.419 1.01 0.99 1.02 0.99 0.99 1.03 0.98 1.00 
1032 7.656 118.732 0.71 0.99 1.03 1.02 0.97 0.99 1.02 1.06 0.84 
1033 8.914 110.303 0.99 1.01 0.99 0.98 0.98 1.03 0.98 1.02 
1034 8.235 119.208 2.55 1.01 1.02 1.00 0.99 0.99 0.98 1.08 0.85 
1035 7.048 119.301 1.03 1.03 0.99 1.00 0.95 1.00 0.94 0.99 
1036 8.942 131.037 -1.93 1.05 1.01 0.98 1.01 1.00 1.00 1.06 0.82 
1037 8.837 128.323 0.98 1.00 0.99 1.00 1.04 0.97 0.99 1.01 
1038 8.494 122.634 0.93 1.00 1.00 1.01 0.96 0.99 1.04 1.10 0.80 
1041 8.350 108.206 1.02 0.99 0.99 1.00 0.98 1.03 0.98 1.00 
1042 8.054 122.407 0.23 1.01 1.03 1.01 0.96 1.01 1.06 1.14 0.80 
1043 8.419 110.765 1.00 1.01 0.98 0.98 1.00 1.01 0.99 0.99 
1044 8.015 127.652 1.92 1.03 1.03 0.99 0.99 1.00 1.01 1.05 0.84 
1045 9.479 116.337 0.99 0.98 0.99 1.01 1.00 1.00 1.00 1.01 
1046 7.142 111.212 0.71 1.01 0.98 0.98 1.01 1.02 0.98 1.09 0.84 
1048 7.526 115.888 1.01 1.02 0.97 0.99 1.02 0.99 0.97 1.01 
1049 8.755 120.288 1.94 1.01 1.00 1.00 0.99 0.98 1.03 1.11 0.83 
1050 8.667 124.810 0.97 1.03 0.97 0.98 1.04 0.97 1.01 1.00 
1051 8.312 128.014 0.09 1.22 1.11 0.91 1.30 1.09 0.96 1.05 0.90 
1052 8.939 127.250 1.00 0.97 1.01 1.02 1.01 0.98 1.00 1.00 
1053 8.178 120.248 0.50 0.98 1.01 1.03 0.97 0.99 1.03 1.11 0.83 
1054 8.066 114.682 1.00 1.01 0.96 0.99 1.00 1.00 0.98 1.00 
1055 8.402 111.101 0.75 0.97 0.99 1.06 0.97 0.98 1.01 1.13 0.81 
1056 7.787 119.607 1.00 1.00 0.99 1.01 1.01 1.01 0.98 1.00 
1059 9.006 124.151 0.49 1.00 1.01 0.99 0.99 1.01 1.02 1.11 0.83 
1062 7.855 116.260 1.00 1.01 0.99 0.99 1.03 1.01 0.97 1.01 
1066 8.088 118.313 0.76 0.99 1.02 0.99 1.02 0.97 1.01 1.10 0.83 
1069 8.266 125.499 1.01 0.99 1.00 0.99 1.03 0.98 0.98 0.99 
1071 8.617 120.771 0.24 1.01 0.98 1.02 0.96 0.98 1.00 1.11 0.82 
1072 8.684 120.556 1.00 0.99 0.99 1.01 1.02 0.99 0.99 1.01 
1073 8.266 132.728 0.40 1.03 1.01 0.95 0.99 1.03 1.04 1.09 0.82 
1077 8.850 124.868 1.01 1.01 0.97 1.02 1.05 0.95 0.99 1.01 
1078 8.509 116.050 1.36 0.96 1.00 1.07 0.95 0.97 1.04 1.12 0.82 
1079 8.407 123.580 1.01 0.97 1.02 1.01 1.00 1.00 1.00 1.00 
1080 8.510 129.469 0.27 1.04 1.01 0.98 1.00 1.03 1.02 1.11 0.82 
1081 8.479 116.908 1.00 1.00 1.00 1.00 1.01 1.01 0.99 1.00 
1082 7.772 107.824 0.30 0.98 1.00 1.00 1.02 1.00 0.98 1.15 0.84 
1083 8.356 118.664 1.00 0.97 0.99 1.01 1.00 1.01 0.99 0.99 
1084 7.390 121.375 0.77 1.04 1.01 1.00 0.98 0.99 1.01 1.08 0.84 
1086 8.715 124.204 1.01 0.97 1.01 1.01 1.04 0.94 0.98 0.98 
1090 8.207 117.108 0.32 1.02 0.97 1.02 0.97 1.02 0.99 1.02 0.84 
1961 9.768 130.078 0.93 0.93 0.89 1.13 1.02 0.93 0.85 0.90 
2031 8.294 111.845 -8.69 0.98 0.96 0.96 1.05 1.01 0.92 1.06 0.90 
2033 8.285 110.238 0.95 0.95 1.01 1.00 0.98 1.05 0.98 1.11 
2041 8.218 111.674 0.48 0.91 1.10 1.02 1.10 1.06 0.90 1.28 0.91 
2043 8.329 111.045 0.97 0.94 0.96 0.98 1.23 1.20 1.02 1.07 
2045 8.226 108.952 0.79 1.03 1.01 1.12 0.98 1.06 0.96 0.97 0.81 
2055 8.156 111.307 1.08 1.03 1.02 0.93 0.91 1.10 1.02 0.94 
2070 9.998 128.943 3.12 1.03 0.98 1.06 1.01 1.01 1.04 1.07 0.79 
2076 8.197 120.805 0.95 0.99 1.04 0.97 1.00 1.02 0.94 0.99 
2077 8.218 127.020 1.16 1.10 1.12 0.97 1.05 0.99 1.03 1.06 0.85 
2078 7.955 119.927 1.03 0.94 0.97 1.04 1.08 0.96 0.96 1.00 
2081 8.251 121.928 8.31 1.06 1.03 0.99 1.01 0.95 1.00 1.09 0.88 
2082 7.868 114.962 0.99 0.97 0.94 1.00 0.99 0.97 0.96 0.99 
2083 8.248 121.509 0.85 1.05 1.02 1.01 1.00 1.01 1.00 1.07 0.87 
2084 7.859 122.993 1.00 0.96 0.93 0.99 1.02 1.02 0.99 1.04 
2094 8.032 126.906 0.63 1.07 1.02 0.99 1.01 1.02 1.06 1.06 0.86 
2095 8.206 127.821 1.01 0.96 1.02 1.02 1.05 1.03 1.08 1.08 
2098 7.880 129.386 8.65 1.04 1.05 0.98 0.95 1.04 1.00 0.94 0.87 
3020 8.617 129.998 1.00 1.04 1.00 0.97 1.00 0.97 1.01 0.99 
3030 9.009 125.657 0.30 0.96 1.00 0.96 1.09 0.87 0.96 1.07 0.82 
3034 8.197 119.247 0.99 0.94 1.01 0.97 1.01 0.94 1.00 1.06 
3040 8.870 121.062 0.23 1.14 1.08 0.95 0.83 1.04 1.16 1.10 0.74 
3041 8.454 108.341 1.07 1.08 0.94 1.03 0.94 0.99 1.00 1.08 
3043 8.424 110.280 0.73 1.03 1.06 0.94 0.98 0.97 0.97 1.19 0.81 
3044 7.963 127.199 0.94 1.07 0.96 0.95 1.10 0.96 1.03 0.93 
3056 7.687 119.245 1.89 0.94 0.98 1.05 0.95 0.95 1.02 1.07 0.78 
3077 8.308 127.574 1.00 0.97 1.05 1.07 1.01 0.98 1.08 1.04 
4038 8.635 122.187 -5.10 0.99 1.02 1.05 0.99 0.97 1.06 1.07 0.83 
4049 8.786 119.949 1.02 1.00 0.99 1.04 0.97 0.96 0.97 1.00 
4059 9.114 123.967 0.43 0.94 0.97 0.99 1.05 0.95 0.97 1.02 0.83 
4071 8.740 121.072 0.99 0.99 0.96 1.02 1.04 0.99 1.00 1.02 
4080 7.795 120.701 0.38 1.00 0.98 1.02 1.04 0.99 0.96 1.07 0.85 
