1014 78210 79331 78089 79463 79458 77678 80196 79314 79625 79400 79920 78375 78239 79263 83493 83611 74921 
1020 175392 176070 179972 174946 177406 178674 178182 178629 179966 179396 179609 178535 180375 179778 187285 186671 168876 
1029 72246 71276 72558 72229 71602 71868 72668 72633 73031 73209 72259 72807 72966 72370 74718 75683 68478 
1030 80434 81625 81078 81655 81716 82086 81977 82443 81469 82681 82892 81610 81965 83314 86174 86025 77597 
1031 245529 246711 246428 245547 244551 246478 244829 243964 245626 244056 241495 245412 244170 241279 252315 252320 231218 
1032 192673 193212 191874 191448 194136 192025 194221 193931 191254 194456 193351 192494 194048 192145 198073 199660 182294 
1033 276646 275634 275095 276020 275613 274154 275621 273454 275373 272701 271044 275130 271448 269260 282583 285218 259117 
1034 372070 371870 374644 371855 374914 375911 375365 375307 374313 374638 373589 376120 372706 372041 386200 385617 353362 
1035 37514 38117 36849 37471 37112 36931 38432 38464 38210 37336 38117 38201 38152 36935 38969 38800 35624 
1036 147613 147824 151416 147317 148398 152397 150901 151366 151945 151683 151866 152113 151901 152902 157212 157715 142622 
1037 78976 78157 78013 77968 78134 77867 78706 78722 78391 79831 79888 78578 79162 78893 82395 82802 74499 
1038 71688 71208 71095 72181 72335 71717 71997 72473 70921 73025 72854 71028 72376 72040 75585 76656 68187 
1041 187916 189928 188280 187445 189294 188154 187894 188000 187797 186091 185414 188489 185739 183939 194551 194739 177275 
1042 65234 64960 65163 65124 66127 65067 65455 66185 64989 66194 66489 64516 66270 65411 69583 70105 62169 
1043 175977 175898 175247 175868 176321 174593 176486 174750 174774 174548 173689 174367 173293 172657 182786 182186 165496 
1044 217641 216295 219653 216583 219555 220803 220038 221724 220201 221658 221696 219839 221398 221459 226887 227735 207833 
1045 138172 137521 138307 136951 137457 137125 138691 139290 137920 138098 137561 137442 136549 136764 142168 142795 130165 
1046 107836 107329 107877 108541 107647 108584 107367 106604 107387 106309 107178 107730 106436 106401 111075 111233 101502 
1048 56420 56601 56276 56949 56682 55712 56864 56609 55961 56460 56978 56598 56695 55961 59686 59859 53548 
1049 70693 69996 70269 70434 70599 70869 70967 70027 69704 70326 69550 69584 70563 69435 73002 73000 66413 
1050 87398 86239 85959 87392 87624 86515 88563 87521 86593 88341 88305 86903 87882 88179 91907 92140 82792 
1051 13597 12644 13899 12696 13340 14531 13871 12991 14667 13495 14052 13580 13307 13576 13933 13535 12807 
1052 231131 231695 234666 231102 233334 234926 234499 236728 235221 236333 236935 234162 235960 236423 245950 245788 222050 
1053 147446 147281 145983 147055 147541 145658 147665 148068 146056 148513 147952 146178 148705 146024 153429 153274 139225 
1054 129254 128988 129473 130463 130513 128030 129835 129353 129715 129652 129333 129194 129161 128031 135317 135179 122441 
1055 105040 105077 103575 105263 105023 103080 105944 104596 102882 104644 103702 102907 103373 102626 108820 110626 98657 
1056 106643 106866 106024 106096 106410 105660 107279 107757 106762 107413 106388 106684 107564 106389 110809 110643 100905 
1059 66068 66970 67029 67178 67409 66826 66622 66889 66632 67114 67305 67604 68290 66943 70452 69897 63484 
1062 115866 115963 115676 116123 116654 116357 117583 117080 115186 117012 115610 116451 115983 114252 121032 121475 109900 
1066 94664 94037 93694 94178 95133 94594 94295 94281 95289 95289 93827 94103 94395 93904 98228 98282 89305 
1069 164994 165598 166290 165331 166018 165862 168026 167627 166222 168374 168434 167131 168774 166993 178936 177683 158370 
1071 61472 61403 61794 62317 61723 61038 61650 62838 61496 61994 61426 62037 61965 62132 65390 65178 58580 
1072 138145 137892 138656 137854 138933 138365 138030 138944 138461 139853 138911 138117 138558 137800 142334 143394 130838 
1073 74480 75733 76749 75496 75789 77662 75795 77120 76714 77258 78410 76490 77909 77846 81292 80874 72683 
1077 77189 77512 77019 77478 78585 77331 78270 79085 76947 78867 78792 76858 78562 78245 82314 82724 73869 
1078 85204 85472 83617 85875 85875 83945 86658 86079 84040 86264 85088 83265 84783 84476 89267 89100 80530 
1079 169894 170920 172244 169860 170673 172068 171712 172388 172306 172196 172697 172580 172643 172301 179350 179275 162536 
1080 69347 69001 70226 69156 69599 70768 70071 70705 70633 70726 71690 70734 71311 71339 75079 74011 66729 
1081 352020 352902 350920 350872 353018 353409 353489 353692 351647 352966 351782 353100 350584 348805 363334 363626 332716 
1082 153311 153895 152125 153511 153434 152396 152358 152007 153202 150459 150571 153335 151644 149339 159711 157817 144066 
1083 291657 291096 293257 289558 293760 293021 293059 294359 292957 292583 292752 293804 292524 290597 303393 302261 276508 
1084 239674 238388 242890 239153 239967 241551 241870 243242 240441 241797 241121 241799 243264 239812 249491 249386 227873 
1086 78907 79166 79944 78928 79845 80065 80040 80431 79579 81025 81455 79030 81041 80179 84445 83701 75752 
1090 36596 36988 37406 37337 36755 36848 37309 37198 36611 36354 36680 37295 37109 37633 37940 38149 34953 
1961 9714 9363 9792 9444 9891 9340 9627 10217 9418 9519 10233 9853 10224 9416 10493 9923 9204 
2031 20801 20718 20487 20924 20536 21156 20706 20109 20590 19646 19769 20814 19909 19850 20473 20257 19220 
2033 23239 22671 23119 22573 22807 22873 22788 22823 22583 22359 22285 22799 22250 22071 22701 23861 21400 
2041 13814 13710 13092 13002 13641 12994 13120 12760 13375 13031 13399 13232 12519 12394 13922 12993 12412 
2043 16455 16186 16384 15839 16141 15823 16415 16270 14834 16369 15390 16771 16121 16279 16072 16622 15175 
2045 13347 12435 12634 12549 12633 12427 13157 12711 12603 12436 12798 12453 12233 12648 12428 13323 11930 
2055 19744 20504 19831 20090 19778 20000 20506 19720 20618 19697 19894 20873 19772 19951 20082 19493 18856 
2070 28554 28782 29165 28847 28598 28121 28885 29110 29304 29706 29804 28782 29305 29711 30672 31173 27560 
2076 26443 25790 26479 26412 25805 26305 26437 26109 25835 25852 26143 26440 26586 25779 26907 26765 24711 
2077 26519 25894 27080 25672 27101 27162 26773 26227 26837 27492 27430 26767 27143 26647 27474 27418 25273 
2078 22516 22885 22598 21956 22576 22186 22991 23477 22721 23567 23352 22937 23168 22697 23340 23346 21548 
2081 38469 38479 39533 38306 38956 39456 39272 38658 38910 38536 37657 38634 38600 37975 39546 38984 36469 
2082 35631 35433 35867 35263 36001 34978 35355 35388 35189 35032 36123 35571 35602 34814 35795 35543 33387 
2083 30764 30567 31349 30685 31047 32014 32216 31783 31796 31734 31851 31482 31550 31305 32395 31823 29668 
2084 34010 34095 34210 33497 35163 33940 34587 34414 34208 34503 34561 34957 33886 33642 34068 34759 32265 
2094 24906 24640 25474 25075 25331 25695 25549 25503 25692 25451 25652 24590 25329 25633 26368 25918 23930 
2095 26250 26373 26756 26285 27238 27501 26612 26930 26843 27484 26914 27317 26475 27503 26853 27934 25369 
2098 45479 44871 45783 44491 45521 45635 45237 45812 44757 45107 46029 45549 45632 46361 44980 45857 42771 
3020 45007 44936 44624 45557 45239 45361 45781 45182 45593 45655 46479 45701 46301 46444 48117 47885 43168 
3030 19758 19581 19191 19477 19500 20031 19587 18976 19774 20397 18961 19636 19192 19699 20393 20542 18512 
3034 34619 34538 35107 33959 34395 34650 34913 34444 34156 34356 35131 34025 34394 34459 36228 37211 32740 
3040 12075 11289 12017 11913 12352 12027 11753 12708 11513 11562 11779 11523 12391 12464 13042 13388 11400 
3041 25721 26555 24972 25976 26568 25800 25336 25685 26015 25163 25307 25229 25730 25743 26528 27537 24345 
3043 20625 20722 20999 20223 20779 20647 19972 20526 20297 20836 20539 20525 20265 20452 22206 21771 19493 
3044 23548 22832 22234 22947 23253 22784 23492 22931 22953 24082 23462 23040 23543 23857 25724 24745 22084 
3056 28858 28973 28016 28738 28473 28173 28928 29073 28289 29270 28493 28404 28760 29252 30188 31134 27237 
3077 33763 33724 35024 34430 34079 34955 34435 35668 34513 34703 34956 34597 34308 35575 35126 35784 32685 
4038 81321 80662 80311 80603 81307 80097 82196 81575 81387 82860 81478 80193 82551 81547 84435 84564 76887 
4049 41896 42220 42522 42456 42511 42230 42141 42964 42973 42225 42189 41351 42620 42066 43722 43664 39985 
4059 24181 24648 23954 25097 24725 24242 24162 23950 24550 25428 24831 25122 24733 25198 25449 25641 23289 
4071 67119 66729 66788 66503 67618 66215 67139 67921 67089 68364 66922 66595 67081 67131 68726 69394 63373 
4080 34555 34416 34438 34422 34027 34568 34958 34326 34936 35239 35123 35371 34603 35271 36470 35810 32855 
