500_RD_401 7.79474 120.70148 1 34555 4080
500_RD_401 7.79423 120.70371 2 34416 4080
500_RD_401 7.79446 120.70008 3 34438 4080
500_RD_401 7.79448 120.70471 4 34422 4080
500_RD_401 7.79423 120.70287 5 34027 4080
500_RD_401 7.79421 120.69929 6 34568 4080
500_RD_401 7.79350 120.70271 7 34958 4080
500_RD_401 7.79420 120.70219 8 34326 4080
500_RD_401 7.79488 120.70297 9 34936 4080
500_RD_401 7.79443 120.69871 10 35239 4080
500_RD_401 7.79432 120.70284 11 35123 4080
500_RD_401 7.79487 120.70047 12 35371 4080
500_RD_401 7.79491 120.70303 13 34603 4080
500_RD_401 7.79396 120.70084 14 35271 4080
500_RD_401 7.79454 120.70467 15 36470 4080
500_RD_401 7.79462 120.70198 16 35810 4080
500_RD_401 7.79442 120.70203 17 32855 4080
