0,18239
106,12483
106,10369
106,8009
106.25,7488
106.5,9044
106.75,9721
107,6909
107.25,5678
107.5,8444
107.75,12371
108,8597
108.25,5049
108.5,8755
108.75,10949
109,4501
109.25,10460
109.5,8274
109.75,8505
110,11492
110.25,11658
110.5,11779
110.75,7908
111,8761
111.25,7735
111.5,7544
111.75,8257
112,10944
112.25,9669
112.5,8718
112.75,10636
113,8952
113.25,8077
113.5,10806
113.75,7362
114,14488
114.25,11120
114.5,7365
114.75,7296
115,7112
115.25,5550
115.5,7521
115.75,8020
116,8794
116.25,11569
116.5,9142
116.75,8508
117,12858
117.25,5246
117.5,2982
117.75,10885
118,7652
118.25,8122
118.5,4701
118.75,3066
119,2993
119.25,5242
119.5,-5507
119.75,2854
120,994
120.25,5757
120.5,-925
120.75,674
121,7500
121.25,6807
121.5,9102
121.75,4438
122,5679
122.25,10777
122.5,8820
122.75,6420
123,7077
123.25,8356
123.5,8986
123.75,8589
124,10448
124.25,7820
124.5,11060
124.75,11838
125,14197
125.25,8571
125.5,6029
125.75,6033
126,13283
126.25,9651
126.5,4594
126.75,6872
127,10538
127.25,7097
127.5,5692
127.75,9675
