ref
286574
286574
286574
286574
286574
286574
286574
286574
286574
286574
286574
286574
286574
286574
286574
286574
286574
286574
286574
286574
286574
286574
286574
286574
286574
286574
286574
286574
286574
286574
286574
286574
286574
286574
286574
286574
286574
286574
286574
286574
223982
223982
223982
223982
223982
223982
223982
223982
223982
223982
223982
223982
223982
223982
223982
223982
223982
223982
223982
223982
223982
223982
223982
223982
223982
223982
223982
223982
223982
223982
223982
223982
223982
223982
223982
223982
223982
223982
223982
223982
568772
568772
568772
568772
568772
568772
568772
568772
568772
568772
568772
568772
568772
568772
568772
568772
568772
568772
568772
568772
568772
568772
568772
568772
568772
568772
568772
568772
568772
568772
568772
568772
568772
568772
568772
568772
568772
568772
568772
568772
1738930
1738930
1738930
1738930
1738930
1738930
1738930
1738930
1738930
1738930
1738930
1738930
1738930
1738930
1738930
1738930
1738930
1738930
1738930
1738930
1738930
1738930
1738930
1738930
1738930
1738930
1738930
1738930
1738930
1738930
1738930
1738930
1738930
1738930
1738930
1738930
1738930
1738930
1738930
1738930
322455
322455
322455
322455
322455
322455
322455
322455
322455
322455
322455
322455
322455
322455
322455
322455
322455
322455
322455
322455
322455
322455
322455
322455
322455
322455
322455
322455
322455
322455
322455
322455
322455
322455
322455
322455
322455
322455
322455
322455
119130
119130
119130
119130
119130
119130
119130
119130
119130
119130
119130
119130
119130
119130
119130
119130
119130
119130
119130
119130
119130
119130
119130
119130
119130
119130
119130
119130
119130
119130
119130
119130
119130
119130
119130
119130
119130
119130
119130
119130
272493
272493
272493
272493
272493
272493
272493
272493
272493
272493
272493
272493
272493
272493
272493
272493
272493
272493
272493
272493
272493
272493
272493
272493
272493
272493
272493
272493
272493
272493
272493
272493
272493
272493
272493
272493
272493
272493
272493
272493
1523240
1523240
1523240
1523240
1523240
1523240
1523240
1523240
1523240
1523240
1523240
1523240
1523240
1523240
1523240
1523240
1523240
1523240
1523240
1523240
1523240
1523240
1523240
1523240
1523240
1523240
1523240
1523240
1523240
1523240
1523240
1523240
1523240
1523240
1523240
1523240
1523240
1523240
1523240
1523240
432498
432498
432498
432498
432498
432498
432498
432498
432498
432498
432498
432498
432498
432498
432498
432498
432498
432498
432498
432498
432498
432498
432498
432498
432498
432498
432498
432498
432498
432498
432498
432498
432498
432498
432498
432498
432498
432498
432498
432498
423535
423535
423535
423535
423535
423535
423535
423535
423535
423535
423535
423535
423535
423535
423535
423535
423535
423535
423535
423535
423535
423535
423535
423535
423535
423535
423535
423535
423535
423535
423535
423535
423535
423535
423535
423535
423535
423535
423535
423535
345949
345949
345949
345949
345949
345949
345949
345949
345949
345949
345949
345949
345949
345949
345949
345949
345949
345949
345949
345949
345949
345949
345949
345949
345949
345949
345949
345949
345949
345949
345949
345949
345949
345949
345949
345949
345949
345949
345949
345949
179725
179725
179725
179725
179725
179725
179725
179725
179725
179725
179725
179725
179725
179725
179725
179725
179725
179725
179725
179725
179725
179725
179725
179725
179725
179725
179725
179725
179725
179725
179725
179725
179725
179725
179725
179725
179725
179725
179725
179725
259690
259690
259690
259690
259690
259690
259690
259690
259690
259690
259690
259690
259690
259690
259690
259690
259690
259690
259690
259690
259690
259690
259690
259690
259690
259690
259690
259690
259690
259690
259690
259690
259690
259690
259690
259690
259690
259690
259690
259690
183152
183152
183152
183152
183152
183152
183152
183152
183152
183152
183152
183152
183152
183152
183152
183152
183152
183152
183152
183152
183152
183152
183152
183152
183152
183152
183152
183152
183152
183152
183152
183152
183152
183152
183152
183152
183152
183152
183152
183152
777844
777844
777844
777844
777844
777844
777844
777844
777844
777844
777844
777844
777844
777844
777844
777844
777844
777844
777844
777844
777844
777844
777844
777844
777844
777844
777844
777844
777844
777844
777844
777844
777844
777844
777844
777844
777844
777844
777844
777844
790256
790256
790256
790256
790256
790256
790256
790256
790256
790256
790256
790256
790256
790256
790256
790256
790256
790256
790256
790256
790256
790256
790256
790256
790256
790256
790256
790256
790256
790256
790256
790256
790256
790256
790256
790256
790256
790256
790256
790256
146181
146181
146181
146181
146181
146181
146181
146181
146181
146181
146181
146181
146181
146181
146181
146181
146181
146181
146181
146181
146181
146181
146181
146181
146181
146181
146181
146181
146181
146181
146181
146181
146181
146181
146181
146181
146181
146181
146181
146181
184477
184477
184477
184477
184477
184477
184477
184477
184477
184477
184477
184477
184477
184477
184477
184477
184477
184477
184477
184477
184477
184477
184477
184477
184477
184477
184477
184477
184477
184477
184477
184477
184477
184477
184477
184477
184477
184477
184477
184477
784364
784364
784364
784364
784364
784364
784364
784364
784364
784364
784364
784364
784364
784364
784364
784364
784364
784364
784364
784364
784364
784364
784364
784364
784364
784364
784364
784364
784364
784364
784364
784364
784364
784364
784364
784364
784364
784364
784364
784364
252052
252052
252052
252052
252052
252052
252052
252052
252052
252052
252052
252052
252052
252052
252052
252052
252052
252052
252052
252052
252052
252052
252052
252052
252052
252052
252052
252052
252052
252052
252052
252052
252052
252052
252052
252052
252052
252052
252052
252052
264762
264762
264762
264762
264762
264762
264762
264762
264762
264762
264762
264762
264762
264762
264762
264762
264762
264762
264762
264762
264762
264762
264762
264762
264762
264762
264762
264762
264762
264762
264762
264762
264762
264762
264762
264762
264762
264762
264762
264762
107693
107693
107693
107693
107693
107693
107693
107693
107693
107693
107693
107693
107693
107693
107693
107693
107693
107693
107693
107693
107693
107693
107693
107693
107693
107693
107693
107693
107693
107693
107693
107693
107693
107693
107693
107693
107693
107693
107693
107693
367888
367888
367888
367888
367888
367888
367888
367888
367888
367888
367888
367888
367888
367888
367888
367888
367888
367888
367888
367888
367888
367888
367888
367888
367888
367888
367888
367888
367888
367888
367888
367888
367888
367888
367888
367888
367888
367888
367888
367888
54727
54727
54727
54727
54727
54727
54727
54727
54727
54727
54727
54727
54727
54727
54727
54727
54727
54727
54727
54727
54727
54727
54727
54727
54727
54727
54727
54727
54727
54727
54727
54727
54727
54727
54727
54727
54727
54727
54727
54727
1418680
1418680
1418680
1418680
1418680
1418680
1418680
1418680
1418680
1418680
1418680
1418680
1418680
1418680
1418680
1418680
1418680
1418680
1418680
1418680
1418680
1418680
1418680
1418680
1418680
1418680
1418680
1418680
1418680
1418680
1418680
1418680
1418680
1418680
1418680
1418680
1418680
1418680
1418680
1418680
763387
763387
763387
763387
763387
763387
763387
763387
763387
763387
763387
763387
763387
763387
763387
763387
763387
763387
763387
763387
763387
763387
763387
763387
763387
763387
763387
763387
763387
763387
763387
763387
763387
763387
763387
763387
763387
763387
763387
763387
539276
539276
539276
539276
539276
539276
539276
539276
539276
539276
539276
539276
539276
539276
539276
539276
539276
539276
539276
539276
539276
539276
539276
539276
539276
539276
539276
539276
539276
539276
539276
539276
539276
539276
539276
539276
539276
539276
539276
539276
117170
117170
117170
117170
117170
117170
117170
117170
117170
117170
117170
117170
117170
117170
117170
117170
117170
117170
117170
117170
117170
117170
117170
117170
117170
117170
117170
117170
117170
117170
117170
117170
117170
117170
117170
117170
117170
117170
117170
117170
56996
56996
56996
56996
56996
56996
56996
56996
56996
56996
56996
56996
56996
56996
56996
56996
56996
56996
56996
56996
56996
56996
56996
56996
56996
56996
56996
56996
56996
56996
56996
56996
56996
56996
56996
56996
56996
56996
56996
56996
177977
177977
177977
177977
177977
177977
177977
177977
177977
177977
177977
177977
177977
177977
177977
177977
177977
177977
177977
177977
177977
177977
177977
177977
177977
177977
177977
177977
177977
177977
177977
177977
177977
177977
177977
177977
177977
177977
177977
177977
260283
260283
260283
260283
260283
260283
260283
260283
260283
260283
260283
260283
260283
260283
260283
260283
260283
260283
260283
260283
260283
260283
260283
260283
260283
260283
260283
260283
260283
260283
260283
260283
260283
260283
260283
260283
260283
260283
260283
260283
366250
366250
366250
366250
366250
366250
366250
366250
366250
366250
366250
366250
366250
366250
366250
366250
366250
366250
366250
366250
366250
366250
366250
366250
366250
366250
366250
366250
366250
366250
366250
366250
366250
366250
366250
366250
366250
366250
366250
366250
412160
412160
412160
412160
412160
412160
412160
412160
412160
412160
412160
412160
412160
412160
412160
412160
412160
412160
412160
412160
412160
412160
412160
412160
412160
412160
412160
412160
412160
412160
412160
412160
412160
412160
412160
412160
412160
412160
412160
412160
323396
323396
323396
323396
323396
323396
323396
323396
323396
323396
323396
323396
323396
323396
323396
323396
323396
323396
323396
323396
323396
323396
323396
323396
323396
323396
323396
323396
323396
323396
323396
323396
323396
323396
323396
323396
323396
323396
323396
323396
706901
706901
706901
706901
706901
706901
706901
706901
706901
706901
706901
706901
706901
706901
706901
706901
706901
706901
706901
706901
706901
706901
706901
706901
706901
706901
706901
706901
706901
706901
706901
706901
706901
706901
706901
706901
706901
706901
706901
706901
635803
635803
635803
635803
635803
635803
635803
635803
635803
635803
635803
635803
635803
635803
635803
635803
635803
635803
635803
635803
635803
635803
635803
635803
635803
635803
635803
635803
635803
635803
635803
635803
635803
635803
635803
635803
635803
635803
635803
635803
74607
74607
74607
74607
74607
74607
74607
74607
74607
74607
74607
74607
74607
74607
74607
74607
74607
74607
74607
74607
74607
74607
74607
74607
74607
74607
74607
74607
74607
74607
74607
74607
74607
74607
74607
74607
74607
74607
74607
74607
358932
358932
358932
358932
358932
358932
358932
358932
358932
358932
358932
358932
358932
358932
358932
358932
358932
358932
358932
358932
358932
358932
358932
358932
358932
358932
358932
358932
358932
358932
358932
358932
358932
358932
358932
358932
358932
358932
358932
358932
124548
124548
124548
124548
124548
124548
124548
124548
124548
124548
124548
124548
124548
124548
124548
124548
124548
124548
124548
124548
124548
124548
124548
124548
124548
124548
124548
124548
124548
124548
124548
124548
124548
124548
124548
124548
124548
124548
124548
124548
329207
329207
329207
329207
329207
329207
329207
329207
329207
329207
329207
329207
329207
329207
329207
329207
329207
329207
329207
329207
329207
329207
329207
329207
329207
329207
329207
329207
329207
329207
329207
329207
329207
329207
329207
329207
329207
329207
329207
329207
265909
265909
265909
265909
265909
265909
265909
265909
265909
265909
265909
265909
265909
265909
265909
265909
265909
265909
265909
265909
265909
265909
265909
265909
265909
265909
265909
265909
265909
265909
265909
265909
265909
265909
265909
265909
265909
265909
265909
265909
680789
680789
680789
680789
680789
680789
680789
680789
680789
680789
680789
680789
680789
680789
680789
680789
680789
680789
680789
680789
680789
680789
680789
680789
680789
680789
680789
680789
680789
680789
680789
680789
680789
680789
680789
680789
680789
680789
680789
680789
411554
411554
411554
411554
411554
411554
411554
411554
411554
411554
411554
411554
411554
411554
411554
411554
411554
411554
411554
411554
411554
411554
411554
411554
411554
411554
411554
411554
411554
411554
411554
411554
411554
411554
411554
411554
411554
411554
411554
411554
182596
182596
182596
182596
182596
182596
182596
182596
182596
182596
182596
182596
182596
182596
182596
182596
182596
182596
182596
182596
182596
182596
182596
182596
182596
182596
182596
182596
182596
182596
182596
182596
182596
182596
182596
182596
182596
182596
182596
182596
400589
400589
400589
400589
400589
400589
400589
400589
400589
400589
400589
400589
400589
400589
400589
400589
400589
400589
400589
400589
400589
400589
400589
400589
400589
400589
400589
400589
400589
400589
400589
400589
400589
400589
400589
400589
400589
400589
400589
400589
387496
387496
387496
387496
387496
387496
387496
387496
387496
387496
387496
387496
387496
387496
387496
387496
387496
387496
387496
387496
387496
387496
387496
387496
387496
387496
387496
387496
387496
387496
387496
387496
387496
387496
387496
387496
387496
387496
387496
387496
216462
216462
216462
216462
216462
216462
216462
216462
216462
216462
216462
216462
216462
216462
216462
216462
216462
216462
216462
216462
216462
216462
216462
216462
216462
216462
216462
216462
216462
216462
216462
216462
216462
216462
216462
216462
216462
216462
216462
216462
51159
51159
51159
51159
51159
51159
51159
51159
51159
51159
51159
51159
51159
51159
51159
51159
51159
51159
51159
51159
51159
51159
51159
51159
51159
51159
51159
51159
51159
51159
51159
51159
51159
51159
51159
51159
51159
51159
51159
51159
1253470
1253470
1253470
1253470
1253470
1253470
1253470
1253470
1253470
1253470
1253470
1253470
1253470
1253470
1253470
1253470
1253470
1253470
1253470
1253470
1253470
1253470
1253470
1253470
1253470
1253470
1253470
1253470
1253470
1253470
1253470
1253470
1253470
1253470
1253470
1253470
1253470
1253470
1253470
1253470
449768
449768
449768
449768
449768
449768
449768
449768
449768
449768
449768
449768
449768
449768
449768
449768
449768
449768
449768
449768
449768
449768
449768
449768
449768
449768
449768
449768
449768
449768
449768
449768
449768
449768
449768
449768
449768
449768
449768
449768
803415
803415
803415
803415
803415
803415
803415
803415
803415
803415
803415
803415
803415
803415
803415
803415
803415
803415
803415
803415
803415
803415
803415
803415
803415
803415
803415
803415
803415
803415
803415
803415
803415
803415
803415
803415
803415
803415
803415
803415
792029
792029
792029
792029
792029
792029
792029
792029
792029
792029
792029
792029
792029
792029
792029
792029
792029
792029
792029
792029
792029
792029
792029
792029
792029
792029
792029
792029
792029
792029
792029
792029
792029
792029
792029
792029
792029
792029
792029
792029
410109
410109
410109
410109
410109
410109
410109
410109
410109
410109
410109
410109
410109
410109
410109
410109
410109
410109
410109
410109
410109
410109
410109
410109
410109
410109
410109
410109
410109
410109
410109
410109
410109
410109
410109
410109
410109
410109
410109
410109
378294
378294
378294
378294
378294
378294
378294
378294
378294
378294
378294
378294
378294
378294
378294
378294
378294
378294
378294
378294
378294
378294
378294
378294
378294
378294
378294
378294
378294
378294
378294
378294
378294
378294
378294
378294
378294
378294
378294
378294
339394
339394
339394
339394
339394
339394
339394
339394
339394
339394
339394
339394
339394
339394
339394
339394
339394
339394
339394
339394
339394
339394
339394
339394
339394
339394
339394
339394
339394
339394
339394
339394
339394
339394
339394
339394
339394
339394
339394
339394
238917
238917
238917
238917
238917
238917
238917
238917
238917
238917
238917
238917
238917
238917
238917
238917
238917
238917
238917
238917
238917
238917
238917
238917
238917
238917
238917
238917
238917
238917
238917
238917
238917
238917
238917
238917
238917
238917
238917
238917
54661
54661
54661
54661
54661
54661
54661
54661
54661
54661
54661
54661
54661
54661
54661
54661
54661
54661
54661
54661
54661
54661
54661
54661
54661
54661
54661
54661
54661
54661
54661
54661
54661
54661
54661
54661
54661
54661
54661
54661
1087950
1087950
1087950
1087950
1087950
1087950
1087950
1087950
1087950
1087950
1087950
1087950
1087950
1087950
1087950
1087950
1087950
1087950
1087950
1087950
1087950
1087950
1087950
1087950
1087950
1087950
1087950
1087950
1087950
1087950
1087950
1087950
1087950
1087950
1087950
1087950
1087950
1087950
1087950
1087950
316008
316008
316008
316008
316008
316008
316008
316008
316008
316008
316008
316008
316008
316008
316008
316008
316008
316008
316008
316008
316008
316008
316008
316008
316008
316008
316008
316008
316008
316008
316008
316008
316008
316008
316008
316008
316008
316008
316008
316008
1117380
1117380
1117380
1117380
1117380
1117380
1117380
1117380
1117380
1117380
1117380
1117380
1117380
1117380
1117380
1117380
1117380
1117380
1117380
1117380
1117380
1117380
1117380
1117380
1117380
1117380
1117380
1117380
1117380
1117380
1117380
1117380
1117380
1117380
1117380
1117380
1117380
1117380
1117380
1117380
449133
449133
449133
449133
449133
449133
449133
449133
449133
449133
449133
449133
449133
449133
449133
449133
449133
449133
449133
449133
449133
449133
449133
449133
449133
449133
449133
449133
449133
449133
449133
449133
449133
449133
449133
449133
449133
449133
449133
449133
414651
414651
414651
414651
414651
414651
414651
414651
414651
414651
414651
414651
414651
414651
414651
414651
414651
414651
414651
414651
414651
414651
414651
414651
414651
414651
414651
414651
414651
414651
414651
414651
414651
414651
414651
414651
414651
414651
414651
414651
363749
363749
363749
363749
363749
363749
363749
363749
363749
363749
363749
363749
363749
363749
363749
363749
363749
363749
363749
363749
363749
363749
363749
363749
363749
363749
363749
363749
363749
363749
363749
363749
363749
363749
363749
363749
363749
363749
363749
363749
558564
558564
558564
558564
558564
558564
558564
558564
558564
558564
558564
558564
558564
558564
558564
558564
558564
558564
558564
558564
558564
558564
558564
558564
558564
558564
558564
558564
558564
558564
558564
558564
558564
558564
558564
558564
558564
558564
558564
558564
203255
203255
203255
203255
203255
203255
203255
203255
203255
203255
203255
203255
203255
203255
203255
203255
203255
203255
203255
203255
203255
203255
203255
203255
203255
203255
203255
203255
203255
203255
203255
203255
203255
203255
203255
203255
203255
203255
203255
203255
296477
296477
296477
296477
296477
296477
296477
296477
296477
296477
296477
296477
296477
296477
296477
296477
296477
296477
296477
296477
296477
296477
296477
296477
296477
296477
296477
296477
296477
296477
296477
296477
296477
296477
296477
296477
296477
296477
296477
296477
130528
130528
130528
130528
130528
130528
130528
130528
130528
130528
130528
130528
130528
130528
130528
130528
130528
130528
130528
130528
130528
130528
130528
130528
130528
130528
130528
130528
130528
130528
130528
130528
130528
130528
130528
130528
130528
130528
130528
130528
1194340
1194340
1194340
1194340
1194340
1194340
1194340
1194340
1194340
1194340
1194340
1194340
1194340
1194340
1194340
1194340
1194340
1194340
1194340
1194340
1194340
1194340
1194340
1194340
1194340
1194340
1194340
1194340
1194340
1194340
1194340
1194340
1194340
1194340
1194340
1194340
1194340
1194340
1194340
1194340
1547720
1547720
1547720
1547720
1547720
1547720
1547720
1547720
1547720
1547720
1547720
1547720
1547720
1547720
1547720
1547720
1547720
1547720
1547720
1547720
1547720
1547720
1547720
1547720
1547720
1547720
1547720
1547720
1547720
1547720
1547720
1547720
1547720
1547720
1547720
1547720
1547720
1547720
1547720
1547720
463460
463460
463460
463460
463460
463460
463460
463460
463460
463460
463460
463460
463460
463460
463460
463460
463460
463460
463460
463460
463460
463460
463460
463460
463460
463460
463460
463460
463460
463460
463460
463460
463460
463460
463460
463460
463460
463460
463460
463460
83927
83927
83927
83927
83927
83927
83927
83927
83927
83927
83927
83927
83927
83927
83927
83927
83927
83927
83927
83927
83927
83927
83927
83927
83927
83927
83927
83927
83927
83927
83927
83927
83927
83927
83927
83927
83927
83927
83927
83927
505059
505059
505059
505059
505059
505059
505059
505059
505059
505059
505059
505059
505059
505059
505059
505059
505059
505059
505059
505059
505059
505059
505059
505059
505059
505059
505059
505059
505059
505059
505059
505059
505059
505059
505059
505059
505059
505059
505059
505059
184072
184072
184072
184072
184072
184072
184072
184072
184072
184072
184072
184072
184072
184072
184072
184072
184072
184072
184072
184072
184072
184072
184072
184072
184072
184072
184072
184072
184072
184072
184072
184072
184072
184072
184072
184072
184072
184072
184072
184072
201895
201895
201895
201895
201895
201895
201895
201895
201895
201895
201895
201895
201895
201895
201895
201895
201895
201895
201895
201895
201895
201895
201895
201895
201895
201895
201895
201895
201895
201895
201895
201895
201895
201895
201895
201895
201895
201895
201895
201895
1919230
1919230
1919230
1919230
1919230
1919230
1919230
1919230
1919230
1919230
1919230
1919230
1919230
1919230
1919230
1919230
1919230
1919230
1919230
1919230
1919230
1919230
1919230
1919230
1919230
1919230
1919230
1919230
1919230
1919230
1919230
1919230
1919230
1919230
1919230
1919230
1919230
1919230
1919230
1919230
682125
682125
682125
682125
682125
682125
682125
682125
682125
682125
682125
682125
682125
682125
682125
682125
682125
682125
682125
682125
682125
682125
682125
682125
682125
682125
682125
682125
682125
682125
682125
682125
682125
682125
682125
682125
682125
682125
682125
682125
532004
532004
532004
532004
532004
532004
532004
532004
532004
532004
532004
532004
532004
532004
532004
532004
532004
532004
532004
532004
532004
532004
532004
532004
532004
532004
532004
532004
532004
532004
532004
532004
532004
532004
532004
532004
532004
532004
532004
532004
339168
339168
339168
339168
339168
339168
339168
339168
339168
339168
339168
339168
339168
339168
339168
339168
339168
339168
339168
339168
339168
339168
339168
339168
339168
339168
339168
339168
339168
339168
339168
339168
339168
339168
339168
339168
339168
339168
339168
339168
1275230
1275230
1275230
1275230
1275230
1275230
1275230
1275230
1275230
1275230
1275230
1275230
1275230
1275230
1275230
1275230
1275230
1275230
1275230
1275230
1275230
1275230
1275230
1275230
1275230
1275230
1275230
1275230
1275230
1275230
1275230
1275230
1275230
1275230
1275230
1275230
1275230
1275230
1275230
1275230
841075
841075
841075
841075
841075
841075
841075
841075
841075
841075
841075
841075
841075
841075
841075
841075
841075
841075
841075
841075
841075
841075
841075
841075
841075
841075
841075
841075
841075
841075
841075
841075
841075
841075
841075
841075
841075
841075
841075
841075
277499
277499
277499
277499
277499
277499
277499
277499
277499
277499
277499
277499
277499
277499
277499
277499
277499
277499
277499
277499
277499
277499
277499
277499
277499
277499
277499
277499
277499
277499
277499
277499
277499
277499
277499
277499
277499
277499
277499
277499
186878
186878
186878
186878
186878
186878
186878
186878
186878
186878
186878
186878
186878
186878
186878
186878
186878
186878
186878
186878
186878
186878
186878
186878
186878
186878
186878
186878
186878
186878
186878
186878
186878
186878
186878
186878
186878
186878
186878
186878
143371
143371
143371
143371
143371
143371
143371
143371
143371
143371
143371
143371
143371
143371
143371
143371
143371
143371
143371
143371
143371
143371
143371
143371
143371
143371
143371
143371
143371
143371
143371
143371
143371
143371
143371
143371
143371
143371
143371
143371
280419
280419
280419
280419
280419
280419
280419
280419
280419
280419
280419
280419
280419
280419
280419
280419
280419
280419
280419
280419
280419
280419
280419
280419
280419
280419
280419
280419
280419
280419
280419
280419
280419
280419
280419
280419
280419
280419
280419
280419
285646
285646
285646
285646
285646
285646
285646
285646
285646
285646
285646
285646
285646
285646
285646
285646
285646
285646
285646
285646
285646
285646
285646
285646
285646
285646
285646
285646
285646
285646
285646
285646
285646
285646
285646
285646
285646
285646
285646
285646
