F2 Position 0 0
C 82 1 4412
C 82 2 3892
C 82 3 3717
C 82 4 4780
C 82 5 3864
C 82 6 4715
C 82 7 4150
C 82 8 4581
C 82 9 4419
C 82 10 8294
C 82 11 4603
C 82 12 3441
C 82 13 4815
C 82 14 4672
C 82 15 3688
C 82 16 5003
C 82 17 5482
C 82 18 4507
C 82 19 5051
C 82 20 9713
C 82 21 3922
C 82 22 3336
C 82 23 4659
C 82 24 4396
C 82 25 4751
C 82 26 4345
C 82 27 5036
C 82 28 4278
C 82 29 4390
C 82 30 9568
C 82 31 5878
C 82 32 5014
C 82 33 4599
C 82 34 4857
C 82 35 4764
C 82 36 3982
C 82 37 4290
C 82 38 3488
C 82 39 5992
C 82 40 9530
A 34 1 32640
A 34 2 32700
A 34 3 32800
A 34 4 31230
A 34 5 32400
A 34 6 31530
A 34 7 33010
A 34 8 31590
A 34 9 32770
A 34 10 45820
A 34 11 34270
A 34 12 31180
A 34 13 33230
A 34 14 31760
A 34 15 33030
A 34 16 32570
A 34 17 33590
A 34 18 34620
A 34 19 33690
A 34 20 45300
A 34 21 32970
A 34 22 32060
A 34 23 32920
A 34 24 33290
A 34 25 31350
A 34 26 33410
A 34 27 32210
A 34 28 32360
A 34 29 32060
A 34 30 46120
A 34 31 32640
A 34 32 33230
A 34 33 33470
A 34 34 32660
A 34 35 31180
A 34 36 31500
A 34 37 32490
A 34 38 31840
A 34 39 31750
A 34 40 46740
B 83 1 10892
B 83 2 10952
B 83 3 9168
B 83 4 11277
B 83 5 10332
B 83 6 11086
B 83 7 11362
B 83 8 11200
B 83 9 9837
B 83 10 12809
B 83 11 10496
B 83 12 10852
B 83 13 10791
B 83 14 11008
B 83 15 10254
B 83 16 11053
B 83 17 10212
B 83 18 10705
B 83 19 10240
B 83 20 12632
B 83 21 11189
B 83 22 9828
B 83 23 12255
B 83 24 10902
B 83 25 10594
B 83 26 10630
B 83 27 10273
B 83 28 11020
B 83 29 10407
B 83 30 12508
B 83 31 10409
B 83 32 11717
B 83 33 10147
B 83 34 10004
B 83 35 10541
B 83 36 11157
B 83 37 11443
B 83 38 10338
B 83 39 12123
B 83 40 12428
A 36 1 14494
A 36 2 13864
A 36 3 15236
A 36 4 14250
A 36 5 14194
A 36 6 13579
A 36 7 13073
A 36 8 14095
A 36 9 14348
A 36 10 20528
A 36 11 14413
A 36 12 14686
A 36 13 15049
A 36 14 13009
A 36 15 14265
A 36 16 12036
A 36 17 14380
A 36 18 13049
A 36 19 14059
A 36 20 20081
A 36 21 13540
A 36 22 13639
A 36 23 12847
A 36 24 14281
A 36 25 13783
A 36 26 14182
A 36 27 14370
A 36 28 13430
A 36 29 14305
A 36 30 19973
A 36 31 13911
A 36 32 15893
A 36 33 14166
A 36 34 14384
A 36 35 12790
A 36 36 12533
A 36 37 13634
A 36 38 14358
A 36 39 12212
A 36 40 21154
C 30 1 5896
C 30 2 5825
C 30 3 5377
C 30 4 4906
C 30 5 5613
C 30 6 5587
C 30 7 5922
C 30 8 5132
C 30 9 6192
C 30 10 12519
C 30 11 5857
C 30 12 5530
C 30 13 5674
C 30 14 5947
C 30 15 5999
C 30 16 6255
C 30 17 6064
C 30 18 5874
C 30 19 4719
C 30 20 11928
C 30 21 6578
C 30 22 5857
C 30 23 4907
C 30 24 5628
C 30 25 5978
C 30 26 6274
C 30 27 6208
C 30 28 6101
C 30 29 5124
C 30 30 12579
C 30 31 5745
C 30 32 5858
C 30 33 6429
C 30 34 5648
C 30 35 5148
C 30 36 5679
C 30 37 5933
C 30 38 5415
C 30 39 5832
C 30 40 10882
B 94 1 3252
B 94 2 3555
B 94 3 4287
B 94 4 3416
B 94 5 3082
B 94 6 3571
B 94 7 3899
B 94 8 3906
B 94 9 3622
B 94 10 4251
B 94 11 3502
B 94 12 3118
B 94 13 3859
B 94 14 4012
B 94 15 4264
B 94 16 3361
B 94 17 3441
B 94 18 3475
B 94 19 3926
B 94 20 5440
B 94 21 2608
B 94 22 3812
B 94 23 3218
B 94 24 3460
B 94 25 3365
B 94 26 3557
B 94 27 3075
B 94 28 3173
B 94 29 4327
B 94 30 4876
B 94 31 4117
B 94 32 3542
B 94 33 4590
B 94 34 3427
B 94 35 3053
B 94 36 3417
B 94 37 3200
B 94 38 4338
B 94 39 3062
B 94 40 4829
C 73 1 2377
C 73 2 1586
C 73 3 2809
C 73 4 1995
C 73 5 1817
C 73 6 2514
C 73 7 2047
C 73 8 2170
C 73 9 2566
C 73 10 4850
C 73 11 2966
C 73 12 2425
C 73 13 2279
C 73 14 2840
C 73 15 1973
C 73 16 1303
C 73 17 3328
C 73 18 2015
C 73 19 2347
C 73 20 4833
C 73 21 3165
C 73 22 1326
C 73 23 2481
C 73 24 2572
C 73 25 3230
C 73 26 2254
C 73 27 2655
C 73 28 2936
C 73 29 2668
C 73 30 4780
C 73 31 2685
C 73 32 2732
C 73 33 2996
C 73 34 1882
C 73 35 2416
C 73 36 2525
C 73 37 2591
C 73 38 2459
C 73 39 2351
C 73 40 5850
A 30 1 2048
A 30 2 2383
A 30 3 2631
A 30 4 2472
A 30 5 2451
A 30 6 1718
A 30 7 2475
A 30 8 2412
A 30 9 2697
A 30 10 4072
A 30 11 2667
A 30 12 2124
A 30 13 1841
A 30 14 2337
A 30 15 2580
A 30 16 1174
A 30 17 2254
A 30 18 2226
A 30 19 2678
A 30 20 4284
A 30 21 2424
A 30 22 2636
A 30 23 1508
A 30 24 2442
A 30 25 2703
A 30 26 1969
A 30 27 3016
A 30 28 2053
A 30 29 1919
A 30 30 4312
A 30 31 3058
A 30 32 2250
A 30 33 1539
A 30 34 2768
A 30 35 2404
A 30 36 2094
A 30 37 1464
A 30 38 2379
A 30 39 1067
A 30 40 5162
B 31 1 1691
B 31 2 2696
B 31 3 1751
B 31 4 2117
B 31 5 1580
B 31 6 2032
B 31 7 1461
B 31 8 1849
B 31 9 1979
B 31 10 3089
B 31 11 2026
B 31 12 1307
B 31 13 1657
B 31 14 2261
B 31 15 1885
B 31 16 2475
B 31 17 1895
B 31 18 1955
B 31 19 2175
B 31 20 2078
B 31 21 2431
B 31 22 1436
B 31 23 1687
B 31 24 1788
B 31 25 2403
B 31 26 1934
B 31 27 1881
B 31 28 2337
B 31 29 2960
B 31 30 2401
B 31 31 1866
B 31 32 2160
B 31 33 1862
B 31 34 2270
B 31 35 1801
B 31 36 2053
B 31 37 2348
B 31 38 1993
B 31 39 2191
B 31 40 2134
B 82 1 9141
B 82 2 10222
B 82 3 8674
B 82 4 10290
B 82 5 9118
B 82 6 8790
B 82 7 9312
B 82 8 10401
B 82 9 9532
B 82 10 10812
B 82 11 10438
B 82 12 8462
B 82 13 9189
B 82 14 8624
B 82 15 10287
B 82 16 10367
B 82 17 9505
B 82 18 10077
B 82 19 9995
B 82 20 10829
B 82 21 9845
B 82 22 9459
B 82 23 10236
B 82 24 10204
B 82 25 9079
B 82 26 8570
B 82 27 9172
B 82 28 8996
B 82 29 9516
B 82 30 10161
B 82 31 8913
B 82 32 8404
B 82 33 9806
B 82 34 8563
B 82 35 10321
B 82 36 9878
B 82 37 9638
B 82 38 8333
B 82 39 11156
B 82 40 11918
C 43 1 4471
C 43 2 5169
C 43 3 5145
C 43 4 4712
C 43 5 4595
C 43 6 5823
C 43 7 4841
C 43 8 4308
C 43 9 4129
C 43 10 10857
C 43 11 4029
C 43 12 4143
C 43 13 4075
C 43 14 4488
C 43 15 4431
C 43 16 4936
C 43 17 4597
C 43 18 5529
C 43 19 5212
C 43 20 11082
C 43 21 5274
C 43 22 4758
C 43 23 5938
C 43 24 5532
C 43 25 4586
C 43 26 4792
C 43 27 4138
C 43 28 4933
C 43 29 4356
C 43 30 10280
C 43 31 4759
C 43 32 4758
C 43 33 5048
C 43 34 4687
C 43 35 5254
C 43 36 4871
C 43 37 4551
C 43 38 4568
C 43 39 4100
C 43 40 11135
C 45 1 2267
C 45 2 2657
C 45 3 2693
C 45 4 3021
C 45 5 3273
C 45 6 2393
C 45 7 2002
C 45 8 2850
C 45 9 2647
C 45 10 5944
C 45 11 2210
C 45 12 3093
C 45 13 2932
C 45 14 1980
C 45 15 2466
C 45 16 3370
C 45 17 2237
C 45 18 3026
C 45 19 2798
C 45 20 4610
C 45 21 1497
C 45 22 1998
C 45 23 2593
C 45 24 2675
C 45 25 2240
C 45 26 3154
C 45 27 2637
C 45 28 3058
C 45 29 2205
C 45 30 4782
C 45 31 2236
C 45 32 2389
C 45 33 2035
C 45 34 2946
C 45 35 2932
C 45 36 2149
C 45 37 2744
C 45 38 2620
C 45 39 2739
C 45 40 5247
A 82 1 11690
A 82 2 11772
A 82 3 10309
A 82 4 10630
A 82 5 11276
A 82 6 8924
A 82 7 10333
A 82 8 10097
A 82 9 11795
A 82 10 17685
A 82 11 10815
A 82 12 10551
A 82 13 11916
A 82 14 11255
A 82 15 9216
A 82 16 12041
A 82 17 11239
A 82 18 11955
A 82 19 11122
A 82 20 17951
A 82 21 9689
A 82 22 10467
A 82 23 9769
A 82 24 8314
A 82 25 10767
A 82 26 10202
A 82 27 10926
A 82 28 9675
A 82 29 10752
A 82 30 17468
A 82 31 11117
A 82 32 10680
A 82 33 10606
A 82 34 11155
A 82 35 10766
A 82 36 10048
A 82 37 10600
A 82 38 9962
A 82 39 12601
A 82 40 18317
A 35 1 1641
A 35 2 1582
A 35 3 1663
A 35 4 441
A 35 5 1820
A 35 6 1603
A 35 7 1742
A 35 8 1010
A 35 9 1765
A 35 10 1947
A 35 11 1499
A 35 12 1355
A 35 13 1414
A 35 14 824
A 35 15 1049
A 35 16 1405
A 35 17 806
A 35 18 2269
A 35 19 2004
A 35 20 1320
A 35 21 644
A 35 22 1064
A 35 23 1355
A 35 24 1199
A 35 25 2082
A 35 26 955
A 35 27 1963
A 35 28 1354
A 35 29 1387
A 35 30 2036
A 35 31 1675
A 35 32 1883
A 35 33 684
A 35 34 1497
A 35 35 526
A 35 36 865
A 35 37 2309
A 35 38 1921
A 35 39 1551
A 35 40 1986
C 51 1 5086
C 51 2 6926
C 51 3 6280
C 51 4 5900
C 51 5 5209
C 51 6 4756
C 51 7 7046
C 51 8 5955
C 51 9 6500
C 51 10 6188
C 51 11 6269
C 51 12 6231
C 51 13 6468
C 51 14 6398
C 51 15 5996
C 51 16 6818
C 51 17 6255
C 51 18 6702
C 51 19 5466
C 51 20 5999
C 51 21 5733
C 51 22 5655
C 51 23 6515
C 51 24 5598
C 51 25 5769
C 51 26 6384
C 51 27 5159
C 51 28 6591
C 51 29 5490
C 51 30 6475
C 51 31 6895
C 51 32 5941
C 51 33 6482
C 51 34 4493
C 51 35 7026
C 51 36 6300
C 51 37 6588
C 51 38 5563
C 51 39 6421
C 51 40 6983
A 84 1 31550
A 84 2 32520
A 84 3 31730
A 84 4 31730
A 84 5 30640
A 84 6 34490
A 84 7 32520
A 84 8 32360
A 84 9 31850
A 84 10 51060
A 84 11 32850
A 84 12 32180
A 84 13 31560
A 84 14 32710
A 84 15 32360
A 84 16 33580
A 84 17 33060
A 84 18 31320
A 84 19 29830
A 84 20 51880
A 84 21 34140
A 84 22 31960
A 84 23 32080
A 84 24 32300
A 84 25 32750
A 84 26 32170
A 84 27 33180
A 84 28 33070
A 84 29 32270
A 84 30 51880
A 84 31 32190
A 84 32 32760
A 84 33 34030
A 84 34 31360
A 84 35 33510
A 84 36 32810
A 84 37 32590
A 84 38 30720
A 84 39 32940
A 84 40 49890
A 80 1 1942
A 80 2 958
A 80 3 1749
A 80 4 463
A 80 5 1655
A 80 6 1457
A 80 7 2179
A 80 8 1331
A 80 9 1671
A 80 10 3130
A 80 11 1121
A 80 12 1288
A 80 13 1634
A 80 14 1024
A 80 15 1511
A 80 16 1200
A 80 17 1808
A 80 18 1503
A 80 19 1843
A 80 20 3687
A 80 21 1236
A 80 22 2365
A 80 23 526
A 80 24 1153
A 80 25 1598
A 80 26 786
A 80 27 2416
A 80 28 836
A 80 29 1420
A 80 30 4617
A 80 31 1476
A 80 32 1668
A 80 33 1658
A 80 34 1820
A 80 35 1284
A 80 36 740
A 80 37 651
A 80 38 2260
A 80 39 1483
A 80 40 3226
A 56 1 10217
A 56 2 7684
A 56 3 9252
A 56 4 7820
A 56 5 10524
A 56 6 8297
A 56 7 9079
A 56 8 9705
A 56 9 9589
A 56 10 15851
A 56 11 10149
A 56 12 9189
A 56 13 9433
A 56 14 10116
A 56 15 9721
A 56 16 9358
A 56 17 10124
A 56 18 7273
A 56 19 9981
A 56 20 14648
A 56 21 8613
A 56 22 10095
A 56 23 7845
A 56 24 9470
A 56 25 9775
A 56 26 9715
A 56 27 8868
A 56 28 10329
A 56 29 8838
A 56 30 15567
A 56 31 10110
A 56 32 9960
A 56 33 9213
A 56 34 9624
A 56 35 7782
A 56 36 8724
A 56 37 7802
A 56 38 9670
A 56 39 7906
A 56 40 15979
B 78 1 9412
B 78 2 8334
B 78 3 9692
B 78 4 9233
B 78 5 9768
B 78 6 9356
B 78 7 10196
B 78 8 8335
B 78 9 8826
B 78 10 9706
B 78 11 9782
B 78 12 9539
B 78 13 9148
B 78 14 8215
B 78 15 10125
B 78 16 11166
B 78 17 10040
B 78 18 9302
B 78 19 9831
B 78 20 9268
B 78 21 9629
B 78 22 8402
B 78 23 10162
B 78 24 10210
B 78 25 9443
B 78 26 9770
B 78 27 8967
B 78 28 9359
B 78 29 10362
B 78 30 9672
B 78 31 10268
B 78 32 9101
B 78 33 9654
B 78 34 9033
B 78 35 9325
B 78 36 9899
B 78 37 9549
B 78 38 8272
B 78 39 9157
B 78 40 10213
C 34 1 10712
C 34 2 13153
C 34 3 11416
C 34 4 11556
C 34 5 11213
C 34 6 12606
C 34 7 12493
C 34 8 12506
C 34 9 10842
C 34 10 21075
C 34 11 12174
C 34 12 11345
C 34 13 11453
C 34 14 11435
C 34 15 11626
C 34 16 11760
C 34 17 10353
C 34 18 12841
C 34 19 10385
C 34 20 20571
C 34 21 12218
C 34 22 11130
C 34 23 11862
C 34 24 12609
C 34 25 11000
C 34 26 11670
C 34 27 10942
C 34 28 10712
C 34 29 11287
C 34 30 20249
C 34 31 12069
C 34 32 11420
C 34 33 11707
C 34 34 11664
C 34 35 12445
C 34 36 11731
C 34 37 12659
C 34 38 9953
C 34 39 12823
C 34 40 21856
C 57 1 3511
C 57 2 3693
C 57 3 3548
C 57 4 4551
C 57 5 3737
C 57 6 3773
C 57 7 3540
C 57 8 3539
C 57 9 3452
C 57 10 8279
C 57 11 4200
C 57 12 4307
C 57 13 3301
C 57 14 3222
C 57 15 3737
C 57 16 3335
C 57 17 4049
C 57 18 3459
C 57 19 3822
C 57 20 8034
C 57 21 4431
C 57 22 3467
C 57 23 3139
C 57 24 3920
C 57 25 4161
C 57 26 4082
C 57 27 3384
C 57 28 4051
C 57 29 3403
C 57 30 8652
C 57 31 3006
C 57 32 3601
C 57 33 3338
C 57 34 3945
C 57 35 2807
C 57 36 2894
C 57 37 4406
C 57 38 3774
C 57 39 3268
C 57 40 7663
A 55 1 2294
A 55 2 967
A 55 3 2677
A 55 4 705
A 55 5 2880
A 55 6 1417
A 55 7 1394
A 55 8 1839
A 55 9 2748
A 55 10 5295
A 55 11 1837
A 55 12 2549
A 55 13 2226
A 55 14 2542
A 55 15 2477
A 55 16 1377
A 55 17 846
A 55 18 807
A 55 19 2911
A 55 20 6269
A 55 21 1683
A 55 22 2794
A 55 23 940
A 55 24 1896
A 55 25 3186
A 55 26 492
A 55 27 2543
A 55 28 2195
A 55 29 2652
A 55 30 5724
A 55 31 2229
A 55 32 1857
A 55 33 1784
A 55 34 3000
A 55 35 1178
A 55 36 1657
A 55 37 1468
A 55 38 2713
A 55 39 1266
A 55 40 5989
A 14 1 2845
A 14 2 861
A 14 3 3831
A 14 4 1807
A 14 5 3860
A 14 6 2104
A 14 7 1983
A 14 8 2174
A 14 9 3657
A 14 10 8460
A 14 11 2085
A 14 12 2053
A 14 13 2287
A 14 14 1652
A 14 15 3136
A 14 16 1140
A 14 17 1839
A 14 18 802
A 14 19 3495
A 14 20 7515
A 14 21 1402
A 14 22 3130
A 14 23 1318
A 14 24 1856
A 14 25 2770
A 14 26 1360
A 14 27 2898
A 14 28 2212
A 14 29 2443
A 14 30 7729
A 14 31 2496
A 14 32 1644
A 14 33 2616
A 14 34 2578
A 14 35 2492
A 14 36 1511
A 14 37 2036
A 14 38 3373
A 14 39 1971
A 14 40 8574
A 41 1 9118
A 41 2 8426
A 41 3 8421
A 41 4 8039
A 41 5 7474
A 41 6 8255
A 41 7 9837
A 41 8 8040
A 41 9 8244
A 41 10 13495
A 41 11 8642
A 41 12 8340
A 41 13 8680
A 41 14 7951
A 41 15 8230
A 41 16 8648
A 41 17 8822
A 41 18 8520
A 41 19 7798
A 41 20 14197
A 41 21 7474
A 41 22 9158
A 41 23 8186
A 41 24 8827
A 41 25 8152
A 41 26 9405
A 41 27 7893
A 41 28 8074
A 41 29 7370
A 41 30 13772
A 41 31 8949
A 41 32 9102
A 41 33 10224
A 41 34 7445
A 41 35 8416
A 41 36 8333
A 41 37 9400
A 41 38 8286
A 41 39 7979
A 41 40 13379
B 95 1 4101
B 95 2 3752
B 95 3 4089
B 95 4 4278
B 95 5 3762
B 95 6 4002
B 95 7 3941
B 95 8 4902
B 95 9 4304
B 95 10 4151
B 95 11 3492
B 95 12 4324
B 95 13 4371
B 95 14 4478
B 95 15 4061
B 95 16 4347
B 95 17 4333
B 95 18 3829
B 95 19 3872
B 95 20 4292
B 95 21 4409
B 95 22 3976
B 95 23 3437
B 95 24 3842
B 95 25 4471
B 95 26 4249
B 95 27 4847
B 95 28 3387
B 95 29 4047
B 95 30 4685
B 95 31 4077
B 95 32 4268
B 95 33 3773
B 95 34 4264
B 95 35 3669
B 95 36 3592
B 95 37 3545
B 95 38 4337
B 95 39 3588
B 95 40 4218
C 40 1 4045
C 40 2 3867
C 40 3 3903
C 40 4 3311
C 40 5 4286
C 40 6 4445
C 40 7 3948
C 40 8 4391
C 40 9 4676
C 40 10 7859
C 40 11 4274
C 40 12 3833
C 40 13 3251
C 40 14 4309
C 40 15 3673
C 40 16 3966
C 40 17 4420
C 40 18 3600
C 40 19 3713
C 40 20 7592
C 40 21 3749
C 40 22 3846
C 40 23 4317
C 40 24 4250
C 40 25 4483
C 40 26 3703
C 40 27 3702
C 40 28 4350
C 40 29 3435
C 40 30 7808
C 40 31 3582
C 40 32 3913
C 40 33 4484
C 40 34 4159
C 40 35 3895
C 40 36 4412
C 40 37 3581
C 40 38 3929
C 40 39 3978
C 40 40 7458
A 86 1 6791
A 86 2 6138
A 86 3 7030
A 86 4 6335
A 86 5 7308
A 86 6 6013
A 86 7 6937
A 86 8 6462
A 86 9 7674
A 86 10 13483
A 86 11 6671
A 86 12 6845
A 86 13 6616
A 86 14 8207
A 86 15 7451
A 86 16 5835
A 86 17 7358
A 86 18 5872
A 86 19 7822
A 86 20 12787
A 86 21 5707
A 86 22 8290
A 86 23 5918
A 86 24 5447
A 86 25 7468
A 86 26 6708
A 86 27 7320
A 86 28 6683
A 86 29 7960
A 86 30 13108
A 86 31 8026
A 86 32 6930
A 86 33 6478
A 86 34 7070
A 86 35 6722
A 86 36 6641
A 86 37 5478
A 86 38 7340
A 86 39 5812
A 86 40 13040
B 55 1 1083
B 55 2 1098
B 55 3 1735
B 55 4 1387
B 55 5 1264
B 55 6 2008
B 55 7 1667
B 55 8 1117
B 55 9 1316
B 55 10 2783
B 55 11 1617
B 55 12 1037
B 55 13 1066
B 55 14 1643
B 55 15 1286
B 55 16 1705
B 55 17 1309
B 55 18 1117
B 55 19 1391
B 55 20 2239
B 55 21 1638
B 55 22 1490
B 55 23 1405
B 55 24 1507
B 55 25 1144
B 55 26 674
B 55 27 1118
B 55 28 1071
B 55 29 1655
B 55 30 2450
B 55 31 992
B 55 32 905
B 55 33 1319
B 55 34 1325
B 55 35 1829
B 55 36 1827
B 55 37 2554
B 55 38 1432
B 55 39 1655
B 55 40 1801
A 54 1 7710
A 54 2 4805
A 54 3 8833
A 54 4 6145
A 54 5 8442
A 54 6 5607
A 54 7 5076
A 54 8 5942
A 54 9 7493
A 54 10 12942
A 54 11 5646
A 54 12 6748
A 54 13 6954
A 54 14 7161
A 54 15 7394
A 54 16 5128
A 54 17 5788
A 54 18 5406
A 54 19 8544
A 54 20 12799
A 54 21 6416
A 54 22 7850
A 54 23 4456
A 54 24 5802
A 54 25 7866
A 54 26 6681
A 54 27 7363
A 54 28 6672
A 54 29 6367
A 54 30 13788
A 54 31 7416
A 54 32 6837
A 54 33 5481
A 54 34 7949
A 54 35 6356
A 54 36 5906
A 54 37 6039
A 54 38 8067
A 54 39 6113
A 54 40 13766
C 32 1 11298
C 32 2 11825
C 32 3 10296
C 32 4 10926
C 32 5 10447
C 32 6 11439
C 32 7 11457
C 32 8 11134
C 32 9 11227
C 32 10 19165
C 32 11 11585
C 32 12 11104
C 32 13 10305
C 32 14 9987
C 32 15 10149
C 32 16 11263
C 32 17 10813
C 32 18 10965
C 32 19 10163
C 32 20 18530
C 32 21 12262
C 32 22 11113
C 32 23 11441
C 32 24 11338
C 32 25 9828
C 32 26 11585
C 32 27 9976
C 32 28 10310
C 32 29 10437
C 32 30 19402
C 32 31 11532
C 32 32 11072
C 32 33 11541
C 32 34 10897
C 32 35 11748
C 32 36 12066
C 32 37 12005
C 32 38 10467
C 32 39 11474
C 32 40 19934
C 78 1 4167
C 78 2 3932
C 78 3 4158
C 78 4 4298
C 78 5 4142
C 78 6 4269
C 78 7 4597
C 78 8 4476
C 78 9 4213
C 78 10 10536
C 78 11 4056
C 78 12 4831
C 78 13 4548
C 78 14 4492
C 78 15 3377
C 78 16 4772
C 78 17 4449
C 78 18 3883
C 78 19 4154
C 78 20 9486
C 78 21 4876
C 78 22 3691
C 78 23 3469
C 78 24 4842
C 78 25 3567
C 78 26 4499
C 78 27 3651
C 78 28 4411
C 78 29 4186
C 78 30 9199
C 78 31 4659
C 78 32 4256
C 78 33 4847
C 78 34 3889
C 78 35 4666
C 78 36 4276
C 78 37 4360
C 78 38 4611
C 78 39 4217
C 78 40 9463
A 37 1 5736
A 37 2 4369
A 37 3 6112
A 37 4 4381
A 37 5 6679
A 37 6 4715
A 37 7 4575
A 37 8 5293
A 37 9 5373
A 37 10 9435
A 37 11 5535
A 37 12 6046
A 37 13 5158
A 37 14 5073
A 37 15 6690
A 37 16 3856
A 37 17 4497
A 37 18 5023
A 37 19 6756
A 37 20 10750
A 37 21 4544
A 37 22 6024
A 37 23 3955
A 37 24 3792
A 37 25 5849
A 37 26 5249
A 37 27 5771
A 37 28 5643
A 37 29 6102
A 37 30 10618
A 37 31 5425
A 37 32 5781
A 37 33 4476
A 37 34 6338
A 37 35 4329
A 37 36 4670
A 37 37 3928
A 37 38 6285
A 37 39 4482
A 37 40 10362
A 73 1 3823
A 73 2 2740
A 73 3 3860
A 73 4 3913
A 73 5 4447
A 73 6 2335
A 73 7 4397
A 73 8 3560
A 73 9 3540
A 73 10 7870
A 73 11 2942
A 73 12 4036
A 73 13 3481
A 73 14 4275
A 73 15 4566
A 73 16 2753
A 73 17 3382
A 73 18 2799
A 73 19 4220
A 73 20 7507
A 73 21 3442
A 73 22 4521
A 73 23 3165
A 73 24 3150
A 73 25 4823
A 73 26 3297
A 73 27 3777
A 73 28 4293
A 73 29 4276
A 73 30 7374
A 73 31 4267
A 73 32 3568
A 73 33 3450
A 73 34 3438
A 73 35 3169
A 73 36 3733
A 73 37 2883
A 73 38 5100
A 73 39 2942
A 73 40 8073
B 81 1 12504
B 81 2 14442
B 81 3 13134
B 81 4 15004
B 81 5 13747
B 81 6 14062
B 81 7 14353
B 81 8 13107
B 81 9 12999
B 81 10 16029
B 81 11 13174
B 81 12 12825
B 81 13 13894
B 81 14 13543
B 81 15 11952
B 81 16 14811
B 81 17 13400
B 81 18 14921
B 81 19 11665
B 81 20 14925
B 81 21 13602
B 81 22 13264
B 81 23 13704
B 81 24 13793
B 81 25 12205
B 81 26 13661
B 81 27 12700
B 81 28 14594
B 81 29 12653
B 81 30 15216
B 81 31 12939
B 81 32 13767
B 81 33 14346
B 81 34 13628
B 81 35 14873
B 81 36 12378
B 81 37 12579
B 81 38 12821
B 81 39 14721
B 81 40 15543
A 77 1 5625
A 77 2 3127
A 77 3 5215
A 77 4 3783
A 77 5 5635
A 77 6 4180
A 77 7 3386
A 77 8 3927
A 77 9 5258
A 77 10 10146
A 77 11 4960
A 77 12 5441
A 77 13 4029
A 77 14 4612
A 77 15 6389
A 77 16 3543
A 77 17 4646
A 77 18 3060
A 77 19 5409
A 77 20 11075
A 77 21 3259
A 77 22 5762
A 77 23 3664
A 77 24 3496
A 77 25 5893
A 77 26 3692
A 77 27 6123
A 77 28 4784
A 77 29 4919
A 77 30 9801
A 77 31 4850
A 77 32 6138
A 77 33 3071
A 77 34 6190
A 77 35 5066
A 77 36 4415
A 77 37 3240
A 77 38 5794
A 77 39 3256
A 77 40 10325
A 38 1 5762
A 38 2 3755
A 38 3 6015
A 38 4 4163
A 38 5 5943
A 38 6 4154
A 38 7 3028
A 38 8 3861
A 38 9 5575
A 38 10 11281
A 38 11 4586
A 38 12 5709
A 38 13 3973
A 38 14 5750
A 38 15 6486
A 38 16 3866
A 38 17 4135
A 38 18 4023
A 38 19 6760
A 38 20 11474
A 38 21 4285
A 38 22 6293
A 38 23 3721
A 38 24 3883
A 38 25 5650
A 38 26 3884
A 38 27 5696
A 38 28 4007
A 38 29 5174
A 38 30 10824
A 38 31 4591
A 38 32 5675
A 38 33 3900
A 38 34 5845
A 38 35 4221
A 38 36 4458
A 38 37 4641
A 38 38 6535
A 38 39 4032
A 38 40 11331
D 80 1 3468
D 80 2 2237
D 80 3 3070
D 80 4 2432
D 80 5 2559
D 80 6 1893
D 80 7 3110
D 80 8 2850
D 80 9 2945
D 80 10 4932
D 80 11 2655
D 80 12 2584
D 80 13 2812
D 80 14 3210
D 80 15 2933
D 80 16 2409
D 80 17 2801
D 80 18 2940
D 80 19 2881
D 80 20 5533
D 80 21 2463
D 80 22 2454
D 80 23 2612
D 80 24 3070
D 80 25 1779
D 80 26 2381
D 80 27 2437
D 80 28 2279
D 80 29 2521
D 80 30 5925
D 80 31 2526
D 80 32 3133
D 80 33 2528
D 80 34 2693
D 80 35 2015
D 80 36 3217
D 80 37 1471
D 80 38 3019
D 80 39 2332
D 80 40 6013
B 45 1 1135
B 45 2 786
B 45 3 1323
B 45 4 1540
B 45 5 1821
B 45 6 856
B 45 7 1106
B 45 8 1330
B 45 9 940
B 45 10 637
B 45 11 792
B 45 12 609
B 45 13 1206
B 45 14 853
B 45 15 1236
B 45 16 741
B 45 17 1090
B 45 18 2172
B 45 19 1447
B 45 20 1916
B 45 21 1039
B 45 22 1344
B 45 23 1262
B 45 24 624
B 45 25 866
B 45 26 1688
B 45 27 927
B 45 28 936
B 45 29 1555
B 45 30 1149
B 45 31 1368
B 45 32 1271
B 45 33 736
B 45 34 352
B 45 35 1278
B 45 36 1366
B 45 37 835
B 45 38 1030
B 45 39 1262
B 45 40 1884
C 20 1 2128
C 20 2 2237
C 20 3 1406
C 20 4 1831
C 20 5 1690
C 20 6 1672
C 20 7 2566
C 20 8 1907
C 20 9 2209
C 20 10 3872
C 20 11 2235
C 20 12 1513
C 20 13 2243
C 20 14 2512
C 20 15 2440
C 20 16 1045
C 20 17 2615
C 20 18 913
C 20 19 2343
C 20 20 3279
C 20 21 1699
C 20 22 2037
C 20 23 1453
C 20 24 1476
C 20 25 2005
C 20 26 1567
C 20 27 1697
C 20 28 954
C 20 29 1598
C 20 30 2887
C 20 31 2222
C 20 32 1787
C 20 33 1867
C 20 34 2068
C 20 35 1125
C 20 36 998
C 20 37 1134
C 20 38 2023
C 20 39 2065
C 20 40 3494
A 53 1 9833
A 53 2 6162
A 53 3 10240
A 53 4 5658
A 53 5 9778
A 53 6 7729
A 53 7 7130
A 53 8 7491
A 53 9 9867
A 53 10 17301
A 53 11 7815
A 53 12 9103
A 53 13 8123
A 53 14 8295
A 53 15 9577
A 53 16 5252
A 53 17 7655
A 53 18 5449
A 53 19 10963
A 53 20 17155
A 53 21 6120
A 53 22 10486
A 53 23 5531
A 53 24 7149
A 53 25 9888
A 53 26 6750
A 53 27 10032
A 53 28 8335
A 53 29 8740
A 53 30 17343
A 53 31 7699
A 53 32 8563
A 53 33 6830
A 53 34 9882
A 53 35 6011
A 53 36 7220
A 53 37 5673
A 53 38 9806
A 53 39 5899
A 53 40 17265
A 20 1 9318
A 20 2 7945
A 20 3 8824
A 20 4 7815
A 20 5 8465
A 20 6 7925
A 20 7 8067
A 20 8 7600
A 20 9 8679
A 20 10 13536
A 20 11 9178
A 20 12 8874
A 20 13 8890
A 20 14 9234
A 20 15 9241
A 20 16 7827
A 20 17 9888
A 20 18 7261
A 20 19 8342
A 20 20 12229
A 20 21 8350
A 20 22 9481
A 20 23 7732
A 20 24 8320
A 20 25 7923
A 20 26 7842
A 20 27 8536
A 20 28 8679
A 20 29 9064
A 20 30 12792
A 20 31 8529
A 20 32 9588
A 20 33 7998
A 20 34 7518
A 20 35 8266
A 20 36 8314
A 20 37 8150
A 20 38 8287
A 20 39 7565
A 20 40 12294
A 46 1 10841
A 46 2 11548
A 46 3 10852
A 46 4 12191
A 46 5 10931
A 46 6 11599
A 46 7 10728
A 46 8 11296
A 46 9 10625
A 46 10 19245
A 46 11 9931
A 46 12 10859
A 46 13 11329
A 46 14 11642
A 46 15 11813
A 46 16 11128
A 46 17 10466
A 46 18 11284
A 46 19 10234
A 46 20 17699
A 46 21 11992
A 46 22 11972
A 46 23 11057
A 46 24 11228
A 46 25 11775
A 46 26 10283
A 46 27 10978
A 46 28 11378
A 46 29 11020
A 46 30 18682
A 46 31 11865
A 46 32 9970
A 46 33 11151
A 46 34 11203
A 46 35 10282
A 46 36 12017
A 46 37 11226
A 46 38 11133
A 46 39 11311
A 46 40 17434
C 36 1 2545
C 36 2 1575
C 36 3 2395
C 36 4 2508
C 36 5 2056
C 36 6 2193
C 36 7 1525
C 36 8 1870
C 36 9 1475
C 36 10 3589
C 36 11 1791
C 36 12 2063
C 36 13 1968
C 36 14 1571
C 36 15 1905
C 36 16 806
C 36 17 2197
C 36 18 1771
C 36 19 1613
C 36 20 4409
C 36 21 2069
C 36 22 2035
C 36 23 2083
C 36 24 2640
C 36 25 2605
C 36 26 1790
C 36 27 1894
C 36 28 2384
C 36 29 1535
C 36 30 4033
C 36 31 1249
C 36 32 2661
C 36 33 2108
C 36 34 2111
C 36 35 1734
C 36 36 1944
C 36 37 1970
C 36 38 1953
C 36 39 2287
C 36 40 4102
A 66 1 2731
A 66 2 2003
A 66 3 3356
A 66 4 2310
A 66 5 2989
A 66 6 2051
A 66 7 3110
A 66 8 2781
A 66 9 2568
A 66 10 4496
A 66 11 3008
A 66 12 3084
A 66 13 2215
A 66 14 2984
A 66 15 3468
A 66 16 2259
A 66 17 1834
A 66 18 1948
A 66 19 2970
A 66 20 5461
A 66 21 2000
A 66 22 2624
A 66 23 2491
A 66 24 2891
A 66 25 3080
A 66 26 2739
A 66 27 2853
A 66 28 2929
A 66 29 3030
A 66 30 4659
A 66 31 2808
A 66 32 3021
A 66 33 3709
A 66 34 3130
A 66 35 2877
A 66 36 3210
A 66 37 2138
A 66 38 2172
A 66 39 3004
A 66 40 5183
2347 2348 1 1763
2347 2348 2 2219
2347 2348 3 1930
2347 2348 4 2061
2347 2348 5 1705
2347 2348 6 2506
2347 2348 7 1852
2347 2348 8 1664
2347 2348 9 1969
2347 2348 10 3659
2347 2348 11 1776
2347 2348 12 2135
2347 2348 13 2287
2347 2348 14 965
2347 2348 15 2093
2347 2348 16 1846
2347 2348 17 1304
2347 2348 18 2060
2347 2348 19 1795
2347 2348 20 4563
2347 2348 21 1103
2347 2348 22 2351
2347 2348 23 2191
2347 2348 24 1952
2347 2348 25 1812
2347 2348 26 2023
2347 2348 27 2523
2347 2348 28 1715
2347 2348 29 1934
2347 2348 30 3900
2347 2348 31 1997
2347 2348 32 1910
2347 2348 33 1531
2347 2348 34 1502
2347 2348 35 1546
2347 2348 36 1715
2347 2348 37 2230
2347 2348 38 2085
2347 2348 39 1645
2347 2348 40 3830
A 69 1 3919
A 69 2 2826
A 69 3 3961
A 69 4 1868
A 69 5 3859
A 69 6 2958
A 69 7 2742
A 69 8 2899
A 69 9 3520
A 69 10 12069
A 69 11 3182
A 69 12 3199
A 69 13 3399
A 69 14 3029
A 69 15 3896
A 69 16 2468
A 69 17 2268
A 69 18 3219
A 69 19 3945
A 69 20 12719
A 69 21 2102
A 69 22 4569
A 69 23 2643
A 69 24 3045
A 69 25 3706
A 69 26 2704
A 69 27 3821
A 69 28 2464
A 69 29 3850
A 69 30 11793
A 69 31 2989
A 69 32 2772
A 69 33 2373
A 69 34 4020
A 69 35 3492
A 69 36 3628
A 69 37 2457
A 69 38 3544
A 69 39 2372
A 69 40 11458
C 77 1 12293
C 77 2 11620
C 77 3 12268
C 77 4 11197
C 77 5 11919
C 77 6 12010
C 77 7 9905
C 77 8 10979
C 77 9 11358
C 77 10 13747
C 77 11 12753
C 77 12 11002
C 77 13 12109
C 77 14 12534
C 77 15 12153
C 77 16 11712
C 77 17 11644
C 77 18 10876
C 77 19 11027
C 77 20 13576
C 77 21 11259
C 77 22 10395
C 77 23 11055
C 77 24 11457
C 77 25 12232
C 77 26 10421
C 77 27 11855
C 77 28 10573
C 77 29 12327
C 77 30 14029
C 77 31 12069
C 77 32 11858
C 77 33 11253
C 77 34 10896
C 77 35 10979
C 77 36 11168
C 77 37 12544
C 77 38 11305
C 77 39 11223
C 77 40 13351
2070 2071 1 1080
2070 2071 2 960
2070 2071 3 1597
2070 2071 4 1022
2070 2071 5 962
2070 2071 6 1289
2070 2071 7 1827
2070 2071 8 753
2070 2071 9 914
2070 2071 10 2189
2070 2071 11 1526
2070 2071 12 2128
2070 2071 13 2127
2070 2071 14 1872
2070 2071 15 1905
2070 2071 16 1128
2070 2071 17 1394
2070 2071 18 1218
2070 2071 19 1487
2070 2071 20 2136
2070 2071 21 1345
2070 2071 22 1794
2070 2071 23 1679
2070 2071 24 1299
2070 2071 25 1443
2070 2071 26 1229
2070 2071 27 1763
2070 2071 28 655
2070 2071 29 1801
2070 2071 30 3372
2070 2071 31 1737
2070 2071 32 1517
2070 2071 33 1309
2070 2071 34 1470
2070 2071 35 823
2070 2071 36 1313
2070 2071 37 871
2070 2071 38 1642
2070 2071 39 626
2070 2071 40 2372
A 31 1 17064
A 31 2 16096
A 31 3 15675
A 31 4 15720
A 31 5 15508
A 31 6 17319
A 31 7 16955
A 31 8 14889
A 31 9 16557
A 31 10 26602
A 31 11 13340
A 31 12 16130
A 31 13 14192
A 31 14 16539
A 31 15 15489
A 31 16 16972
A 31 17 14846
A 31 18 16914
A 31 19 15308
A 31 20 25735
A 31 21 16055
A 31 22 16174
A 31 23 16532
A 31 24 16036
A 31 25 15860
A 31 26 13787
A 31 27 16657
A 31 28 15152
A 31 29 15645
A 31 30 24902
A 31 31 15245
A 31 32 16301
A 31 33 15753
A 31 34 15537
A 31 35 16282
A 31 36 14050
A 31 37 16125
A 31 38 16066
A 31 39 15964
A 31 40 26632
B 98 1 12422
B 98 2 14012
B 98 3 12882
B 98 4 13254
B 98 5 13006
B 98 6 13687
B 98 7 13089
B 98 8 13270
B 98 9 12611
B 98 10 12533
B 98 11 13968
B 98 12 13642
B 98 13 13758
B 98 14 13552
B 98 15 12569
B 98 16 11858
B 98 17 13486
B 98 18 14033
B 98 19 12184
B 98 20 13957
B 98 21 13196
B 98 22 11831
B 98 23 12150
B 98 24 13866
B 98 25 13472
B 98 26 13347
B 98 27 11606
B 98 28 12677
B 98 29 13591
B 98 30 13183
B 98 31 12518
B 98 32 14361
B 98 33 14151
B 98 34 13717
B 98 35 13094
B 98 36 14123
B 98 37 12952
B 98 38 13300
B 98 39 11288
B 98 40 13284
A 81 1 36330
A 81 2 36190
A 81 3 34710
A 81 4 35160
A 81 5 35330
A 81 6 35930
A 81 7 35770
A 81 8 37400
A 81 9 35740
A 81 10 50660
A 81 11 37930
A 81 12 37220
A 81 13 35980
A 81 14 35940
A 81 15 35210
A 81 16 36070
A 81 17 37090
A 81 18 36060
A 81 19 35600
A 81 20 51300
A 81 21 36770
A 81 22 36620
A 81 23 35750
A 81 24 37630
A 81 25 35800
A 81 26 36650
A 81 27 35930
A 81 28 36370
A 81 29 35110
A 81 30 52540
A 81 31 37080
A 81 32 35960
A 81 33 37240
A 81 34 34900
A 81 35 35720
A 81 36 36590
A 81 37 35400
A 81 38 34650
A 81 39 34440
A 81 40 52420
B 33 1 1636
B 33 2 2376
B 33 3 1635
B 33 4 2174
B 33 5 831
B 33 6 1362
B 33 7 1620
B 33 8 1273
B 33 9 1297
B 33 10 4166
B 33 11 1961
B 33 12 1927
B 33 13 2130
B 33 14 1791
B 33 15 1550
B 33 16 1500
B 33 17 2625
B 33 18 1459
B 33 19 2446
B 33 20 4103
B 33 21 1894
B 33 22 2280
B 33 23 1084
B 33 24 2107
B 33 25 1847
B 33 26 2136
B 33 27 1496
B 33 28 2190
B 33 29 1211
B 33 30 5063
B 33 31 2641
B 33 32 2438
B 33 33 2022
B 33 34 1941
B 33 35 1611
B 33 36 1894
B 33 37 2239
B 33 38 2123
B 33 39 1738
B 33 40 4364
A 78 1 4044
A 78 2 2880
A 78 3 5029
A 78 4 4524
A 78 5 5436
A 78 6 3969
A 78 7 3652
A 78 8 3673
A 78 9 4457
A 78 10 9483
A 78 11 3977
A 78 12 5205
A 78 13 3687
A 78 14 4238
A 78 15 5073
A 78 16 3257
A 78 17 4543
A 78 18 2200
A 78 19 5257
A 78 20 8855
A 78 21 3268
A 78 22 5121
A 78 23 4174
A 78 24 4176
A 78 25 5211
A 78 26 4271
A 78 27 4079
A 78 28 3960
A 78 29 5080
A 78 30 8581
A 78 31 4202
A 78 32 4289
A 78 33 3564
A 78 34 4977
A 78 35 3675
A 78 36 3542
A 78 37 3057
A 78 38 5044
A 78 39 3043
A 78 40 8239
C 41 1 4764
C 41 2 4908
C 41 3 4759
C 41 4 5046
C 41 5 5059
C 41 6 5095
C 41 7 5460
C 41 8 4371
C 41 9 5032
C 41 10 11113
C 41 11 5127
C 41 12 5068
C 41 13 4842
C 41 14 5467
C 41 15 4886
C 41 16 5070
C 41 17 5210
C 41 18 4486
C 41 19 4835
C 41 20 10593
C 41 21 5566
C 41 22 4832
C 41 23 5416
C 41 24 4852
C 41 25 5211
C 41 26 4736
C 41 27 4876
C 41 28 5004
C 41 29 5825
C 41 30 11330
C 41 31 5177
C 41 32 5572
C 41 33 5099
C 41 34 5019
C 41 35 4954
C 41 36 4367
C 41 37 5161
C 41 38 4924
C 41 39 5618
C 41 40 10805
A 44 1 16035
A 44 2 14613
A 44 3 15815
A 44 4 15366
A 44 5 15426
A 44 6 16747
A 44 7 17011
A 44 8 16438
A 44 9 17959
A 44 10 21122
A 44 11 17874
A 44 12 17343
A 44 13 16613
A 44 14 17928
A 44 15 16925
A 44 16 14871
A 44 17 16620
A 44 18 15258
A 44 19 16567
A 44 20 23885
A 44 21 16555
A 44 22 16485
A 44 23 14265
A 44 24 16066
A 44 25 16980
A 44 26 17419
A 44 27 16899
A 44 28 15844
A 44 29 16799
A 44 30 22369
A 44 31 17690
A 44 32 16507
A 44 33 17476
A 44 34 17582
A 44 35 16415
A 44 36 17702
A 44 37 14021
A 44 38 15616
A 44 39 15471
A 44 40 22965
A 29 1 5289
A 29 2 3913
A 29 3 4945
A 29 4 4714
A 29 5 4700
A 29 6 3647
A 29 7 4005
A 29 8 4993
A 29 9 4921
A 29 10 8146
A 29 11 4782
A 29 12 4943
A 29 13 4996
A 29 14 6107
A 29 15 5090
A 29 16 4579
A 29 17 5542
A 29 18 5288
A 29 19 5641
A 29 20 9208
A 29 21 3921
A 29 22 5082
A 29 23 5020
A 29 24 4796
A 29 25 6103
A 29 26 6168
A 29 27 4356
A 29 28 4567
A 29 29 5011
A 29 30 7170
A 29 31 4438
A 29 32 5828
A 29 33 4672
A 29 34 5317
A 29 35 4330
A 29 36 4583
A 29 37 4104
A 29 38 5221
A 29 39 3812
A 29 40 8575
C 35 1 3116
C 35 2 3223
C 35 3 2884
C 35 4 3155
C 35 5 3754
C 35 6 2617
C 35 7 4447
C 35 8 3854
C 35 9 2685
C 35 10 5653
C 35 11 3941
C 35 12 3016
C 35 13 4056
C 35 14 4112
C 35 15 3530
C 35 16 3464
C 35 17 3452
C 35 18 3001
C 35 19 2899
C 35 20 6190
C 35 21 3719
C 35 22 3875
C 35 23 3252
C 35 24 3638
C 35 25 3155
C 35 26 4112
C 35 27 2935
C 35 28 4031
C 35 29 3038
C 35 30 6010
C 35 31 3336
C 35 32 3022
C 35 33 3883
C 35 34 3312
C 35 35 3154
C 35 36 4316
C 35 37 3141
C 35 38 2946
C 35 39 3367
C 35 40 6205
A 32 1 16977
A 32 2 14050
A 32 3 17947
A 32 4 15740
A 32 5 17914
A 32 6 16010
A 32 7 15911
A 32 8 17263
A 32 9 17529
A 32 10 23431
A 32 11 18061
A 32 12 17311
A 32 13 17659
A 32 14 18169
A 32 15 17444
A 32 16 14223
A 32 17 17517
A 32 18 14353
A 32 19 18003
A 32 20 24302
A 32 21 14965
A 32 22 17914
A 32 23 14107
A 32 24 15464
A 32 25 18934
A 32 26 15558
A 32 27 18566
A 32 28 15487
A 32 29 18347
A 32 30 24122
A 32 31 17152
A 32 32 16604
A 32 33 17170
A 32 34 19010
A 32 35 15019
A 32 36 14989
A 32 37 14679
A 32 38 17646
A 32 39 13874
A 32 40 24122
B 76 1 11060
B 76 2 11553
B 76 3 10032
B 76 4 12145
B 76 5 10111
B 76 6 11461
B 76 7 11699
B 76 8 11893
B 76 9 10683
B 76 10 13249
B 76 11 11093
B 76 12 10593
B 76 13 11824
B 76 14 10797
B 76 15 10503
B 76 16 11847
B 76 17 11237
B 76 18 12237
B 76 19 9554
B 76 20 12817
B 76 21 11902
B 76 22 9677
B 76 23 10865
B 76 24 10983
B 76 25 10472
B 76 26 11294
B 76 27 9840
B 76 28 11222
B 76 29 10051
B 76 30 12650
B 76 31 11316
B 76 32 11273
B 76 33 11922
B 76 34 10276
B 76 35 11413
B 76 36 11931
B 76 37 11890
B 76 38 9810
B 76 39 11523
B 76 40 12994
A 49 1 4666
A 49 2 3457
A 49 3 4623
A 49 4 3302
A 49 5 4448
A 49 6 5134
A 49 7 3793
A 49 8 4144
A 49 9 4023
A 49 10 7526
A 49 11 4810
A 49 12 5430
A 49 13 4160
A 49 14 3901
A 49 15 4693
A 49 16 3012
A 49 17 3424
A 49 18 3235
A 49 19 4795
A 49 20 8278
A 49 21 3672
A 49 22 4785
A 49 23 2959
A 49 24 3904
A 49 25 4152
A 49 26 4455
A 49 27 5164
A 49 28 4846
A 49 29 4230
A 49 30 8465
A 49 31 4573
A 49 32 4781
A 49 33 3712
A 49 34 4133
A 49 35 4049
A 49 36 3866
A 49 37 3892
A 49 38 4752
A 49 39 3793
A 49 40 8021
A 79 1 12831
A 79 2 11074
A 79 3 11807
A 79 4 11510
A 79 5 11889
A 79 6 12882
A 79 7 11951
A 79 8 12557
A 79 9 12009
A 79 10 18259
A 79 11 14024
A 79 12 12874
A 79 13 12311
A 79 14 12900
A 79 15 12214
A 79 16 10475
A 79 17 12579
A 79 18 11199
A 79 19 12347
A 79 20 18374
A 79 21 10802
A 79 22 11826
A 79 23 10937
A 79 24 10736
A 79 25 12881
A 79 26 11815
A 79 27 13308
A 79 28 12540
A 79 29 13206
A 79 30 17990
A 79 31 12815
A 79 32 12741
A 79 33 12511
A 79 34 10361
A 79 35 13099
A 79 36 12502
A 79 37 11237
A 79 38 11592
A 79 39 11918
A 79 40 18862
A 33 1 18689
A 33 2 19597
A 33 3 18912
A 33 4 18702
A 33 5 19231
A 33 6 18450
A 33 7 19314
A 33 8 17962
A 33 9 18482
A 33 10 30278
A 33 11 16526
A 33 12 18282
A 33 13 18897
A 33 14 17903
A 33 15 19634
A 33 16 20679
A 33 17 18019
A 33 18 19365
A 33 19 18683
A 33 20 32709
A 33 21 20624
A 33 22 18223
A 33 23 19834
A 33 24 19973
A 33 25 19108
A 33 26 18593
A 33 27 17850
A 33 28 18495
A 33 29 17628
A 33 30 31134
A 33 31 21539
A 33 32 18583
A 33 33 19978
A 33 34 18223
A 33 35 19960
A 33 36 18817
A 33 37 18788
A 33 38 19954
A 33 39 19867
A 33 40 30988
A 50 1 2208
A 50 2 795
A 50 3 2938
A 50 4 451
A 50 5 1563
A 50 6 774
A 50 7 1343
A 50 8 963
A 50 9 2148
A 50 10 5760
A 50 11 808
A 50 12 1076
A 50 13 1729
A 50 14 2077
A 50 15 2740
A 50 16 563
A 50 17 1172
A 50 18 980
A 50 19 2992
A 50 20 4952
A 50 21 920
A 50 22 2588
A 50 23 789
A 50 24 1724
A 50 25 2170
A 50 26 1347
A 50 27 2082
A 50 28 984
A 50 29 1977
A 50 30 4832
A 50 31 1334
A 50 32 1152
A 50 33 1214
A 50 34 3125
A 50 35 679
A 50 36 195
A 50 37 641
A 50 38 2589
A 50 39 899
A 50 40 5263
A 83 1 36190
A 83 2 35090
A 83 3 33890
A 83 4 36620
A 83 5 35220
A 83 6 34770
A 83 7 36420
A 83 8 35400
A 83 9 35160
A 83 10 54940
A 83 11 35990
A 83 12 34060
A 83 13 36230
A 83 14 37290
A 83 15 35320
A 83 16 35560
A 83 17 34730
A 83 18 35520
A 83 19 33790
A 83 20 56580
A 83 21 35640
A 83 22 34260
A 83 23 35650
A 83 24 35630
A 83 25 35470
A 83 26 36400
A 83 27 36870
A 83 28 37620
A 83 29 36960
A 83 30 54620
A 83 31 35480
A 83 32 36530
A 83 33 35150
A 83 34 35470
A 83 35 35780
A 83 36 37110
A 83 37 35770
A 83 38 34190
A 83 39 35690
A 83 40 54910
A 62 1 2646
A 62 2 1988
A 62 3 2957
A 62 4 1743
A 62 5 2075
A 62 6 2227
A 62 7 3148
A 62 8 1472
A 62 9 2600
A 62 10 5871
A 62 11 1788
A 62 12 2218
A 62 13 2372
A 62 14 2444
A 62 15 2638
A 62 16 1153
A 62 17 2217
A 62 18 1768
A 62 19 1555
A 62 20 4574
A 62 21 1885
A 62 22 2591
A 62 23 2259
A 62 24 2479
A 62 25 1898
A 62 26 1760
A 62 27 1331
A 62 28 2030
A 62 29 2578
A 62 30 5584
A 62 31 2468
A 62 32 2900
A 62 33 1978
A 62 34 2396
A 62 35 1712
A 62 36 1729
A 62 37 2345
A 62 38 2991
A 62 39 1829
A 62 40 6704
B 77 1 10409
B 77 2 10817
B 77 3 10109
B 77 4 10652
B 77 5 10152
B 77 6 10854
B 77 7 11304
B 77 8 11636
B 77 9 9913
B 77 10 10828
B 77 11 11623
B 77 12 10604
B 77 13 11839
B 77 14 11259
B 77 15 11154
B 77 16 10712
B 77 17 11334
B 77 18 11616
B 77 19 11376
B 77 20 12120
B 77 21 10976
B 77 22 11801
B 77 23 9633
B 77 24 11886
B 77 25 11707
B 77 26 11182
B 77 27 10676
B 77 28 10878
B 77 29 10923
B 77 30 10838
B 77 31 10746
B 77 32 11094
B 77 33 12023
B 77 34 11171
B 77 35 11491
B 77 36 11304
B 77 37 11212
B 77 38 10935
B 77 39 11518
B 77 40 11235
A 72 1 5155
A 72 2 5324
A 72 3 6003
A 72 4 5276
A 72 5 5690
A 72 6 5846
A 72 7 5152
A 72 8 5772
A 72 9 5553
A 72 10 8595
A 72 11 5947
A 72 12 5401
A 72 13 5946
A 72 14 5165
A 72 15 5636
A 72 16 5004
A 72 17 5522
A 72 18 5186
A 72 19 5290
A 72 20 8497
A 72 21 5476
A 72 22 5636
A 72 23 4720
A 72 24 5859
A 72 25 6695
A 72 26 5298
A 72 27 5831
A 72 28 5580
A 72 29 5693
A 72 30 8404
A 72 31 5661
A 72 32 6197
A 72 33 5588
A 72 34 5672
A 72 35 5569
A 72 36 4541
A 72 37 5567
A 72 38 5969
A 72 39 4162
A 72 40 8548
A 43 1 8999
A 43 2 7530
A 43 3 10196
A 43 4 6806
A 43 5 10018
A 43 6 7611
A 43 7 7429
A 43 8 8232
A 43 9 9695
A 43 10 17320
A 43 11 7622
A 43 12 8298
A 43 13 8150
A 43 14 8078
A 43 15 9414
A 43 16 7672
A 43 17 7552
A 43 18 5883
A 43 19 9818
A 43 20 17192
A 43 21 7966
A 43 22 10045
A 43 23 6053
A 43 24 7683
A 43 25 9521
A 43 26 8448
A 43 27 9217
A 43 28 6591
A 43 29 9148
A 43 30 16587
A 43 31 8434
A 43 32 7968
A 43 33 8028
A 43 34 9889
A 43 35 7436
A 43 36 7513
A 43 37 6797
A 43 38 9377
A 43 39 7268
A 43 40 16883
A 45 1 9338
A 45 2 7193
A 45 3 8605
A 45 4 8666
A 45 5 10793
A 45 6 9724
A 45 7 8268
A 45 8 9028
A 45 9 9086
A 45 10 15970
A 45 11 9525
A 45 12 8721
A 45 13 9673
A 45 14 9593
A 45 15 9244
A 45 16 8386
A 45 17 9049
A 45 18 7852
A 45 19 9248
A 45 20 15319
A 45 21 7889
A 45 22 9121
A 45 23 8848
A 45 24 9276
A 45 25 9741
A 45 26 9333
A 45 27 9144
A 45 28 9182
A 45 29 8939
A 45 30 15435
A 45 31 9741
A 45 32 10220
A 45 33 9389
A 45 34 9583
A 45 35 8036
A 45 36 8786
A 45 37 8652
A 45 38 9994
A 45 39 8574
A 45 40 16201
B 43 1 1593
B 43 2 1024
B 43 3 934
B 43 4 809
B 43 5 984
B 43 6 898
B 43 7 930
B 43 8 1340
B 43 9 969
B 43 10 1807
B 43 11 1987
B 43 12 1475
B 43 13 1740
B 43 14 1445
B 43 15 1223
B 43 16 932
B 43 17 1218
B 43 18 1013
B 43 19 1263
B 43 20 1687
B 43 21 2000
B 43 22 1148
B 43 23 1190
B 43 24 1280
B 43 25 1665
B 43 26 1770
B 43 27 1389
B 43 28 1676
B 43 29 1372
B 43 30 1200
B 43 31 951
B 43 32 1048
B 43 33 1145
B 43 34 1081
B 43 35 1586
B 43 36 1395
B 43 37 1229
B 43 38 1454
B 43 39 1502
B 43 40 1260
D 71 1 2406
D 71 2 1922
D 71 3 2486
D 71 4 1837
D 71 5 2785
D 71 6 2714
D 71 7 2484
D 71 8 2239
D 71 9 2350
D 71 10 3467
D 71 11 2244
D 71 12 2962
D 71 13 2441
D 71 14 2538
D 71 15 3567
D 71 16 1848
D 71 17 2692
D 71 18 2195
D 71 19 2871
D 71 20 4206
D 71 21 2500
D 71 22 3239
D 71 23 2074
D 71 24 1951
D 71 25 3274
D 71 26 2014
D 71 27 2311
D 71 28 2837
D 71 29 1887
D 71 30 4079
D 71 31 2371
D 71 32 2239
D 71 33 1825
D 71 34 2801
D 71 35 2477
D 71 36 2533
D 71 37 2069
D 71 38 2432
D 71 39 1853
D 71 40 3768
A 52 1 21937
A 52 2 21362
A 52 3 18810
A 52 4 21501
A 52 5 20227
A 52 6 21200
A 52 7 21658
A 52 8 22610
A 52 9 22335
A 52 10 33392
A 52 11 21396
A 52 12 22842
A 52 13 21143
A 52 14 21196
A 52 15 22227
A 52 16 20167
A 52 17 20439
A 52 18 19517
A 52 19 21969
A 52 20 32027
A 52 21 21456
A 52 22 21197
A 52 23 19096
A 52 24 21828
A 52 25 21422
A 52 26 22069
A 52 27 21590
A 52 28 22275
A 52 29 19542
A 52 30 31947
A 52 31 21268
A 52 32 22147
A 52 33 22506
A 52 34 20727
A 52 35 20661
A 52 36 22010
A 52 37 19610
A 52 38 19994
A 52 39 20330
A 52 40 32975
A 90 1 7731
A 90 2 7206
A 90 3 8358
A 90 4 8395
A 90 5 7682
A 90 6 8042
A 90 7 8476
A 90 8 8388
A 90 9 7608
A 90 10 8569
A 90 11 7999
A 90 12 7092
A 90 13 7905
A 90 14 8440
A 90 15 8036
A 90 16 8186
A 90 17 8944
A 90 18 9486
A 90 19 8064
A 90 20 9802
A 90 21 7593
A 90 22 7194
A 90 23 7972
A 90 24 9327
A 90 25 8025
A 90 26 7625
A 90 27 7778
A 90 28 7355
A 90 29 7507
A 90 30 9057
A 90 31 8103
A 90 32 7113
A 90 33 7640
A 90 34 7044
A 90 35 8251
A 90 36 7648
A 90 37 9078
A 90 38 7511
A 90 39 8124
A 90 40 9324
D 38 1 4208
D 38 2 1903
D 38 3 4648
D 38 4 2298
D 38 5 4433
D 38 6 2766
D 38 7 2286
D 38 8 2890
D 38 9 3666
D 38 10 8134
D 38 11 3153
D 38 12 4335
D 38 13 2766
D 38 14 3607
D 38 15 4200
D 38 16 1755
D 38 17 3471
D 38 18 1909
D 38 19 4993
D 38 20 6834
D 38 21 2542
D 38 22 4698
D 38 23 2022
D 38 24 2781
D 38 25 3956
D 38 26 2715
D 38 27 4085
D 38 28 3969
D 38 29 3359
D 38 30 7537
D 38 31 2941
D 38 32 4004
D 38 33 2886
D 38 34 4989
D 38 35 1887
D 38 36 3466
D 38 37 2107
D 38 38 4504
D 38 39 2848
D 38 40 8575
A 71 1 2778
A 71 2 2896
A 71 3 2881
A 71 4 2659
A 71 5 3133
A 71 6 2846
A 71 7 3157
A 71 8 3575
A 71 9 2874
A 71 10 7403
A 71 11 3185
A 71 12 2831
A 71 13 3064
A 71 14 3911
A 71 15 3523
A 71 16 2165
A 71 17 3604
A 71 18 2838
A 71 19 3791
A 71 20 7679
A 71 21 2346
A 71 22 2812
A 71 23 2571
A 71 24 3231
A 71 25 2822
A 71 26 2886
A 71 27 3738
A 71 28 2991
A 71 29 3047
A 71 30 7536
A 71 31 4147
A 71 32 3308
A 71 33 3202
A 71 34 3164
A 71 35 2474
A 71 36 3243
A 71 37 2443
A 71 38 2869
A 71 39 2043
A 71 40 7354
A 48 1 4582
A 48 2 3731
A 48 3 4456
A 48 4 4189
A 48 5 4200
A 48 6 4008
A 48 7 3851
A 48 8 3495
A 48 9 4857
A 48 10 9207
A 48 11 3859
A 48 12 4323
A 48 13 3603
A 48 14 4904
A 48 15 5244
A 48 16 4067
A 48 17 4501
A 48 18 4147
A 48 19 5089
A 48 20 8913
A 48 21 3888
A 48 22 4928
A 48 23 4567
A 48 24 4957
A 48 25 4748
A 48 26 4806
A 48 27 4403
A 48 28 4200
A 48 29 4156
A 48 30 9183
A 48 31 4779
A 48 32 4698
A 48 33 3675
A 48 34 5013
A 48 35 4195
A 48 36 3612
A 48 37 4026
A 48 38 4693
A 48 39 3757
A 48 40 8801
C 44 1 7613
C 44 2 6020
C 44 3 6290
C 44 4 8047
C 44 5 6959
C 44 6 7776
C 44 7 8106
C 44 8 7783
C 44 9 7334
C 44 10 12769
C 44 11 7500
C 44 12 7856
C 44 13 7954
C 44 14 7838
C 44 15 8338
C 44 16 8257
C 44 17 7395
C 44 18 7488
C 44 19 7262
C 44 20 12868
C 44 21 9663
C 44 22 7108
C 44 23 7385
C 44 24 7584
C 44 25 8643
C 44 26 8118
C 44 27 7389
C 44 28 7043
C 44 29 7516
C 44 30 13283
C 44 31 8084
C 44 32 8151
C 44 33 7880
C 44 34 7433
C 44 35 7176
C 44 36 7258
C 44 37 7444
C 44 38 8092
C 44 39 6574
C 44 40 12074
A 59 1 3154
A 59 2 3282
A 59 3 3631
A 59 4 3655
A 59 5 4470
A 59 6 3113
A 59 7 2573
A 59 8 4136
A 59 9 3888
A 59 10 5751
A 59 11 3648
A 59 12 2622
A 59 13 3366
A 59 14 3670
A 59 15 3422
A 59 16 3239
A 59 17 2387
A 59 18 3255
A 59 19 3236
A 59 20 5940
A 59 21 3178
A 59 22 4016
A 59 23 3358
A 59 24 2924
A 59 25 2686
A 59 26 3346
A 59 27 4342
A 59 28 3667
A 59 29 3841
A 59 30 6050
A 59 31 3062
A 59 32 4564
A 59 33 3806
A 59 34 2795
A 59 35 3568
A 59 36 3247
A 59 37 3064
A 59 38 3075
A 59 39 2677
A 59 40 4819
C 56 1 3949
C 56 2 3717
C 56 3 3151
C 56 4 3644
C 56 5 3337
C 56 6 3948
C 56 7 3063
C 56 8 3482
C 56 9 3049
C 56 10 8745
C 56 11 4343
C 56 12 3687
C 56 13 3762
C 56 14 3078
C 56 15 2714
C 56 16 3396
C 56 17 4245
C 56 18 4013
C 56 19 2807
C 56 20 9723
C 56 21 3404
C 56 22 3127
C 56 23 3761
C 56 24 4165
C 56 25 3170
C 56 26 3937
C 56 27 3472
C 56 28 3473
C 56 29 3226
C 56 30 7894
C 56 31 2705
C 56 32 3998
C 56 33 3073
C 56 34 3171
C 56 35 3145
C 56 36 4163
C 56 37 3413
C 56 38 2838
C 56 39 4293
C 56 40 7190
B 84 1 10632
B 84 2 11754
B 84 3 10234
B 84 4 11110
B 84 5 10602
B 84 6 12259
B 84 7 10863
B 84 8 12050
B 84 9 10993
B 84 10 13421
B 84 11 12621
B 84 12 11489
B 84 13 11403
B 84 14 12081
B 84 15 10742
B 84 16 10890
B 84 17 11344
B 84 18 12420
B 84 19 11332
B 84 20 12279
B 84 21 10547
B 84 22 11274
B 84 23 10686
B 84 24 11043
B 84 25 11318
B 84 26 11670
B 84 27 10881
B 84 28 11817
B 84 29 11884
B 84 30 13433
B 84 31 11720
B 84 32 11646
B 84 33 11226
B 84 34 11491
B 84 35 10872
B 84 36 11917
B 84 37 11490
B 84 38 11679
B 84 39 10453
B 84 40 11622
D 49 1 3773
D 49 2 2724
D 49 3 3251
D 49 4 3222
D 49 5 3426
D 49 6 3946
D 49 7 3248
D 49 8 3590
D 49 9 3267
D 49 10 5626
D 49 11 2676
D 49 12 3683
D 49 13 3762
D 49 14 2847
D 49 15 3024
D 49 16 2092
D 49 17 3513
D 49 18 3381
D 49 19 2868
D 49 20 5667
D 49 21 2768
D 49 22 3987
D 49 23 2738
D 49 24 3104
D 49 25 3549
D 49 26 3335
D 49 27 3429
D 49 28 3605
D 49 29 3387
D 49 30 5519
D 49 31 3636
D 49 32 3429
D 49 33 3030
D 49 34 3286
D 49 35 2906
D 49 36 3263
D 49 37 3567
D 49 38 3216
D 49 39 3003
D 49 40 5379
C 80 1 4104
C 80 2 3784
C 80 3 3222
C 80 4 3283
C 80 5 3832
C 80 6 3063
C 80 7 3134
C 80 8 2915
C 80 9 3246
C 80 10 7865
C 80 11 3319
C 80 12 3523
C 80 13 3417
C 80 14 3578
C 80 15 3428
C 80 16 2724
C 80 17 2667
C 80 18 3325
C 80 19 3441
C 80 20 7787
C 80 21 3048
C 80 22 3098
C 80 23 2601
C 80 24 2965
C 80 25 4292
C 80 26 3841
C 80 27 4417
C 80 28 3140
C 80 29 3529
C 80 30 9069
C 80 31 3495
C 80 32 4088
C 80 33 3138
C 80 34 4297
C 80 35 2616
C 80 36 3705
C 80 37 2462
C 80 38 2778
C 80 39 3215
C 80 40 8843
