A14 4530 4962 6681 5138 4319 1860 4168 3897 6428 3723 3770 3129 4129 3548 6136 3286 3681 1942 3225 4111 6525 2805 2444 3891 3568 3270 5178 2985 3521 2067 2709 3014 7064 2870 2695 4427 3371 3485 7250 2901 3367 1612 3927 2986 7153 3025 3058 4397 3623 4207 6429 4072 4028 2447 3969 4832 6902 4668 4771 2893 4938 4452 6263 4342 4813 1881 5460 4869 8124 3712 4626 2341 
A20 9803 9570 9863 10474 10778 7235 9679 9959 11179 9582 9773 -933 10414 9130 10702 9691 10639 7789 9082 9815 11448 9472 9362 2003 10157 9925 10051 11445 10785 6634 10755 9632 13845 10097 9664 4147 11219 9822 10013 10408 9877 6560 9085 9219 12181 9026 8559 6936 9408 8716 10297 9412 9243 8147 8946 7777 12526 7491 8117 8011 7673 9183 9968 9159 9263 7984 7939 8145 12054 7617 7105 10443 
A29 6448 6403 6219 5713 6296 5196 6188 7664 6671 6587 6239 1813 6266 4945 6785 6035 6184 4241 5787 5815 6547 6015 5484 4047 5647 5411 6765 5788 4931 3784 4953 4550 6639 3553 4391 5206 5424 4415 5633 5579 4168 5076 6732 4729 7964 4953 5223 5202 4856 4792 7198 4866 4901 4636 4421 4919 6508 5155 5248 6153 6061 6631 6096 4934 5872 4062 5102 5920 7330 6385 5922 4805 
A30 3357 3728 3934 3350 2736 1842 2758 3901 4080 3006 2786 1038 3118 3183 3507 3962 3424 2391 2741 3135 3623 3290 3607 806 4148 3242 3333 3200 2783 2602 3161 3320 5364 2768 2196 2395 2555 3611 3957 3040 3000 2397 2502 1732 3760 2024 1818 2681 2491 2874 3339 2726 2393 3046 2240 2833 4760 2146 2487 3185 2315 2500 4215 2939 3238 2051 2491 2650 4407 2989 2551 2917 
A31 15670 16310 18120 15170 13890 16970 13010 13200 20770 15650 16270 14940 15850 14080 17360 14020 13470 15990 12550 13370 19410 14680 15850 15240 17500 17160 17950 16380 15640 16970 14160 15590 20260 15290 14360 16030 17130 17200 18050 17940 16670 16300 17190 16990 20320 17140 19310 10680 18140 18370 18220 17530 16860 15850 16110 16410 18820 17340 17480 7320 17600 17050 17800 18410 17390 16540 19300 17330 19800 19050 16370 5380 
A32 17620 17400 18210 17280 17980 13530 16760 17290 19530 16560 17410 11710 16880 16430 19780 15230 16780 13970 16140 16350 17810 14640 15110 15210 14520 14770 19680 14620 14890 13220 14220 14960 19940 14840 14450 16820 13740 13490 18470 14660 13590 13570 12500 13330 20550 14610 15700 16620 15490 15760 18670 15790 16620 12270 16270 16360 20850 17740 16900 15450 16460 16940 18090 17440 17570 13360 17650 17610 20510 17750 17890 11420 
A33 17840 18910 23410 19850 19850 19820 19120 19170 26770 18670 16870 20600 17580 17010 21340 17180 20400 19520 20370 21590 26630 20870 19060 20120 18780 19600 22070 19640 18900 19870 20800 22110 27170 22960 22690 18540 21260 22300 22040 21610 22400 19800 22760 21830 25890 20740 21220 14410 20400 21290 21640 19310 20780 18100 20670 22330 24520 24420 23450 10790 22250 21310 21960 21220 19840 19060 21670 20830 24860 21110 21870 4640 
A34 32170 35460 35110 33540 34400 31340 36170 35400 40180 35740 32310 18660 31980 32420 36510 32380 32310 32440 32050 31400 38980 32770 30430 26570 31070 28770 35620 27720 28880 32290 31030 30220 41010 32530 30100 32820 30080 26760 35600 29240 28700 30770 29380 31960 41040 32480 33500 32220 30880 30110 34210 29800 29890 31570 31360 31720 40340 33860 35030 29120 34010 34800 34490 35360 33120 31230 34180 34900 40450 35780 34260 24550 
A35 1907 2366 2279 1802 1583 836 2438 2296 2253 1893 1935 475 1734 1524 1677 1749 1813 1932 1715 2556 2510 1344 1323 2356 1354 1284 1676 1831 1539 1480 1294 1409 2049 1138 1835 1781 1175 2031 1144 1446 1795 1666 1760 2141 1682 1499 1726 1710 1404 1493 1769 1924 1290 1444 2033 2483 2176 1020 2053 1273 2115 1638 1837 1924 1819 1538 1900 2158 3180 1746 1861 832 
A36 12970 14380 15400 13860 14030 10780 13980 14050 17460 15830 16100 630 15420 15440 16430 14960 14600 12120 15370 15180 16000 15140 15080 690 15500 15150 15440 14480 14080 12390 13440 15510 18800 16300 15670 4170 16050 15360 15110 16010 16670 14790 15380 15040 18330 16100 14560 8280 14470 14820 16050 13570 13770 14610 13470 13570 18230 12810 13500 12340 11930 13730 15140 12910 12570 13720 13280 12640 19810 12510 12900 13470 
A37 6470 6792 6901 6598 7362 3310 7489 7361 8412 6759 7283 970 5988 6077 6590 7253 6226 4377 6731 5880 8877 5905 6526 1293 6405 6188 7850 6597 7169 4908 7107 6809 7763 6282 6063 2409 6965 6478 7965 6158 5625 4483 6852 5580 8760 6543 5470 4625 5222 4951 7053 5011 5494 4177 4687 4909 8733 5276 5061 6620 5091 4701 7291 4287 4453 4928 4739 5682 8047 5035 5241 6206 
A38 7011 6187 6925 6392 6939 3852 6713 7456 9085 7247 7221 2422 7366 6971 7377 7155 7414 3996 7235 7501 9789 7102 5604 4357 5878 5573 7349 5650 6513 5026 5784 5670 8750 6010 5334 5373 4630 4983 7129 5650 4940 4020 5853 5857 8655 5259 5304 6782 5315 4409 7641 5405 4905 4378 5342 6029 8316 6389 6372 6938 5564 5130 7455 6642 5946 3907 6654 6819 9491 6627 6576 5018 
A41 8507 8256 10683 8671 8722 8388 8461 8274 12441 8668 8687 9191 9138 8272 11680 9449 9193 10046 8029 8906 11776 9257 9720 8626 10378 9251 10073 8795 11177 9207 11268 10860 11832 11574 10948 7120 10722 10339 10994 10113 10755 9542 10380 11335 11602 11624 11163 5079 9757 9725 10795 10146 11011 7887 9408 9385 10908 9828 10554 2273 10246 10697 9840 10472 9891 8039 10075 10089 10146 9691 9079 1177 
A43 9126 7754 12461 9406 8751 8105 9742 9633 15623 9810 8724 9975 8294 8614 13260 8668 8913 7818 9359 10087 15531 10088 9518 11131 10338 9747 13560 10031 9693 7193 10418 10323 15954 10934 11756 10109 11594 11857 13217 11553 11958 8573 12609 12143 15285 12488 12091 7693 11837 12205 13343 11381 11379 7650 10933 12547 15662 12505 13228 5226 12534 13520 12828 12733 11851 7320 12307 12265 15013 12718 12545 1687 
A44 14360 16330 16570 14740 15640 12310 14400 14580 17000 17400 16130 1170 16040 15180 16410 14960 13650 11600 14860 14850 17110 15520 16040 4050 16030 16510 18120 15990 15290 13160 15430 15830 19460 16970 14640 8590 15770 14990 17680 14970 14150 13460 14120 14670 16990 14510 14970 12250 13880 14070 18210 13440 13590 12700 15470 14320 18910 13810 13460 14810 12550 14390 18540 13180 13750 12850 12690 13750 17810 13790 12290 14870 
A45 10099 10749 11172 10825 10921 8012 9772 9840 13803 10784 9351 8130 8440 9196 11033 8344 9152 8437 7782 8192 13042 9363 9009 8746 8645 8567 11932 9877 8590 9983 8372 7862 13693 8523 9452 10333 9033 10647 10521 10176 8941 8458 10630 9384 14185 10383 9027 9101 9551 11611 11844 9970 10348 8533 11100 11399 13885 10175 10824 8450 10664 11294 11277 10953 10131 9725 10822 10811 12548 12285 10679 6372 
A46 11170 10852 12868 10039 10697 11849 12057 10756 15605 11653 11776 12156 10176 10984 14104 11152 11213 11304 11342 12298 15898 11063 11210 12561 11036 12546 13323 11895 12748 11302 12864 12110 16157 13424 12721 10541 12809 13205 13956 13228 13392 10337 13283 14022 16755 14371 13285 8435 13760 12272 13020 11956 11767 10520 12204 13057 15000 14015 13937 4669 13626 13590 12713 13494 14044 11051 13510 12392 14490 12385 13569 2180 
A48 6135 4784 6589 5482 4799 4738 5215 4899 6258 4926 5296 3922 4146 4331 5533 4865 4242 2968 3625 4215 6896 4066 3831 5003 4155 4246 5931 3996 4110 3594 4890 4217 6932 4321 5112 4916 4415 4600 6773 5080 5433 4509 5127 5313 7590 4643 4912 3989 5774 6170 6185 5133 5158 5047 6387 4927 8186 5657 5734 3016 5538 5650 6373 5360 5729 3968 6618 6092 7100 4888 5551 2862 
A49 4756 4566 5072 5673 4836 3630 4959 5159 6716 5380 5035 2524 4758 5469 5897 5315 4542 2930 5022 4570 6142 4654 4728 3304 4276 4519 6191 4046 3514 3742 4269 4231 7177 5022 4335 4489 3758 4086 6665 3728 3739 3384 3684 3063 5959 4919 4379 5126 4874 5651 6235 4473 4623 3527 4234 4257 5809 4133 4726 4882 5786 5033 6234 5663 5365 3656 4351 5001 6352 4738 5561 4524 
A50 3731 3758 4099 3006 3893 1167 4162 3636 5113 4084 3955 614 3627 3291 4090 3586 3703 1091 3980 2940 4494 3164 3406 2062 3539 3392 3733 2481 3347 1789 2619 2827 5002 2274 2434 2651 1723 1872 4776 2447 2694 1895 1811 1747 4584 924 1828 2817 1768 1877 4662 1759 1760 1498 1936 1619 4783 2056 2268 3081 2034 2115 4311 2340 1948 1528 2118 2225 5636 2671 1958 2674 
A52 22490 23190 25880 22730 22760 18260 22830 21320 26720 23460 22390 1650 23580 22490 22740 22890 22710 19110 21600 22840 27470 22240 24830 6330 23490 23020 25400 25030 24510 19280 22920 22890 28280 24920 21370 12470 22070 22630 24970 21960 23450 19400 21240 21610 27910 20430 20720 18570 19720 20550 25610 19130 19170 20850 19970 18830 28630 19810 19050 22080 18990 19560 25610 19350 19740 19660 20170 20200 28710 20180 19580 23600 
A53 11983 12830 13547 12421 12075 6893 11529 11314 15322 12292 11655 6500 12220 11687 14633 12362 10763 6134 9780 10744 14564 10339 11008 8644 9983 9849 13237 9423 8439 7207 8316 8535 15508 9427 8555 11576 9013 9103 13200 9017 7443 6494 7502 8185 14743 8938 9046 11815 9017 9876 13070 9734 9193 6386 9484 9777 14921 10243 10206 10827 10173 11585 13204 12104 11618 6624 12362 12277 14327 11904 12233 9065 
A54 8247 9344 9764 8597 7601 5754 7709 6432 10940 7134 5925 6669 7394 6649 8818 6167 7181 6539 5931 6589 10947 7176 6755 9293 6601 7375 9568 7832 6504 6006 6724 7160 12041 6736 7277 8574 6663 8855 9920 7238 7965 6243 8454 8334 11049 8286 9779 7865 9633 8188 9919 8509 8820 5056 8538 9496 11649 8806 8489 5881 9549 9130 9596 8733 10216 5835 8397 8426 10342 9206 8408 3244 
A55 2450 2506 3942 2874 1979 1168 2807 2598 5145 3105 2387 3609 1760 2384 4288 1935 1876 1009 2746 2013 5751 2838 3237 2924 2253 2429 5132 3344 2730 1150 3175 2990 4940 3175 4283 2657 3088 4080 4104 3682 4415 643 3640 4900 5173 3626 4208 2182 4885 3688 3884 3638 4008 1737 4489 3690 4591 3839 4181 1581 4254 3780 4120 4065 4281 1926 3699 4293 5004 4475 3769 938 
A56 11102 9803 12431 10870 10193 8493 10499 11225 13603 10120 10275 6093 10356 10122 11108 9347 9919 8485 10035 9568 13227 9844 10832 8520 9642 9219 11585 8155 7756 8027 9598 8450 12258 9339 8457 10289 8454 8680 11622 7709 9011 7704 9899 9353 13256 9585 9796 9879 9056 8746 10599 9451 8878 7616 8358 9384 13023 10346 10369 8873 9624 10941 12396 10415 10880 7412 11250 11526 13495 11199 10514 7621 
A59 3837 3960 3810 4137 3783 3003 3560 4110 4862 4036 4455 457 4233 3287 4481 3821 3829 2862 4205 3378 5205 4149 3783 1899 4405 3415 4310 3724 3915 2362 4009 3333 5044 3292 3728 1973 3182 2331 5166 3246 3303 3412 3965 3062 4864 3340 3049 3891 2684 2702 4330 3198 2762 3003 2186 3803 4508 3670 2526 3151 3377 3458 3758 3328 3472 3447 3119 3523 4126 3413 3567 3862 
A62 2584 3919 4337 2702 3505 2186 3347 3361 5564 3061 3626 1964 3235 2832 4664 2443 2201 2354 2422 2209 4682 2428 2462 2535 2189 2572 5107 2001 2541 2470 1440 1584 5550 2492 2078 2511 2528 2802 5213 2723 2537 2048 2994 2770 4799 2831 3205 2568 3046 4303 4852 3132 3507 2797 4077 3855 4839 3834 3546 2213 4059 4085 4133 3546 3350 2479 3528 3830 4821 3812 3012 1849 
A66 3201 3610 4054 3280 2671 2434 3615 3532 4591 3629 3753 2202 3187 3403 3167 3146 2628 2201 2501 2833 4419 2528 2416 2654 2432 3446 3769 2865 2384 2174 2327 2388 5207 2399 2942 3261 2803 2637 4122 2343 3355 1904 3100 2358 5456 2824 3419 2628 2984 2535 3884 3223 3457 2310 3874 3065 4751 3195 3310 2707 3377 3478 4172 3376 3460 3147 3541 3388 4498 3795 3159 1408 
A69 6391 6763 8310 7449 6254 2394 6817 6420 9351 6255 7245 1797 5984 6440 7830 6385 6054 3854 6699 6125 8811 6279 6426 2274 5292 5341 7891 6462 6083 3122 5940 5791 9884 4811 4288 2698 4496 5009 8859 5556 4319 3398 4033 3412 9484 3624 3283 3355 3518 4478 7994 4584 4403 2933 3352 3198 8823 3387 2930 5042 3499 3778 8687 4001 4753 3708 4622 3626 9430 3859 4138 4749 
A71 3763 3359 4311 4324 3622 3619 3260 3452 4929 4388 4248 1796 4435 4139 3643 3237 4151 2814 4074 3951 5377 3053 2625 2509 3006 3384 4602 3477 3190 2851 2809 3316 6056 3297 3216 3929 3612 2794 5100 3152 3084 2695 2583 3018 5402 2916 2100 3509 2809 3154 4189 3082 3021 2992 3558 3300 5379 3506 3239 2906 3455 3750 5135 3834 3914 2086 4213 4337 5267 4373 4336 3067 
A72 6180 5805 6198 6564 6017 4638 5799 6046 7431 6262 5810 2571 5573 5700 5726 5634 5783 4268 5575 5978 7485 5686 5416 4511 6224 4952 7094 5103 4732 4865 3851 5120 7054 6036 5775 5440 5221 5551 6862 5457 5292 4716 4469 4833 7492 5333 5527 5976 5360 6362 6942 6217 5115 5412 5295 4770 6987 5209 6070 5724 6289 5602 6392 6307 6459 5253 6134 5780 7283 6158 7178 4531 
A73 5023 3981 3903 3752 5288 970 4935 4775 6368 4623 3829 136 4346 4451 4275 4660 5447 2354 5229 4760 5532 4498 4441 515 4725 4063 5401 4858 4163 3158 4388 4471 6612 4432 5397 623 4810 4824 5111 4876 4125 3162 6408 5758 6933 5289 5291 2046 4094 4284 4622 5626 4735 3371 5141 4720 6178 3872 4427 2777 3611 4363 5327 3078 3852 2987 4458 3926 4922 3955 4838 4606 
A77 6896 6902 7375 7390 6939 2895 6914 6413 8213 7097 6754 1147 7714 7764 7046 7287 7390 4560 7355 7436 8455 6610 5866 3157 6294 6481 8317 6484 5910 3976 6456 6422 8405 6393 5454 4905 6284 5874 7427 5759 6552 3994 6470 5506 8577 5045 5980 5424 5277 5714 8049 5806 5912 4494 5321 5074 9384 4580 5461 6753 4804 5028 8025 6163 6137 4114 5795 5272 8785 6049 5429 6155 
A78 6000 6652 6392 5049 5131 2736 4672 5046 7121 4112 5475 4339 4932 4949 5533 3847 4395 3228 4130 4255 6691 4638 4215 4357 4022 4309 6860 4005 4963 3366 4007 4797 7493 4241 4332 5187 4701 5914 6400 4713 4807 3504 3994 4996 7379 4626 4976 4663 5289 5429 7115 5458 5592 3658 5195 4737 7355 5294 5956 3791 5213 5694 5992 5417 5740 2883 5338 5298 7289 5385 5340 2454 
A79 13202 11820 12429 12777 12655 11141 11288 12324 16061 13185 12413 4345 12761 13304 13276 14262 12557 11892 13137 12879 14145 13223 12306 6203 12087 12449 13905 13200 11492 11364 12426 11928 16448 12279 10687 9833 11183 10566 13789 11641 11251 11024 11018 10274 16896 11166 10557 11453 11355 11798 13167 10841 12201 11208 11671 11536 17275 10267 11706 12874 11568 11900 13678 11361 11894 10186 11694 12166 17341 12943 12514 10305 
A80 2791 2869 2427 2687 2541 1658 3142 2251 2983 2397 1969 -14 2780 2346 2518 2435 3241 1798 2890 2002 3239 1928 2166 28 2566 2443 2681 2007 2605 1020 2614 2554 3369 2528 2161 406 2340 2435 3080 1830 1942 1420 2711 2633 3438 2352 3251 1194 2290 1803 3583 1850 2776 1810 2086 1622 3192 2147 2096 2029 1914 1797 2313 1574 2459 1200 1845 2233 3754 2015 1461 2731 
A81 38580 38170 40540 37090 36770 32370 35020 37230 44230 36100 36480 26720 34970 34740 41660 33620 32830 34360 31660 29910 45270 32590 32790 33880 34140 33090 40850 33020 32000 33980 31560 30780 43500 33100 32920 35910 34060 34070 40680 34140 33860 33200 34120 32390 43040 36040 35740 34470 35180 37640 41080 37490 36410 32150 37100 38340 44640 37510 38670 28650 38510 39550 41050 38230 38570 32080 35790 37430 43140 37670 35850 20450 
A82 10942 10269 12600 9840 10302 11397 10905 10766 15397 10221 11722 11400 12434 10137 13588 10932 9974 10563 10777 10958 14771 11674 11896 9137 12901 11768 13099 13716 13002 10606 12277 12913 14969 12723 13483 8897 11985 12537 11933 11836 11786 10211 12386 11484 14375 11432 12894 6672 13722 14487 14059 13115 13697 10227 12014 11333 14766 12170 11464 3078 10963 12883 10921 13065 12760 12409 14699 13176 14348 12251 11464 1059 
A83 36590 38230 37130 38490 38320 33610 36240 38770 46000 38700 35280 21440 35450 34540 39850 34980 32890 33830 34260 34080 45270 33420 32680 30350 31950 31590 39320 32620 32240 33390 31930 32160 46630 31870 31620 35370 30330 31470 37540 32420 32620 32190 34390 31980 45610 35250 33390 35650 31990 34350 37880 33630 35150 34040 34280 37240 45670 38410 36750 34190 36840 38220 38520 37650 37730 32490 37680 37030 48050 39050 37550 25850 
A84 30980 34800 34690 32630 32540 30500 32500 32990 40780 34760 32960 13370 32340 33050 37000 33130 33140 30050 31740 29800 39840 30100 30110 23170 30620 31040 35690 29430 29520 30120 28870 26580 40670 25980 28590 28060 29000 29220 35070 26730 28490 29700 26020 25590 40910 26920 28400 31630 28990 30090 36000 30490 30090 29810 27710 29610 39800 28330 29010 29940 31280 31130 37750 30850 33230 29950 32430 32290 42330 33440 32240 27110 
A86 7798 8100 7808 7642 7631 6518 8153 9304 10318 7913 7788 1836 8375 8192 8527 8414 7579 6519 8286 7842 10871 8191 8292 3868 8644 9383 8812 7538 7055 5822 7382 7065 11625 8062 7889 5740 6654 8670 8966 7179 6467 5639 7493 6384 11564 7088 8385 6147 6662 6827 8459 6098 6856 6721 6021 6889 10951 7217 7685 8081 7421 6963 8889 7417 7088 6511 7141 7081 10647 8687 7057 7831 
A90 8379 8596 8655 8409 8263 7500 8106 9360 9991 7781 7592 5993 8885 7746 8567 8026 8024 8487 7117 8071 9969 7559 7580 6976 7479 7486 8622 7506 7785 8717 7422 7593 8893 7843 7585 8314 7867 7441 8236 7454 9173 8213 8080 8753 8912 7910 8807 8218 7546 8914 8980 8530 8521 8287 8314 7995 8929 8891 8706 7014 8741 9669 8792 8050 8558 8187 7828 8472 9103 8983 8421 5117 
B31 2573 1502 2633 2215 1929 2034 2179 1211 2616 2524 1903 2293 2122 1738 2625 1443 1193 2104 1285 1888 1756 1546 2417 2415 2016 2492 1636 1585 2202 2445 1408 2062 2958 1714 2721 1879 2298 2561 1903 1951 1998 3203 2712 2021 2188 2587 2978 1424 2430 2136 1958 1722 2092 1799 2124 1923 1392 1810 2012 611 2125 1761 2111 1621 2073 1979 1813 2009 1945 1904 1749 399 
B33 1129 1400 1347 2049 1918 1721 2952 1616 2740 1707 812 1983 1611 1994 1896 1922 2317 1578 1590 2304 3438 1919 3364 2310 959 1820 1809 2253 2234 1691 2115 2522 3336 2014 2647 1151 2915 3248 3169 2406 1753 1777 2505 1689 3455 2200 1821 1822 3117 1524 1748 2361 2475 1682 2604 2248 3263 2444 1451 684 2011 2591 3143 2426 2282 1505 2003 2325 3113 2240 1749 578 
B43 884 1552 1612 709 950 1987 694 834 1790 1150 1118 1250 1445 1705 1092 866 1270 1674 1674 1444 1669 1670 2225 1303 1416 2090 1679 1308 949 1514 644 601 1442 1139 1635 1472 703 1816 1725 1381 1390 1114 2409 1652 2137 1714 1558 1268 2225 1656 1889 1853 1772 2044 1440 1362 1612 1124 2332 498 755 1513 1857 1855 1609 1361 757 1351 1175 798 1082 -213 
B45 1474 578 1871 686 891 995 733 1084 1505 1938 1755 1704 1568 1797 1032 1174 1566 1389 1816 1362 1827 902 1197 801 1010 1342 2027 1593 946 916 1891 2400 1648 1756 1590 1525 1768 1289 713 1832 1823 1769 152 1026 1928 -691 561 1385 1388 1152 2192 1558 1178 1584 2242 1664 1066 1066 1522 528 718 1069 1534 790 1358 1406 1484 837 1398 1607 460 772 
B55 1678 1686 1714 1921 1276 1584 1275 854 2199 1187 1824 960 858 1539 1414 1913 1578 2210 1065 1541 1313 923 1602 1976 887 1117 1975 1481 2316 1757 1423 2050 1847 2042 1868 1298 1284 1729 1876 2095 1352 2122 1270 2652 2031 1482 1467 1328 1124 2217 2641 1512 2317 1123 1625 1539 2175 1775 1529 38 2054 1271 1465 1868 1748 1818 2024 1670 1124 1658 1270 195 
B70 2542 1690 2417 1907 1616 716 2560 1922 1793 2005 1969 -632 1611 2630 2780 1599 1347 1054 2211 2589 2200 1791 1738 352 2082 2441 1854 1241 1975 1203 788 2175 2260 2300 2305 1663 1719 1099 1533 2392 1156 1513 2136 1856 1834 2137 1929 679 1392 1830 2539 961 1705 1150 2161 1681 2765 1621 1738 1607 936 1750 2787 1951 1963 1477 637 1635 1969 1699 1116 2416 
B76 12048 12268 11927 11635 11599 12295 13399 11765 12554 12327 12023 6372 13048 13139 12766 12630 12485 11830 12817 11150 13069 12292 11586 8441 12625 12997 12338 11805 10493 11466 10323 10129 13491 10883 10999 11324 12547 10717 12031 10909 11010 11803 9343 9257 12050 9783 11522 12248 11004 12015 12682 12966 11578 12966 12221 9782 12992 10564 12197 11875 11085 12816 13054 12827 12106 13014 12795 12000 13665 12759 12394 10520 
B77 10889 10480 10788 11264 10784 10820 10682 10537 9076 10998 10101 1737 11453 10319 10415 12035 11653 9781 11035 11133 11402 9291 11008 5492 10968 10975 12392 11009 10614 12135 11547 11459 11028 10306 10664 6994 11112 10768 11990 11729 11007 11235 10672 9767 10821 9278 8385 8644 9697 8839 11359 10418 9270 10005 8806 10400 11099 10396 9567 9910 9920 9876 12829 11401 10719 12501 9450 9455 11025 9354 9234 10682 
B78 9242 8533 10589 9091 9439 8573 9589 8583 9413 9575 8748 5160 9514 8009 9614 7832 8822 10045 9229 8873 9921 8592 8547 7608 7659 7047 10668 7662 8017 8595 7915 7741 8909 8843 7613 8159 7102 7082 11268 8511 8444 8914 8556 7546 9964 8291 7058 8558 7438 6909 10919 8035 8795 9075 8924 9418 8314 7183 8147 7833 7483 7845 8511 8682 9213 8146 8942 8769 10137 8986 9406 7176 
B81 12969 11842 13263 11800 14293 12600 12437 13302 12279 12940 13037 4710 12700 12647 12791 12104 13957 12402 12808 13218 13762 12119 12381 8731 10957 11624 13227 12424 12741 12642 11482 10223 12607 10938 10235 11932 11524 12138 14617 11403 12464 12248 12386 10171 13759 9915 9645 12775 10176 11109 13284 12381 13669 12045 13714 12318 13687 12214 11629 12765 11714 12163 12253 12320 12841 11853 13646 13474 13057 15256 12453 11569 
B82 8179 8701 9730 8658 9652 10368 9709 8990 9007 9525 8830 7520 7887 7521 10248 7840 9501 9898 8027 9819 9885 9591 7906 8195 7823 7520 9017 7542 8315 9344 9121 9218 10357 9969 9704 9360 7453 7597 8474 7850 7436 9274 8641 8592 9835 9475 10060 8506 8987 9613 10344 8591 10134 9782 10312 9834 10412 9346 9282 6633 8949 8258 9058 8169 8327 8371 7802 8314 9934 8533 10000 3616 
B83 10679 9699 10302 10036 11436 10723 11477 11055 11979 10571 11813 4556 10657 11191 11232 11383 10603 10947 11028 10313 11225 9787 10638 8488 11108 10409 11554 10458 10757 10162 9442 9725 12701 9044 8810 8935 9927 9999 10956 9527 9833 9966 9536 9598 11548 9466 9365 11212 9378 9351 11185 10885 10546 11194 10829 10067 11476 9787 9871 10264 10835 10573 10618 11390 10819 11382 10620 11736 10891 11964 11069 9218 
B84 9379 11213 11534 10343 10309 10717 11407 10609 12541 10084 12751 4329 12875 11055 11685 12072 11439 10479 11710 12505 12278 11059 10409 6816 10168 10405 12279 11337 11491 11181 11279 10277 12435 9436 9949 8858 9843 10055 13130 8669 10625 11910 9851 8675 13245 9817 10421 11582 10153 8959 11803 10717 9018 10876 9678 11133 11740 11348 10642 12395 9914 9800 12008 10015 9792 11683 10861 12455 13026 11850 10560 11013 
B94 4552 3675 4305 4184 3881 2672 4197 4146 3822 3098 3665 346 4115 3091 4343 3617 3890 3938 4250 4772 4389 4503 4166 2017 3440 4553 4666 3907 3811 4023 3925 4528 3548 4502 4292 2259 4167 3894 4729 3517 3178 3930 3940 4339 4373 2944 3462 3057 2772 2992 3788 3495 3924 3415 3641 3579 5010 3522 3646 4090 3825 2939 4174 2755 3775 3166 4185 3910 4991 3877 3925 4865 
B95 4587 3580 4795 4127 3920 4214 3984 3855 4158 4259 3803 -103 4805 4048 3844 4220 3347 4850 3944 3773 3258 4832 3843 924 3117 3897 3724 3876 4351 3607 4900 4063 4044 4390 4257 1931 4501 3938 4391 4928 3864 4119 4543 3996 4671 3965 3110 4484 3999 3317 4047 3767 3728 4093 3363 3321 4284 4066 3696 4512 3807 3728 4024 3304 3664 3422 3906 4371 3990 3861 3639 4958 
B98 12911 11679 12331 13208 11832 10766 12595 12022 13555 12492 11625 95 12933 11517 11526 12149 13119 11444 14472 12253 11980 12416 12660 2250 12188 14022 11714 13456 12278 12205 13056 13578 15127 13681 12592 4119 12518 13677 13629 14261 12381 11935 12466 13122 13435 13228 13443 10871 13305 11622 13253 10936 12904 12347 11925 10487 14187 12400 10940 11573 11872 10533 13314 12268 9739 13234 11445 10783 15090 12230 11927 13234 
2347 2768 1930 2848 2692 1495 1473 2080 2102 3773 3020 1965 188 2228 1810 2088 2666 2404 1916 2525 2050 3276 1617 3101 530 2703 2549 2726 2032 2151 1333 3241 3070 2989 3047 3263 820 2185 2929 2280 2001 2428 1364 2656 3337 3193 2069 2838 1280 3184 1795 3022 2463 1934 1608 2666 1923 3140 1263 2237 2128 2481 1712 3007 1690 1925 2202 2335 1876 4477 2738 2082 1802 
C20 2842 2889 2929 2495 2816 1558 3225 2019 2720 2468 2481 -735 2729 3255 2048 3215 2677 1872 2686 2028 3290 1694 2301 182 1880 1779 3317 2280 2496 2167 2306 2654 3545 2180 2549 1105 2909 1464 2945 3560 2413 1658 3033 2292 4150 2175 2071 1246 1565 2199 2411 2409 3172 1842 2667 2593 4165 1754 2797 1993 2482 1985 2561 2046 2039 1608 1414 2539 2756 1353 2826 2238 
C30 6463 7879 6157 6240 5697 5773 6488 7080 9586 6796 5428 817 6571 7123 8075 6237 5957 5284 7204 6501 8417 6834 6619 1763 5850 6665 6816 6703 6675 6772 7433 6479 7987 6011 7187 4031 5756 6594 7951 6144 5307 4706 5626 5303 9123 4591 3755 5081 5837 4331 7064 5481 5327 6063 5161 5185 8958 5957 4856 5563 5514 5501 6659 6104 4546 5783 6796 5205 9271 6227 5860 5228 
C32 10634 10917 11122 11120 11817 11176 11626 11487 15351 11050 10215 6663 8466 9431 11387 10375 11383 9057 12183 10307 14023 9451 8343 8688 7453 7937 10583 9333 10323 9114 11497 10977 13782 10030 8966 10302 7015 7495 11148 7165 10183 9609 11776 12045 14432 12668 10148 10645 8831 7613 12238 8198 10156 11009 10055 10879 14298 12070 12009 9991 13141 11511 12151 11697 11760 10882 11833 12313 13788 12254 10328 8248 
C34 11787 10632 12870 11277 10596 10464 11585 11240 15068 11068 11026 6224 11429 11351 11944 11420 10039 10188 10958 9469 14755 10432 10093 8470 9365 9564 11682 8532 9722 10222 10490 8975 13975 8823 9601 9654 9941 10691 12096 10304 9700 11573 10781 10730 13698 9231 9095 10623 8829 10055 13523 9773 10927 11275 10326 10552 14606 11424 9993 10292 10941 11148 13301 10792 10675 10701 11445 10821 13942 11712 11762 6775 
C35 3252 3423 4673 3468 4917 3259 3273 3455 5858 3979 3762 2278 3793 3207 3820 3961 3789 3700 2990 3103 4507 4077 3480 2954 3557 2733 4167 3546 3369 3048 3719 3535 4846 4214 3391 3875 2773 3298 3913 3080 2782 3567 3815 3990 4419 3129 3929 4532 3386 3700 4006 3386 3359 3662 3694 4351 5058 4276 4546 4131 3924 4447 6288 4175 3949 3535 4800 4558 4814 4429 4564 3025 
C36 2375 1907 1705 2601 2179 1452 2277 1897 3161 1908 3270 -250 2158 2487 1965 2188 2261 1687 2462 2455 2865 3182 2009 418 2095 2083 2375 1648 1553 1772 2320 2399 3329 2598 2578 729 2569 2860 2053 2329 2429 1514 2113 2426 2914 2269 2067 950 2158 2326 1949 2275 1526 2059 1324 1829 4139 2184 1813 1471 1437 1621 2203 2188 1428 1494 1514 1858 3649 2308 1821 1290 
C40 4276 4392 4567 4181 4247 3740 3792 3738 5932 4243 3371 1819 4306 4566 4362 3381 3589 3187 3970 3684 4997 3922 3942 3247 3670 3576 3987 3036 3013 3035 3992 4118 5766 3925 2557 3407 3795 2902 4913 3107 2757 3497 3774 3280 6002 3923 3268 4670 3480 4227 4065 3431 4019 2782 3261 3835 6204 3571 3688 4131 3765 4491 3938 4444 3887 2741 4613 4491 6001 3500 4460 3259 
C41 5201 4693 7821 4721 4416 5565 5000 4698 7915 5205 4467 5026 4952 5106 6750 5594 5155 5202 5352 5155 8626 6429 5698 5220 5884 6088 7557 6575 6265 4798 5490 6391 8899 6347 6237 4496 5818 6624 6731 7109 5998 5660 6593 5856 8221 7768 7081 2969 6725 6081 7142 6788 5749 5263 7380 6306 8505 7268 6800 1144 6569 5958 6414 5905 6504 4562 6107 7301 8003 6616 6861 826 
C43 3537 4590 6296 4477 5031 4171 5588 5400 9873 5325 4325 5337 3862 4329 6239 4514 4662 5068 5678 5634 8001 5334 4777 5207 5135 4981 6786 5011 5399 5107 5577 6962 8443 6026 5502 5066 5718 6107 5658 6255 5528 5326 6097 5774 8014 6051 6147 3987 5629 5271 5946 5381 5468 4979 6304 5845 9261 7235 6801 3001 6379 6475 6771 5934 6312 3822 5132 5335 8309 5890 6424 988 
C44 8943 8011 8415 8897 8017 7317 7652 7770 9501 8238 7519 626 8291 7093 8652 8145 7204 5273 7504 7842 10484 8448 7716 1943 8010 8323 9426 7502 7393 5922 8123 7870 9756 7569 7605 4227 7981 6957 9151 7527 7234 5808 6512 6649 9781 6924 6594 5735 7317 6943 9175 6210 5484 5666 6699 7055 9439 6284 6519 6596 6234 6589 9571 6463 6271 5910 7054 6546 9687 6470 6021 8493 
C45 4319 3427 3307 3541 2509 2553 3483 2737 4479 3603 2510 2674 3404 2388 3799 2800 3215 2266 2522 2729 4911 2622 2058 3045 2073 2686 3953 2661 2743 2238 2588 3100 4320 3213 3009 3886 3586 2881 2417 2452 3295 2586 2773 2476 4500 2787 3119 3263 3916 3295 4210 3989 3937 3053 2690 3414 4703 3383 3277 2479 3921 3439 4369 2507 2698 3175 3041 2922 4469 3478 2729 2162 
C51 5871 5540 6745 6402 6196 5581 6668 5875 7027 6695 6800 1324 6142 5663 6620 5672 6031 5313 6881 6818 6774 6466 6394 982 6257 5730 6157 6553 5554 5811 6991 6977 6225 6191 6869 3522 6585 6275 6319 6319 5456 6287 6297 5094 5476 6144 5786 5198 6039 6171 7133 5268 4901 5587 4532 5581 6559 6735 5277 5447 4902 6076 7507 4936 5871 5836 5601 4611 7220 6033 5068 6225 
C56 2755 4167 4081 3952 3319 2809 3720 3257 5452 4038 3842 1835 3406 4185 4060 2778 3165 3361 3260 2500 5400 3686 4050 2991 3129 2657 4213 2754 2716 3243 3192 3005 5795 1988 3576 3837 2589 3227 4600 2809 3257 2419 2626 2682 4989 2585 3010 3080 2860 2494 3306 1821 3232 3205 3659 3465 5601 3173 3925 3830 3599 2740 4110 4032 3592 3404 4309 3278 5000 3097 3685 2047 
C57 4540 4584 4133 4175 4828 3600 4797 4568 6100 4249 4228 556 4730 5010 4922 4407 4267 2996 3769 4325 6457 4166 5340 2116 3803 4561 4247 4087 3894 3735 3269 3937 6863 3648 4188 3303 3680 4379 5156 3026 3441 3008 3450 3455 5954 2692 3928 3924 4004 3986 4408 3237 3743 2764 2859 3425 6988 3373 3809 3845 4727 4114 4605 3386 4232 2808 3285 3758 5968 3665 4397 4129 
C73 2958 2684 2951 2461 2766 1492 2947 1870 3372 2526 3010 91 2927 3767 2240 2795 2813 2640 2952 2517 5058 3184 2984 206 2586 2534 2678 2381 3358 1675 2004 3685 4380 2816 2548 242 3065 3222 3337 2557 2276 3055 3314 2466 4095 2542 2198 1243 2731 2516 3346 2689 3311 3195 2803 2087 3284 3382 2149 1405 1800 2432 3679 2419 2237 1734 1952 2397 4566 2005 1412 1858 
C77 10433 11145 12620 11605 10337 11285 11406 10972 11427 11292 10622 599 11858 10669 12506 11955 11070 11396 10318 10560 10345 11393 11710 4047 11924 11968 13723 11506 12690 11428 11655 11176 11946 11536 12290 7005 11026 11409 13252 11028 10813 11395 10877 12077 13020 11529 11018 9115 10520 10044 12812 9535 9212 12141 11087 11547 11860 9910 11574 11977 10808 10811 12458 11356 10085 11001 10127 10786 12047 10490 11574 12341 
C78 4455 4346 5127 3730 4241 3494 2924 4221 6140 3884 4374 3279 3487 4435 4429 3381 3237 3604 4630 3744 6519 4007 4206 3938 3996 3405 4619 4235 3571 4115 3327 3289 6939 3150 3925 3410 3898 4607 4923 3712 2931 3565 3673 3627 5505 4346 3856 3918 4644 5206 3813 4792 4748 3827 4821 4923 6085 4237 5024 2733 4040 4372 5059 4559 4410 3699 4437 4636 5375 4044 4553 1519 
C80 3323 3960 4504 4659 3721 4275 4536 3280 5822 3882 3548 -230 4793 4334 3817 4450 3309 2773 3628 4012 5633 3763 3844 343 3581 3815 4171 4230 3947 3765 5104 4336 5771 3329 3484 1671 3937 4386 3779 3986 3594 3484 3912 3963 6306 3970 3570 2316 2881 3917 3617 3013 2813 3309 3307 3147 6036 3512 3906 3198 3163 3616 4522 3451 3470 3068 2629 3698 6063 2925 2558 3167 
C82 3891 5251 6981 3322 4729 4295 4728 3895 8422 4410 4304 4924 3447 4626 5354 4626 4644 4201 4560 4022 6693 4318 5019 3566 4591 5979 5026 4308 4738 4491 5557 5762 6671 4913 5911 2850 4771 4011 6037 4812 5065 3944 4068 4924 6965 5430 4576 2389 4871 5237 5546 5676 4837 4284 4200 4902 7373 4395 5177 88 5356 5578 6292 5701 5434 3682 5813 4890 6522 5146 4798 274 
D38 4542 4478 5173 4754 5607 2172 5179 4541 6532 5149 5568 1329 5450 4760 5721 5292 5120 2519 4488 4644 6420 4889 5221 2665 3876 3916 5997 4090 4109 3020 4399 3774 6621 3141 4126 3556 3692 4720 5850 3489 3910 2559 3863 3904 6310 3655 3859 4761 3016 3249 5651 2807 3733 2933 4020 4515 7000 4157 4274 4365 2930 4030 5896 4135 5105 2349 4456 4536 6069 4602 3480 4602 
D49 4051 4240 4036 3371 3635 3037 3362 3368 3894 4077 3836 1734 4105 3597 4372 4372 3352 3031 2737 3106 4698 3115 3279 2193 3223 3680 3851 2331 3086 2728 3497 3309 4321 2486 2879 3513 3299 2976 3968 2879 3399 3158 3148 2517 4336 2799 3094 3062 3106 2495 3740 3667 3876 2566 2908 2911 4526 3617 3882 3668 4064 3604 3533 3248 2392 2659 4335 3399 5461 3658 3882 1665 
D59 1248 1020 1059 1107 681 752 826 1022 791 841 822 -34 1027 677 1637 912 1047 374 871 945 2284 527 993 293 394 746 114 1042 889 897 1067 1442 1151 1245 515 353 937 438 979 1131 689 548 129 596 523 632 1039 279 1168 366 982 700 653 410 485 861 1174 776 519 1105 682 1262 1316 464 1065 1466 909 8 1356 1210 900 700 
D71 2503 3116 2537 2573 2657 1622 2816 3510 3194 2811 2626 855 2298 2563 3517 2338 3142 3074 2632 2743 3198 2349 2376 2391 2668 3027 3289 2934 3219 2243 2438 2142 3279 2179 2439 3116 2396 1504 2791 2728 3611 2350 2665 1790 3665 2832 2824 3550 2525 2322 3625 2179 2995 1830 3186 2681 3590 2927 2531 2686 2310 2795 3312 2807 2208 1776 3708 2878 3144 2650 3035 2435 
D80 2824 2716 3154 2716 3492 1726 2326 3012 3725 3157 3182 1553 2718 2983 3970 4247 2778 1862 2339 2452 5034 2591 1987 2574 2521 3124 3895 2328 2403 1277 1967 1688 4929 2304 2190 2441 1967 2145 3279 2728 2617 1998 2666 2722 4132 1732 2139 2599 2395 2423 3323 2881 3541 2270 2777 2826 3675 2400 2107 2684 1972 3492 3227 3300 3311 2837 3165 2703 4340 3422 2802 2333 
