1014 301409 301841 303560 302017 301198 298739 301047 300776 303307 300602 300649 300008 301008 300427 303015 300165 300560 298821 300104 300990 303404 299684 299323 300770 300447 300149 302057 299864 300400 298946 299588 299893 303943 299749 299574 301306 300250 300364 304129 299780 300246 298491 300806 299865 304032 299904 299937 301276 300502 301086 303308 300951 300907 299326 300848 301711 303781 301547 301650 299772 301817 301331 303142 301221 301692 298760 302339 301748 305003 300591 301505 299220 296879 
1020 671010 670777 671070 671681 671985 668442 670886 671166 672386 670789 670980 660274 671621 670337 671909 670898 671846 668996 670289 671022 672655 670679 670569 663210 671364 671132 671258 672652 671992 667841 671962 670839 675052 671304 670871 665354 672426 671029 671220 671615 671084 667767 670292 670426 673388 670233 669766 668143 670615 669923 671504 670619 670450 669354 670153 668984 673733 668698 669324 669218 668880 670390 671175 670366 670470 669191 669146 669352 673261 668824 668312 671650 661207 
1029 405535 405490 405306 404800 405383 404283 405275 406751 405758 405674 405326 400900 405353 404032 405872 405122 405271 403328 404874 404902 405634 405102 404571 403134 404734 404498 405852 404875 404018 402871 404040 403637 405726 402640 403478 404293 404511 403502 404720 404666 403255 404163 405819 403816 407051 404040 404310 404289 403943 403879 406285 403953 403988 403723 403508 404006 405595 404242 404335 405240 405148 405718 405183 404021 404959 403149 404189 405007 406417 405472 405009 403892 399087 
1030 218048 218419 218625 218041 217427 216533 217449 218592 218771 217697 217477 215729 217809 217874 218198 218653 218115 217082 217432 217826 218314 217981 218298 215497 218839 217933 218024 217891 217474 217293 217852 218011 220055 217459 216887 217086 217246 218302 218648 217731 217691 217088 217193 216423 218451 216715 216509 217372 217182 217565 218030 217417 217084 217737 216931 217524 219451 216837 217178 217876 217006 217191 218906 217630 217929 216742 217182 217341 219098 217680 217242 217608 214691 
1031 1190490 1191130 1192940 1189990 1188710 1191790 1187830 1188020 1195590 1190470 1191090 1189760 1190670 1188900 1192180 1188840 1188290 1190810 1187370 1188190 1194230 1189500 1190670 1190060 1192320 1191980 1192770 1191200 1190460 1191790 1188980 1190410 1195080 1190110 1189180 1190850 1191950 1192020 1192870 1192760 1191490 1191120 1192010 1191810 1195140 1191960 1194130 1185500 1192960 1193190 1193040 1192350 1191680 1190670 1190930 1191230 1193640 1192160 1192300 1182140 1192420 1191870 1192620 1193230 1192210 1191360 1194120 1192150 1194620 1193870 1191190 1180200 1174820 
1032 1181690 1181470 1182280 1181350 1182050 1177600 1180830 1181360 1183600 1180630 1181480 1175780 1180950 1180500 1183850 1179300 1180850 1178040 1180210 1180420 1181880 1178710 1179180 1179280 1178590 1178840 1183750 1178690 1178960 1177290 1178290 1179030 1184010 1178910 1178520 1180890 1177810 1177560 1182540 1178730 1177660 1177640 1176570 1177400 1184620 1178680 1179770 1180690 1179560 1179830 1182740 1179860 1180690 1176340 1180340 1180430 1184920 1181810 1180970 1179520 1180530 1181010 1182160 1181510 1181640 1177430 1181720 1181680 1184580 1181820 1181960 1175490 1164070 
1033 1497980 1499050 1503550 1499990 1499990 1499960 1499260 1499310 1506910 1498810 1497010 1500740 1497720 1497150 1501480 1497320 1500540 1499660 1500510 1501730 1506770 1501010 1499200 1500260 1498920 1499740 1502210 1499780 1499040 1500010 1500940 1502250 1507310 1503100 1502830 1498680 1501400 1502440 1502180 1501750 1502540 1499940 1502900 1501970 1506030 1500880 1501360 1494550 1500540 1501430 1501780 1499450 1500920 1498240 1500810 1502470 1504660 1504560 1503590 1490930 1502390 1501450 1502100 1501360 1499980 1499200 1501810 1500970 1505000 1501250 1502010 1484780 1480140 
1034 2381920 2385210 2384860 2383290 2384150 2381090 2385920 2385150 2389930 2385490 2382060 2368410 2381730 2382170 2386260 2382130 2382060 2382190 2381800 2381150 2388730 2382520 2380180 2376320 2380820 2378520 2385370 2377470 2378630 2382040 2380780 2379970 2390760 2382280 2379850 2382570 2379830 2376510 2385350 2378990 2378450 2380520 2379130 2381710 2390790 2382230 2383250 2381970 2380630 2379860 2383960 2379550 2379640 2381320 2381110 2381470 2390090 2383610 2384780 2378870 2383760 2384550 2384240 2385110 2382870 2380980 2383930 2384650 2390200 2385530 2384010 2374300 2349750 
1035 127555 128014 127927 127450 127231 126484 128086 127944 127901 127541 127583 126123 127382 127172 127325 127397 127461 127580 127363 128204 128158 126992 126971 128004 127002 126932 127324 127479 127187 127128 126942 127057 127697 126786 127483 127429 126823 127679 126792 127094 127443 127314 127408 127789 127330 127147 127374 127358 127052 127141 127417 127572 126938 127092 127681 128131 127824 126668 127701 126921 127763 127286 127485 127572 127467 127186 127548 127806 128828 127394 127509 126480 125648 
1036 1027550 1028960 1029980 1028440 1028610 1025360 1028560 1028630 1032040 1030410 1030680 1015210 1030000 1030020 1031010 1029540 1029180 1026700 1029950 1029760 1030580 1029720 1029660 1015270 1030080 1029730 1030020 1029060 1028660 1026970 1028020 1030090 1033380 1030880 1030250 1018750 1030630 1029940 1029690 1030590 1031250 1029370 1029960 1029620 1032910 1030680 1029140 1022860 1029050 1029400 1030630 1028150 1028350 1029190 1028050 1028150 1032810 1027390 1028080 1026920 1026510 1028310 1029720 1027490 1027150 1028300 1027860 1027220 1034390 1027090 1027480 1028050 1014580 
1037 437845 438167 438276 437973 438737 434685 438864 438736 439787 438134 438658 432345 437363 437452 437965 438628 437601 435752 438106 437255 440252 437280 437901 432668 437780 437563 439225 437972 438544 436283 438482 438184 439138 437657 437438 433784 438340 437853 439340 437533 437000 435858 438227 436955 440135 437918 436845 436000 436597 436326 438428 436386 436869 435552 436062 436284 440108 436651 436436 437995 436466 436076 438666 435662 435828 436303 436114 437057 439422 436410 436616 437581 431375 
1038 455567 454743 455481 454948 455495 452408 455269 456012 457641 455803 455777 450978 455922 455527 455933 455711 455970 452552 455791 456057 458345 455658 454160 452913 454434 454129 455905 454206 455069 453582 454340 454226 457306 454566 453890 453929 453186 453539 455685 454206 453496 452576 454409 454413 457211 453815 453860 455338 453871 452965 456197 453961 453461 452934 453898 454585 456872 454945 454928 455494 454120 453686 456011 455198 454502 452463 455210 455375 458047 455183 455132 453574 448556 
1041 698772 698521 700948 698936 698987 698653 698726 698539 702706 698933 698952 699456 699403 698537 701945 699714 699458 700311 698294 699171 702041 699522 699985 698891 700643 699516 700338 699060 701442 699472 701533 701125 702097 701839 701213 697385 700987 700604 701259 700378 701020 699807 700645 701600 701867 701889 701428 695344 700022 699990 701060 700411 701276 698152 699673 699650 701173 700093 700819 692538 700511 700962 700105 700737 700156 698304 700340 700354 700411 699956 699344 691442 690265 
1043 795824 794452 799159 796104 795449 794803 796440 796331 802321 796508 795422 796673 794992 795312 799958 795366 795611 794516 796057 796785 802229 796786 796216 797829 797036 796445 800258 796729 796391 793891 797116 797021 802652 797632 798454 796807 798292 798555 799915 798251 798656 795271 799307 798841 801983 799186 798789 794391 798535 798903 800041 798079 798077 794348 797631 799245 802360 799203 799926 791924 799232 800218 799526 799431 798549 794018 799005 798963 801711 799416 799243 788385 786698 
1044 1067190 1069160 1069400 1067570 1068470 1065140 1067230 1067410 1069830 1070230 1068960 1054000 1068870 1068010 1069240 1067790 1066480 1064430 1067690 1067680 1069940 1068350 1068870 1056880 1068860 1069340 1070950 1068820 1068120 1065990 1068260 1068660 1072290 1069800 1067470 1061420 1068600 1067820 1070510 1067800 1066980 1066290 1066950 1067500 1069820 1067340 1067800 1065080 1066710 1066900 1071040 1066270 1066420 1065530 1068300 1067150 1071740 1066640 1066290 1067640 1065380 1067220 1071370 1066010 1066580 1065680 1065520 1066580 1070640 1066620 1065120 1067700 1052830 
1045 735890 736540 736963 736616 736712 733803 735563 735631 739594 736575 735142 733921 734231 734987 736824 734135 734943 734228 733573 733983 738833 735154 734800 734537 734436 734358 737723 735668 734381 735774 734163 733653 739484 734314 735243 736124 734824 736438 736312 735967 734732 734249 736421 735175 739976 736174 734818 734892 735342 737402 737635 735761 736139 734324 736891 737190 739676 735966 736615 734241 736455 737085 737068 736744 735922 735516 736613 736602 738339 738076 736470 732163 725791 
1046 896954 896636 898652 895823 896481 897633 897841 896540 901389 897437 897560 897940 895960 896768 899888 896936 896997 897088 897126 898082 901682 896847 896994 898345 896820 898330 899107 897679 898532 897086 898648 897894 901941 899208 898505 896325 898593 898989 899740 899012 899176 896121 899067 899806 902539 900155 899069 894219 899544 898056 898804 897740 897551 896304 897988 898841 900784 899799 899721 890453 899410 899374 898497 899278 899828 896835 899294 898176 900274 898169 899353 887964 885784 
1048 374807 373456 375261 374154 373471 373410 373887 373571 374930 373598 373968 372594 372818 373003 374205 373537 372914 371640 372297 372887 375568 372738 372503 373675 372827 372918 374603 372668 372782 372266 373562 372889 375604 372993 373784 373588 373087 373272 375445 373752 374105 373181 373799 373985 376262 373315 373584 372661 374446 374842 374857 373805 373830 373719 375059 373599 376858 374329 374406 371688 374210 374322 375045 374032 374401 372640 375290 374764 375772 373560 374223 371534 368672 
1049 348388 348198 348704 349305 348468 347262 348591 348791 350348 349012 348667 346156 348390 349101 349529 348947 348174 346562 348654 348202 349774 348286 348360 346936 347908 348151 349823 347678 347146 347374 347901 347863 350809 348654 347967 348121 347390 347718 350297 347360 347371 347016 347316 346695 349591 348551 348011 348758 348506 349283 349867 348105 348255 347159 347866 347889 349441 347765 348358 348514 349418 348665 349866 349295 348997 347288 347983 348633 349984 348370 349193 348156 343632 
1050 210189 210216 210557 209464 210351 207625 210620 210094 211571 210542 210413 207072 210085 209749 210548 210044 210161 207549 210438 209398 210952 209622 209864 208520 209997 209850 210191 208939 209805 208247 209077 209285 211460 208732 208892 209109 208181 208330 211234 208905 209152 208353 208269 208205 211042 207382 208286 209275 208226 208335 211120 208217 208218 207956 208394 208077 211241 208514 208726 209539 208492 208573 210769 208798 208406 207986 208576 208683 212094 209129 208416 209132 206458 
1052 1582010 1582710 1585400 1582250 1582280 1577780 1582350 1580840 1586240 1582980 1581910 1561170 1583100 1582010 1582260 1582410 1582230 1578630 1581120 1582360 1586990 1581760 1584350 1565850 1583010 1582540 1584920 1584550 1584030 1578800 1582440 1582410 1587800 1584440 1580890 1571990 1581590 1582150 1584490 1581480 1582970 1578920 1580760 1581130 1587430 1579950 1580240 1578090 1579240 1580070 1585130 1578650 1578690 1580370 1579490 1578350 1588150 1579330 1578570 1581600 1578510 1579080 1585130 1578870 1579260 1579180 1579690 1579720 1588230 1579700 1579100 1583120 1559520 
1053 777952 778799 779516 778390 778044 772862 777498 777283 781291 778261 777624 772469 778189 777656 780602 778331 776732 772103 775749 776713 780533 776308 776977 774613 775952 775818 779206 775392 774408 773176 774285 774504 781477 775396 774524 777545 774982 775072 779169 774986 773412 772463 773471 774154 780712 774907 775015 777784 774986 775845 779039 775703 775162 772355 775453 775746 780890 776212 776175 776796 776142 777554 779173 778073 777587 772593 778331 778246 780296 777873 778202 775034 765969 
1054 588934 590031 590451 589284 588288 586441 588396 587119 591627 587821 586612 587356 588081 587336 589505 586854 587868 587226 586618 587276 591634 587863 587442 589980 587288 588062 590255 588519 587191 586693 587411 587847 592728 587423 587964 589261 587350 589542 590607 587925 588652 586930 589141 589021 591736 588973 590466 588552 590320 588875 590606 589196 589507 585743 589225 590183 592336 589493 589176 586568 590236 589817 590283 589420 590903 586522 589084 589113 591029 589893 589095 583931 580687 
1055 240611 240667 242103 241035 240140 239329 240968 240759 243306 241266 240548 241770 239921 240545 242449 240096 240037 239170 240907 240174 243912 240999 241398 241085 240414 240590 243293 241505 240891 239311 241336 241151 243101 241336 242444 240818 241249 242241 242265 241843 242576 238804 241801 243061 243334 241787 242369 240343 243046 241849 242045 241799 242169 239898 242650 241851 242752 242000 242342 239742 242415 241941 242281 242226 242442 240087 241860 242454 243165 242636 241930 239099 238161 
1056 726865 725566 728194 726633 725956 724256 726262 726988 729366 725883 726038 721856 726119 725885 726871 725110 725682 724248 725798 725331 728990 725607 726595 724283 725405 724982 727348 723918 723519 723790 725361 724213 728021 725102 724220 726052 724217 724443 727385 723472 724774 723467 725662 725116 729019 725348 725559 725642 724819 724509 726362 725214 724641 723379 724121 725147 728786 726109 726132 724636 725387 726704 728159 726178 726643 723175 727013 727289 729258 726962 726277 723384 715763 
1059 260273 260396 260246 260573 260219 259439 259996 260546 261298 260472 260891 256893 260669 259723 260917 260257 260265 259298 260641 259814 261641 260585 260219 258335 260841 259851 260746 260160 260351 258798 260445 259769 261480 259728 260164 258409 259618 258767 261602 259682 259739 259848 260401 259498 261300 259776 259485 260327 259120 259138 260766 259634 259198 259439 258622 260239 260944 260106 258962 259587 259813 259894 260194 259764 259908 259883 259555 259959 260562 259849 260003 260298 256436 
1062 233240 234575 234993 233358 234161 232842 234003 234017 236220 233717 234282 232620 233891 233488 235320 233099 232857 233010 233078 232865 235338 233084 233118 233191 232845 233228 235763 232657 233197 233126 232096 232240 236206 233148 232734 233167 233184 233458 235869 233379 233193 232704 233650 233426 235455 233487 233861 233224 233702 234959 235508 233788 234163 233453 234733 234511 235495 234490 234202 232869 234715 234741 234789 234202 234006 233135 234184 234486 235477 234468 233668 232505 230656 
1066 231486 231895 232339 231565 230956 230719 231900 231817 232876 231914 232038 230487 231472 231688 231452 231431 230913 230486 230786 231118 232704 230813 230701 230939 230717 231731 232054 231150 230669 230459 230612 230673 233492 230684 231227 231546 231088 230922 232407 230628 231640 230189 231385 230643 233741 231109 231704 230913 231269 230820 232169 231508 231742 230595 232159 231350 233036 231480 231595 230992 231662 231763 232457 231661 231745 231432 231826 231673 232783 232080 231444 229693 228285 
1069 394892 395264 396811 395950 394755 390895 395318 394921 397852 394756 395746 390298 394485 394941 396331 394886 394555 392355 395200 394626 397312 394780 394927 390775 393793 393842 396392 394963 394584 391623 394441 394292 398385 393312 392789 391199 392997 393510 397360 394057 392820 391899 392534 391913 397985 392125 391784 391856 392019 392979 396495 393085 392904 391434 391853 391699 397324 391888 391431 393543 392000 392279 397188 392502 393254 392209 393123 392127 397931 392360 392639 393250 388501 
1071 264870 264466 265418 265431 264729 264726 264367 264559 266036 265495 265355 262903 265542 265246 264750 264344 265258 263921 265181 265058 266484 264160 263732 263616 264113 264491 265709 264584 264297 263958 263916 264423 267163 264404 264323 265036 264719 263901 266207 264259 264191 263802 263690 264125 266509 264023 263207 264616 263916 264261 265296 264189 264128 264099 264665 264407 266486 264613 264346 264013 264562 264857 266242 264941 265021 263193 265320 265444 266374 265480 265443 264174 261107 
1072 418651 418276 418669 419035 418488 417109 418270 418517 419902 418733 418281 415042 418044 418171 418197 418105 418254 416739 418046 418449 419956 418157 417887 416982 418695 417423 419565 417574 417203 417336 416322 417591 419525 418507 418246 417911 417692 418022 419333 417928 417763 417187 416940 417304 419963 417804 417998 418447 417831 418833 419413 418688 417586 417883 417766 417241 419458 417680 418541 418195 418760 418073 418863 418778 418930 417724 418605 418251 419754 418629 419649 417002 412471 
1073 317823 316781 316703 316552 318088 313770 317735 317575 319168 317423 316629 312936 317146 317251 317075 317460 318247 315154 318029 317560 318332 317298 317241 313315 317525 316863 318201 317658 316963 315958 317188 317271 319412 317232 318197 313423 317610 317624 317911 317676 316925 315962 319208 318558 319733 318089 318091 314846 316894 317084 317422 318426 317535 316171 317941 317520 318978 316672 317227 315577 316411 317163 318127 315878 316652 315787 317258 316726 317722 316755 317638 317406 312800 
1077 454476 454482 454955 454970 454519 450475 454494 453993 455793 454677 454334 448727 455294 455344 454626 454867 454970 452140 454935 455016 456035 454190 453446 450737 453874 454061 455897 454064 453490 451556 454036 454002 455985 453973 453034 452485 453864 453454 455007 453339 454132 451574 454050 453086 456157 452625 453560 453004 452857 453294 455629 453386 453492 452074 452901 452654 456964 452160 453041 454333 452384 452608 455605 453743 453717 451694 453375 452852 456365 453629 453009 453735 447580 
1078 369081 369733 369473 368130 368212 365817 367753 368127 370202 367193 368556 367420 368013 368030 368614 366928 367476 366309 367211 367336 369772 367719 367296 367438 367103 367390 369941 367086 368044 366447 367088 367878 370574 367322 367413 368268 367782 368995 369481 367794 367888 366585 367075 368077 370460 367707 368057 367744 368370 368510 370196 368539 368673 366739 368276 367818 370436 368375 369037 366872 368294 368775 369073 368498 368821 365964 368419 368379 370370 368466 368421 365535 363081 
1079 889159 887777 888386 888734 888612 887098 887245 888281 892018 889142 888370 880302 888718 889261 889233 890219 888514 887849 889094 888836 890102 889180 888263 882160 888044 888406 889862 889157 887449 887321 888383 887885 892405 888236 886644 885790 887140 886523 889746 887598 887208 886981 886975 886231 892853 887123 886514 887410 887312 887755 889124 886798 888158 887165 887628 887493 893232 886224 887663 888831 887525 887857 889635 887318 887851 886143 887651 888123 893298 888900 888471 886262 875957 
1080 165990 166068 165626 165886 165740 164857 166341 165450 166182 165596 165168 163185 165979 165545 165717 165634 166440 164997 166089 165201 166438 165127 165365 163227 165765 165642 165880 165206 165804 164219 165813 165753 166568 165727 165360 163605 165539 165634 166279 165029 165141 164619 165910 165832 166637 165551 166450 164393 165489 165002 166782 165049 165975 165009 165285 164821 166391 165346 165295 165228 165113 164996 165512 164773 165658 164399 165044 165432 166953 165214 164660 165930 163199 
1081 2619870 2619460 2621830 2618380 2618060 2613660 2616310 2618520 2625520 2617390 2617770 2608010 2616260 2616030 2622950 2614910 2614120 2615650 2612950 2611200 2626560 2613880 2614080 2615170 2615430 2614380 2622140 2614310 2613290 2615270 2612850 2612070 2624790 2614390 2614210 2617200 2615350 2615360 2621970 2615430 2615150 2614490 2615410 2613680 2624330 2617330 2617030 2615760 2616470 2618930 2622370 2618780 2617700 2613440 2618390 2619630 2625930 2618800 2619960 2609940 2619800 2620840 2622340 2619520 2619860 2613370 2617080 2618720 2624430 2618960 2617140 2601740 2581290 
1082 857525 856852 859183 856423 856885 857980 857488 857349 861980 856804 858305 857983 859017 856720 860171 857515 856557 857146 857360 857541 861354 858257 858479 855720 859484 858351 859682 860299 859585 857189 858860 859496 861552 859306 860066 855480 858568 859120 858516 858419 858369 856794 858969 858067 860958 858015 859477 853255 860305 861070 860642 859698 860280 856810 858597 857916 861349 858753 858047 849661 857546 859466 857504 859648 859343 858992 861282 859759 860931 858834 858047 847642 846583 
1083 2600880 2602520 2601420 2602780 2602610 2597900 2600530 2603060 2610290 2602990 2599570 2585730 2599740 2598830 2604140 2599270 2597180 2598120 2598550 2598370 2609560 2597710 2596970 2594640 2596240 2595880 2603610 2596910 2596530 2597680 2596220 2596450 2610920 2596160 2595910 2599660 2594620 2595760 2601830 2596710 2596910 2596480 2598680 2596270 2609900 2599540 2597680 2599940 2596280 2598640 2602170 2597920 2599440 2598330 2598570 2601530 2609960 2602700 2601040 2598480 2601130 2602510 2602810 2601940 2602020 2596780 2601970 2601320 2612340 2603340 2601840 2590140 2564290 
1084 2284450 2288270 2288160 2286100 2286010 2283970 2285970 2286460 2294250 2288230 2286430 2266840 2285810 2286520 2290470 2286600 2286610 2283520 2285210 2283270 2293310 2283570 2283580 2276640 2284090 2284510 2289160 2282900 2282990 2283590 2282340 2280050 2294140 2279450 2282060 2281530 2282470 2282690 2288540 2280200 2281960 2283170 2279490 2279060 2294380 2280390 2281870 2285100 2282460 2283560 2289470 2283960 2283560 2283280 2281180 2283080 2293270 2281800 2282480 2283410 2284750 2284600 2291220 2284320 2286700 2283420 2285900 2285760 2295800 2286910 2285710 2280580 2253470 
1086 560428 560730 560438 560272 560261 559148 560783 561934 562948 560543 560418 554466 561005 560822 561157 561044 560209 559149 560916 560472 563501 560821 560922 556498 561274 562013 561442 560168 559685 558452 560012 559695 564255 560692 560519 558370 559284 561300 561596 559809 559097 558269 560123 559014 564194 559718 561015 558777 559292 559457 561089 558728 559486 559351 558651 559519 563581 559847 560315 560711 560051 559593 561519 560047 559718 559141 559771 559711 563277 561317 559687 560461 552630 
1090 598885 599102 599161 598915 598769 598006 598612 599866 600497 598287 598098 596499 599391 598252 599073 598532 598530 598993 597623 598577 600475 598065 598086 597482 597985 597992 599128 598012 598291 599223 597928 598099 599399 598349 598091 598820 598373 597947 598742 597960 599679 598719 598586 599259 599418 598416 599313 598724 598052 599420 599486 599036 599027 598793 598820 598501 599435 599397 599212 597520 599247 600175 599298 598556 599064 598693 598334 598978 599609 599489 598927 595623 590506 
2031 147157 146086 147217 146799 146513 146618 146763 145795 147200 147108 146487 146877 146706 146322 147209 146027 145777 146688 145869 146472 146340 146130 147001 146999 146600 147076 146220 146169 146786 147029 145992 146646 147542 146298 147305 146463 146882 147145 146487 146535 146582 147787 147296 146605 146772 147171 147562 146008 147014 146720 146542 146306 146676 146383 146708 146507 145976 146394 146596 145195 146709 146345 146695 146205 146657 146563 146397 146593 146529 146488 146333 144983 144584 
2033 153614 153885 153832 154534 154403 154206 155437 154101 155225 154192 153297 154468 154096 154479 154381 154407 154802 154063 154075 154789 155923 154404 155849 154795 153444 154305 154294 154738 154719 154176 154600 155007 155821 154499 155132 153636 155400 155733 155654 154891 154238 154262 154990 154174 155940 154685 154306 154307 155602 154009 154233 154846 154960 154167 155089 154733 155748 154929 153936 153169 154496 155076 155628 154911 154767 153990 154488 154810 155598 154725 154234 153063 152485 
2043 101892 102560 102620 101717 101958 102995 101702 101842 102798 102158 102126 102258 102453 102713 102100 101874 102278 102682 102682 102452 102677 102678 103233 102311 102424 103098 102687 102316 101957 102522 101652 101609 102450 102147 102643 102480 101711 102824 102733 102389 102398 102122 103417 102660 103145 102722 102566 102276 103233 102664 102897 102861 102780 103052 102448 102370 102620 102132 103340 101506 101763 102521 102865 102863 102617 102369 101765 102359 102183 101806 102090 100795 101008 
2045 95913 95017 96310 95125 95330 95434 95172 95523 95944 96377 96194 96143 96007 96236 95471 95613 96005 95828 96255 95801 96266 95341 95636 95240 95449 95781 96466 96032 95385 95355 96330 96839 96087 96195 96029 95964 96207 95728 95152 96271 96262 96208 94591 95465 96367 93748 95000 95824 95827 95591 96631 95997 95617 96023 96681 96103 95505 95505 95961 94967 95157 95508 95973 95229 95797 95845 95923 95276 95837 96046 94899 95211 94439 
2055 116315 116323 116351 116558 115913 116221 115912 115491 116836 115824 116461 115597 115495 116176 116051 116550 116215 116847 115702 116178 115950 115560 116239 116613 115524 115754 116612 116118 116953 116394 116060 116687 116484 116679 116505 115935 115921 116366 116513 116732 115989 116759 115907 117289 116668 116119 116104 115965 115761 116854 117278 116149 116954 115760 116262 116176 116812 116412 116166 114675 116691 115908 116102 116505 116385 116455 116661 116307 115761 116295 115907 114832 114637 
2070 128685 127833 128560 128050 127759 126859 128703 128065 127936 128148 128112 125511 127754 128773 128923 127742 127490 127197 128354 128732 128343 127934 127881 126495 128225 128584 127997 127384 128118 127346 126931 128318 128403 128443 128448 127806 127862 127242 127676 128535 127299 127656 128279 127999 127977 128280 128072 126822 127535 127973 128682 127104 127848 127293 128304 127824 128908 127764 127881 127750 127079 127893 128930 128094 128106 127620 126780 127778 128112 127842 127259 128559 126143 
2076 861511 861731 861390 861098 861062 861758 862862 861228 862017 861790 861486 855835 862511 862602 862229 862093 861948 861293 862280 860613 862532 861755 861049 857904 862088 862460 861801 861268 859956 860929 859786 859592 862954 860346 860462 860787 862010 860180 861494 860372 860473 861266 858806 858720 861513 859246 860985 861711 860467 861478 862145 862429 861041 862429 861684 859245 862455 860027 861660 861338 860548 862279 862517 862290 861569 862477 862258 861463 863128 862222 861857 859983 849463 
2077 755760 755351 755659 756135 755655 755691 755553 755408 753947 755869 754972 746608 756324 755190 755286 756906 756524 754652 755906 756004 756273 754162 755879 750363 755839 755846 757263 755880 755485 757006 756418 756330 755899 755177 755535 751865 755983 755639 756861 756600 755878 756106 755543 754638 755692 754149 753256 753515 754568 753710 756230 755289 754141 754876 753677 755271 755970 755267 754438 754781 754791 754747 757700 756272 755590 757372 754321 754326 755896 754225 754105 755553 744871 
2078 626818 626109 628165 626667 627015 626149 627165 626159 626989 627151 626324 622736 627090 625585 627190 625408 626398 627621 626805 626449 627497 626168 626123 625184 625235 624623 628244 625238 625593 626171 625491 625317 626485 626419 625189 625735 624678 624658 628844 626087 626020 626490 626132 625122 627540 625867 624634 626134 625014 624485 628495 625611 626371 626651 626500 626994 625890 624759 625723 625409 625059 625421 626087 626258 626789 625722 626518 626345 627713 626562 626982 624752 617576 
2081 893762 892635 894056 892593 895086 893393 893230 894095 893072 893733 893830 885503 893493 893440 893584 892897 894750 893195 893601 894011 894555 892912 893174 889524 891750 892417 894020 893217 893534 893435 892275 891016 893400 891731 891028 892725 892317 892931 895410 892196 893257 893041 893179 890964 894552 890708 890438 893568 890969 891902 894077 893174 894462 892838 894507 893111 894480 893007 892422 893558 892507 892956 893046 893113 893634 892646 894439 894267 893850 896049 893246 892362 880793 
2082 646474 646996 648025 646953 647947 648663 648004 647285 647302 647820 647125 645815 646182 645816 648543 646135 647796 648193 646322 648114 648180 647886 646201 646490 646118 645815 647312 645837 646610 647639 647416 647513 648652 648264 647999 647655 645748 645892 646769 646145 645731 647569 646936 646887 648130 647770 648355 646801 647282 647908 648639 646886 648429 648077 648607 648129 648707 647641 647577 644928 647244 646553 647353 646464 646622 646666 646097 646609 648229 646828 648295 641911 638295 
2083 762465 761485 762088 761822 763222 762509 763263 762841 763765 762357 763599 756342 762443 762977 763018 763169 762389 762733 762814 762099 763011 761573 762424 760274 762894 762195 763340 762244 762543 761948 761228 761511 764487 760830 760596 760721 761713 761785 762742 761313 761619 761752 761322 761384 763334 761252 761151 762998 761164 761137 762971 762671 762332 762980 762615 761853 763262 761573 761657 762050 762621 762359 762404 763176 762605 763168 762406 763522 762677 763750 762855 761004 751786 
2084 787298 789132 789453 788262 788228 788636 789326 788528 790460 788003 790670 782248 790794 788974 789604 789991 789358 788398 789629 790424 790197 788978 788328 784735 788087 788324 790198 789256 789410 789100 789198 788196 790354 787355 787868 786777 787762 787974 791049 786588 788544 789829 787770 786594 791164 787736 788340 789501 788072 786878 789722 788636 786937 788795 787597 789052 789659 789267 788561 790314 787833 787719 789927 787934 787711 789602 788780 790374 790945 789769 788479 788932 777919 
2094 277445 276568 277198 277077 276774 275565 277090 277039 276715 275991 276558 273239 277008 275984 277236 276510 276783 276831 277143 277665 277282 277396 277059 274910 276333 277446 277559 276800 276704 276916 276818 277421 276441 277395 277185 275152 277060 276787 277622 276410 276071 276823 276833 277232 277266 275837 276355 275950 275665 275885 276681 276388 276817 276308 276534 276472 277903 276415 276539 276983 276718 275832 277067 275648 276668 276059 277078 276803 277884 276770 276818 277758 272893 
2095 284956 283949 285164 284496 284289 284583 284353 284224 284527 284628 284172 280266 285174 284417 284213 284589 283716 285219 284313 284142 283627 285201 284212 281293 283486 284266 284093 284245 284720 283976 285269 284432 284413 284759 284626 282300 284870 284307 284760 285297 284233 284488 284912 284365 285040 284334 283479 284853 284368 283686 284416 284136 284097 284462 283732 283690 284653 284435 284065 284881 284176 284097 284393 283673 284033 283791 284275 284740 284359 284230 284008 285327 280369 
2098 881241 880009 880661 881538 880162 879096 880925 880352 881885 880822 879955 868425 881263 879847 879856 880479 881449 879774 882802 880583 880310 880746 880990 870580 880518 882352 880044 881786 880608 880535 881386 881908 883457 882011 880922 872449 880848 882007 881959 882591 880711 880265 880796 881452 881765 881558 881773 879201 881635 879952 881583 879266 881234 880677 880255 878817 882517 880730 879270 879903 880202 878863 881644 880598 878069 881564 879775 879113 883420 880560 880257 881564 868330 
2347 169502 168664 169582 169426 168229 168207 168814 168836 170507 169754 168699 166922 168962 168544 168822 169400 169138 168650 169259 168784 170010 168351 169835 167264 169437 169283 169460 168766 168885 168067 169975 169804 169723 169781 169997 167554 168919 169663 169014 168735 169162 168098 169390 170071 169927 168803 169572 168014 169918 168529 169756 169197 168668 168342 169400 168657 169874 167997 168971 168862 169215 168446 169741 168424 168659 168936 169069 168610 171211 169472 168816 168536 166734 
3020 172099 172146 172186 171752 172073 170815 172482 171276 171977 171725 171738 168522 171986 172512 171305 172472 171934 171129 171943 171285 172547 170951 171558 169439 171137 171036 172574 171537 171753 171424 171563 171911 172802 171437 171806 170362 172166 170721 172202 172817 171670 170915 172290 171549 173407 171432 171328 170503 170822 171456 171668 171666 172429 171099 171924 171850 173422 171011 172054 171250 171739 171242 171818 171303 171296 170865 170671 171796 172013 170610 172083 171495 169257 
3030 448440 449856 448134 448217 447674 447750 448465 449057 451563 448773 447405 442794 448548 449100 450052 448214 447934 447261 449181 448478 450394 448811 448596 443740 447827 448642 448793 448680 448652 448749 449410 448456 449964 447988 449164 446008 447733 448571 449928 448121 447284 446683 447603 447280 451100 446568 445732 447058 447814 446308 449041 447458 447304 448040 447138 447162 450935 447934 446833 447540 447491 447478 448636 448081 446523 447760 448773 447182 451248 448204 447837 447205 441977 
3032 778806 779089 779294 779292 779989 779348 779798 779659 783523 779222 778387 774835 776638 777603 779559 778547 779555 777229 780355 778479 782195 777623 776515 776860 775625 776109 778755 777505 778495 777286 779669 779149 781954 778202 777138 778474 775187 775667 779320 775337 778355 777781 779948 780217 782604 780840 778320 778817 777003 775785 780410 776370 778328 779181 778227 779051 782470 780242 780181 778163 781313 779683 780323 779869 779932 779054 780005 780485 781960 780426 778500 776420 768172 
3034 790791 789636 791874 790281 789600 789468 790589 790244 794072 790072 790030 785228 790433 790355 790948 790424 789043 789192 789962 788473 793759 789436 789097 787474 788369 788568 790686 787536 788726 789226 789494 787979 792979 787827 788605 788658 788945 789695 791100 789308 788704 790577 789785 789734 792702 788235 788099 789627 787833 789059 792527 788777 789931 790279 789330 789556 793610 790428 788997 789296 789945 790152 792305 789796 789679 789705 790449 789825 792946 790716 790766 785779 779004 
3035 279519 279690 280940 279735 281184 279526 279540 279722 282125 280246 280029 278545 280060 279474 280087 280228 280056 279967 279257 279370 280774 280344 279747 279221 279824 279000 280434 279813 279636 279315 279986 279802 281113 280481 279658 280142 279040 279565 280180 279347 279049 279834 280082 280257 280686 279396 280196 280799 279653 279967 280273 279653 279626 279929 279961 280618 281325 280543 280813 280398 280191 280714 282555 280442 280216 279802 281067 280825 281081 280696 280831 279292 276267 
3036 152846 152378 152176 153072 152650 151923 152748 152368 153632 152379 153741 150221 152629 152958 152436 152659 152732 152158 152933 152926 153336 153653 152480 150889 152566 152554 152846 152119 152024 152243 152791 152870 153800 153069 153049 151200 153040 153331 152524 152800 152900 151985 152584 152897 153385 152740 152538 151421 152629 152797 152420 152746 151997 152530 151795 152300 154610 152655 152284 151942 151908 152092 152674 152659 151899 151965 151985 152329 154120 152779 152292 151761 150471 
3040 285964 286080 286255 285869 285935 285428 285480 285426 287620 285931 285059 283507 285994 286254 286050 285069 285277 284875 285658 285372 286685 285610 285630 284935 285358 285264 285675 284724 284701 284723 285680 285806 287454 285613 284245 285095 285483 284590 286601 284795 284445 285185 285462 284968 287690 285611 284956 286358 285168 285915 285753 285119 285707 284470 284949 285523 287892 285259 285376 285819 285453 286179 285626 286132 285575 284429 286301 286179 287689 285188 286148 284947 281688 
3041 437394 436886 440014 436914 436609 437758 437193 436891 440108 437398 436660 437219 437145 437299 438943 437787 437348 437395 437545 437348 440819 438622 437891 437413 438077 438281 439750 438768 438458 436991 437683 438584 441092 438540 438430 436689 438011 438817 438924 439302 438191 437853 438786 438049 440414 439961 439274 435162 438918 438274 439335 438981 437942 437456 439573 438499 440698 439461 438993 433337 438762 438151 438607 438098 438697 436755 438300 439494 440196 438809 439054 433019 432193 
3043 410321 411374 413080 411261 411815 410955 412372 412184 416657 412109 411109 412121 410646 411113 413023 411298 411446 411852 412462 412418 414785 412118 411561 411991 411919 411765 413570 411795 412183 411891 412361 413746 415227 412810 412286 411850 412502 412891 412442 413039 412312 412110 412881 412558 414798 412835 412931 410771 412413 412055 412730 412165 412252 411763 413088 412629 416045 414019 413585 409785 413163 413259 413555 412718 413096 410606 411916 412119 415093 412674 413208 407772 406784 
3044 535754 534822 535226 535708 534828 534128 534463 534581 536312 535049 534330 527437 535102 533904 535463 534956 534015 532084 534315 534653 537295 535259 534527 528754 534821 535134 536237 534313 534204 532733 534934 534681 536567 534380 534416 531038 534792 533768 535962 534338 534045 532619 533323 533460 536592 533735 533405 532546 534128 533754 535986 533021 532295 532477 533510 533866 536250 533095 533330 533407 533045 533400 536382 533274 533082 532721 533865 533357 536498 533281 532832 535304 526811 
3045 233098 232206 232086 232320 231288 231332 232262 231516 233258 232382 231289 231453 232183 231167 232578 231579 231994 231045 231301 231508 233690 231401 230837 231824 230852 231465 232732 231440 231522 231017 231367 231879 233099 231992 231788 232665 232365 231660 231196 231231 232074 231365 231552 231255 233279 231566 231898 232042 232695 232074 232989 232768 232716 231832 231469 232193 233482 232162 232056 231258 232700 232218 233148 231286 231477 231954 231820 231701 233248 232257 231508 230941 228779 
3051 429555 429224 430429 430086 429880 429265 430352 429559 430711 430379 430484 425008 429826 429347 430304 429356 429715 428997 430565 430502 430458 430150 430078 424666 429941 429414 429841 430237 429238 429495 430675 430661 429909 429875 430553 427206 430269 429959 430003 430003 429140 429971 429981 428778 429160 429828 429470 428882 429723 429855 430817 428952 428585 429271 428216 429265 430243 430419 428961 429131 428586 429760 431191 428620 429555 429520 429285 428295 430904 429717 428752 429909 423684 
3056 250267 251679 251593 251464 250831 250321 251232 250769 252964 251550 251354 249347 250918 251697 251572 250290 250677 250873 250772 250012 252912 251198 251562 250503 250641 250169 251725 250266 250228 250755 250704 250517 253307 249500 251088 251349 250101 250739 252112 250321 250769 249931 250138 250194 252501 250097 250522 250592 250372 250006 250818 249333 250744 250717 251171 250977 253113 250685 251437 251342 251111 250252 251622 251544 251104 250916 251821 250790 252512 250609 251197 249559 247512 
3057 298516 298560 298109 298151 298804 297576 298773 298544 300076 298225 298204 294532 298706 298986 298898 298383 298243 296972 297745 298301 300433 298142 299316 296092 297779 298537 298223 298063 297870 297711 297245 297913 300839 297624 298164 297279 297656 298355 299132 297002 297417 296984 297426 297431 299930 296668 297904 297900 297980 297962 298384 297213 297719 296740 296835 297401 300964 297349 297785 297821 298703 298090 298581 297362 298208 296784 297261 297734 299944 297641 298373 298105 293976 
3073 191818 191544 191811 191321 191626 190352 191807 190730 192232 191386 191870 188951 191787 192627 191100 191655 191673 191500 191812 191377 193918 192044 191844 189066 191446 191394 191538 191241 192218 190535 190864 192545 193240 191676 191408 189102 191925 192082 192197 191417 191136 191915 192174 191326 192955 191402 191058 190103 191591 191376 192206 191549 192171 192055 191663 190947 192144 192242 191009 190265 190660 191292 192539 191279 191097 190594 190812 191257 193426 190865 190272 190718 188860 
3077 803472 804184 805659 804644 803376 804324 804445 804011 804466 804331 803661 793638 804897 803708 805545 804994 804109 804435 803357 803599 803384 804432 804749 797086 804963 805007 806762 804545 805729 804467 804694 804215 804985 804575 805329 800044 804065 804448 806291 804067 803852 804434 803916 805116 806059 804568 804057 802154 803559 803083 805851 802574 802251 805180 804126 804586 804899 802949 804613 805016 803847 803850 805497 804395 803124 804040 803166 803825 805086 803529 804613 805380 793039 
3078 306384 306275 307056 305659 306170 305423 304853 306150 308069 305813 306303 305208 305416 306364 306358 305310 305166 305533 306559 305673 308448 305936 306135 305867 305925 305334 306548 306164 305500 306044 305256 305218 308868 305079 305854 305339 305827 306536 306852 305641 304860 305494 305602 305556 307434 306275 305785 305847 306573 307135 305742 306721 306677 305756 306750 306852 308014 306166 306953 304662 305969 306301 306988 306488 306339 305628 306366 306565 307304 305973 306482 303448 301929 
3080 272685 273322 273866 274021 273083 273637 273898 272642 275184 273244 272910 269132 274155 273696 273179 273812 272671 272135 272990 273374 274995 273125 273206 269705 272943 273177 273533 273592 273309 273127 274466 273698 275133 272691 272846 271033 273299 273748 273141 273348 272956 272846 273274 273325 275668 273332 272932 271678 272243 273279 272979 272375 272175 272671 272669 272509 275398 272874 273268 272560 272525 272978 273884 272813 272832 272430 271991 273060 275425 272287 271920 272529 269362 
3082 352003 353363 355093 351434 352841 352407 352840 352007 356534 352522 352416 353036 351559 352738 353466 352738 352756 352313 352672 352134 354805 352430 353131 351678 352703 354091 353138 352420 352850 352603 353669 353874 354783 353025 354023 350962 352883 352123 354149 352924 353177 352056 352180 353036 355077 353542 352688 350501 352983 353349 353658 353788 352949 352396 352312 353014 355485 352507 353289 348200 353468 353690 354404 353813 353546 351794 353925 353002 354634 353258 352910 348386 348112 
4038 319879 319815 320510 320091 320944 317509 320516 319878 321869 320486 320905 316666 320787 320097 321058 320629 320457 317856 319825 319981 321757 320226 320558 318002 319213 319253 321334 319427 319446 318357 319736 319111 321958 318478 319463 318893 319029 320057 321187 318826 319247 317896 319200 319241 321647 318992 319196 320098 318353 318586 320988 318144 319070 318270 319357 319852 322337 319494 319611 319702 318267 319367 321233 319472 320442 317686 319793 319873 321406 319939 318817 319939 315337 
4049 249078 249267 249063 248398 248662 248064 248389 248395 248921 249104 248863 246761 249132 248624 249399 249399 248379 248058 247764 248133 249725 248142 248306 247220 248250 248707 248878 247358 248113 247755 248524 248336 249348 247513 247906 248540 248326 248003 248995 247906 248426 248185 248175 247544 249363 247826 248121 248089 248133 247522 248767 248694 248903 247593 247935 247938 249553 248644 248909 248695 249091 248631 248560 248275 247419 247686 249362 248426 250488 248685 248909 246692 245027 
4059 61295 61067 61106 61154 60728 60799 60873 61069 60838 60888 60869 60013 61074 60724 61684 60959 61094 60421 60918 60992 62331 60574 61040 60340 60441 60793 60161 61089 60936 60944 61114 61489 61198 61292 60562 60400 60984 60485 61026 61178 60736 60595 60176 60643 60570 60679 61086 60326 61215 60413 61029 60747 60700 60457 60532 60908 61221 60823 60566 61152 60729 61309 61363 60511 61112 61513 60956 60055 61403 61257 60947 60747 60047 
4071 197722 198335 197756 197792 197876 196841 198035 198729 198413 198030 197845 196074 197517 197782 198736 197557 198361 198293 197851 197962 198417 197568 197595 197610 197887 198246 198508 198153 198438 197462 197657 197361 198498 197398 197658 198335 197615 196723 198010 197947 198830 197569 197884 197009 198884 198051 198043 198769 197744 197541 198844 197398 198214 197049 198405 197900 198809 198146 197750 197905 197529 198014 198531 198026 197427 196995 198927 198097 198363 197869 198254 197654 195219 
4080 203949 203841 204279 203841 204617 202851 203451 204137 204850 204282 204307 202678 203843 204108 205095 205372 203903 202987 203464 203577 206159 203716 203112 203699 203646 204249 205020 203453 203528 202402 203092 202813 206054 203429 203315 203566 203092 203270 204404 203853 203742 203123 203791 203847 205257 202857 203264 203724 203520 203548 204448 204006 204666 203395 203902 203951 204800 203525 203232 203809 203097 204617 204352 204425 204436 203962 204290 203828 205465 204547 203927 203458 201125 
