9.9_900_289_r1rho 7.80308 120.56112 1 203949 4080
9.9_900_289_r1rho 7.80303 120.56097 2 203841 4080
9.9_900_289_r1rho 7.80308 120.56082 3 204279 4080
9.9_900_289_r1rho 7.80311 120.56073 4 203841 4080
9.9_900_289_r1rho 7.80302 120.56052 5 204617 4080
9.9_900_289_r1rho 7.80307 120.56112 6 202851 4080
9.9_900_289_r1rho 7.80300 120.56143 7 203451 4080
9.9_900_289_r1rho 7.80304 120.56087 8 204137 4080
9.9_900_289_r1rho 7.80301 120.56052 9 204850 4080
9.9_900_289_r1rho 7.80306 120.56107 10 204282 4080
9.9_900_289_r1rho 7.80305 120.56079 11 204307 4080
9.9_900_289_r1rho 7.80298 120.56094 12 202678 4080
9.9_900_289_r1rho 7.80306 120.56089 13 203843 4080
9.9_900_289_r1rho 7.80306 120.56070 14 204108 4080
9.9_900_289_r1rho 7.80297 120.56130 15 205095 4080
9.9_900_289_r1rho 7.80300 120.56073 16 205372 4080
9.9_900_289_r1rho 7.80308 120.56084 17 203903 4080
9.9_900_289_r1rho 7.80304 120.56109 18 202987 4080
9.9_900_289_r1rho 7.80311 120.56093 19 203464 4080
9.9_900_289_r1rho 7.80306 120.56108 20 203577 4080
9.9_900_289_r1rho 7.80297 120.56146 21 206159 4080
9.9_900_289_r1rho 7.80297 120.56129 22 203716 4080
9.9_900_289_r1rho 7.80305 120.56046 23 203112 4080
9.9_900_289_r1rho 7.80302 120.56087 24 203699 4080
9.9_900_289_r1rho 7.80305 120.56087 25 203646 4080
9.9_900_289_r1rho 7.80307 120.56067 26 204249 4080
9.9_900_289_r1rho 7.80306 120.56027 27 205020 4080
9.9_900_289_r1rho 7.80305 120.56077 28 203453 4080
9.9_900_289_r1rho 7.80306 120.56123 29 203528 4080
9.9_900_289_r1rho 7.80310 120.56088 30 202402 4080
9.9_900_289_r1rho 7.80296 120.56085 31 203092 4080
9.9_900_289_r1rho 7.80306 120.56152 32 202813 4080
9.9_900_289_r1rho 7.80305 120.56081 33 206054 4080
9.9_900_289_r1rho 7.80305 120.56122 34 203429 4080
9.9_900_289_r1rho 7.80306 120.56113 35 203315 4080
9.9_900_289_r1rho 7.80308 120.56099 36 203566 4080
9.9_900_289_r1rho 7.80299 120.56116 37 203092 4080
9.9_900_289_r1rho 7.80301 120.56044 38 203270 4080
9.9_900_289_r1rho 7.80302 120.56082 39 204404 4080
9.9_900_289_r1rho 7.80309 120.56126 40 203853 4080
9.9_900_289_r1rho 7.80306 120.56107 41 203742 4080
9.9_900_289_r1rho 7.80306 120.56110 42 203123 4080
9.9_900_289_r1rho 7.80304 120.56134 43 203791 4080
9.9_900_289_r1rho 7.80306 120.56135 44 203847 4080
9.9_900_289_r1rho 7.80298 120.56102 45 205257 4080
9.9_900_289_r1rho 7.80305 120.56131 46 202857 4080
9.9_900_289_r1rho 7.80309 120.56074 47 203264 4080
9.9_900_289_r1rho 7.80306 120.56116 48 203724 4080
9.9_900_289_r1rho 7.80306 120.56075 49 203520 4080
9.9_900_289_r1rho 7.80305 120.56081 50 203548 4080
9.9_900_289_r1rho 7.80308 120.56091 51 204448 4080
9.9_900_289_r1rho 7.80302 120.56040 52 204006 4080
9.9_900_289_r1rho 7.80303 120.56045 53 204666 4080
9.9_900_289_r1rho 7.80305 120.56102 54 203395 4080
9.9_900_289_r1rho 7.80308 120.56101 55 203902 4080
9.9_900_289_r1rho 7.80302 120.56130 56 203951 4080
9.9_900_289_r1rho 7.80305 120.56126 57 204800 4080
9.9_900_289_r1rho 7.80307 120.56104 58 203525 4080
9.9_900_289_r1rho 7.80303 120.56148 59 203232 4080
9.9_900_289_r1rho 7.80299 120.56100 60 203809 4080
9.9_900_289_r1rho 7.80306 120.56110 61 203097 4080
9.9_900_289_r1rho 7.80304 120.56045 62 204617 4080
9.9_900_289_r1rho 7.80308 120.56070 63 204352 4080
9.9_900_289_r1rho 7.80312 120.56039 64 204425 4080
9.9_900_289_r1rho 7.80300 120.56062 65 204436 4080
9.9_900_289_r1rho 7.80311 120.56077 66 203962 4080
9.9_900_289_r1rho 7.80300 120.56100 67 204290 4080
9.9_900_289_r1rho 7.80306 120.56079 68 203828 4080
9.9_900_289_r1rho 7.80305 120.56092 69 205465 4080
9.9_900_289_r1rho 7.80306 120.56067 70 204547 4080
9.9_900_289_r1rho 7.80308 120.56057 71 203927 4080
9.9_900_289_r1rho 7.80307 120.56125 72 203458 4080
9.9_900_289_r1rho 7.80305 120.56093 73 201125 4080
