B0 70.9577
B1 50
0
A14 107.25 123 90 100 123.7 126.5 129 135
A20 121 200 90 100 104 116
A29 114 129 90 100 103 104 108 114 129 135
A30 114 131 90 100 102 114 131 135
A31 105 120 90 105 120 124 127 136
A32 107.3 125 125 129 130.7 135 90 104.5
A33 104 116 90 100 116 120.5 123 136
A34 113 126 90 106 109 113 126 128 131 135
A36 122 136 90 115 119 122 
A37 120 137 90 112
A38 111.5 128.1 90 109.2
A41 100 116 90 100 116 117 121 138
A42 115 129 90 100 103 109 113 115 129 131.5
A43 100 118.3 90 100 122.1 136
A44 120 135 90 100 103 114
A45 109 122 90 100 106 109 122 130
A46 103 120 90 100 120 124 127 138
A48 108 122 90 108 122 126 127 135
A49 113 127 90 105 109 113 127 130
A50 115 131 90 111 115 117 131 135
A52 119 135 90 112.5 114.5 119
A53 112 127 90 107 111 112 127 129 132 135
A54 104.8 122 90 100 126.2 136
A55 100 119 90 100 122.3 136
A56 112 125 90 105 108.5 112 125 129 132.5 136
A66 111 125 90 104 107 111 125 127 130 136 
A69 116 135 90 112
A71 113 127 127 130.2 90 106 132.5 136
A72 113.5 126 90 106 109 113.5 126 129.5
A73 124 135 90 116
A77 116 135 90 110 113 116
A78 109 123 90 100 127.8 140
A79 117 130 90 111 113 117 130 131
A80 120 135 90 115
A81 109 125 90 104 107 109 125 126 129 135
A82 100 115 90 100 115 117 120.5 136
A83 111 126 90 105 108 111 126 128 131 135
A84 112 130 90 106 109 112 130 135
A86 116 131 90 110 113 116
1961 110 112 90 100
2070 110 112 90 100
2347 110 112 90 100
A59 110 112 90 100
A62 110 120 90 109 121 135
B31 110 112 90 100
B33 110 112 90 100
B43 110 112 90 100
B45 110 112 90 100
B76 116 122 90 115 122 135
B77 123.5 128 90 122.5 129 133
B78 117 121 90 116 122 135
B81 118 124 90 117 125 133
B82 110 112 90 100
B83 110 112 90 100
B84 118.5 125.5 90 117.5 126.5 133
B94 121 130 90 120 131 135
B95 110 112 90 100
B98 124.5 131 90 123.5 132 135
C20 110 112 90 100
C30 120 129 90 119 130 135
C32 113.2 122 90 112 123 135
C34 112 124 90 111 125 135
C35 114 121 90 113 122 135
C36 110 112 90 100
C40 115 125 90 114 126 135
C41 110 112 90 100
C43 105 113 90 100 114 135
C44 121.5 130.5 90 120.5 131.5 135
C45 110 112 90 100
C51 110 112 90 100
C56 114 125 90 113 126 135
C57 117 128 90 116 129 135
C73 110 112 90 100
C77 122 130 90 121 131 135
C78 109 120 90 108 121 135
C80 121 135 90 120
C82 121 112 90 100
D38 111.5 128.1 90 109.2
D49 113 127 90 105 109 113 127 130
D59 110 112 90 100
D71 113 127 127 130.2 90 106 132.5 136
D80 120 135 90 115
