0,30040
103,16150
103,19380
103,17420
103.25,14110
103.5,14260
103.75,15540
104,14180
104.25,10540
104.5,17950
104.75,16990
105,13500
105.25,9870
105.5,16280
105.75,16700
106,11860
106.25,13590
106.5,8580
106.75,20400
107,20470
107.25,18630
107.5,19310
107.75,10310
108,13460
108.25,8630
108.5,15910
108.75,22000
109,16460
109.25,13800
109.5,20730
109.75,15550
110,16220
110.25,11960
110.5,17140
110.75,16140
111,13320
111.25,17210
111.5,14220
111.75,11180
112,16340
112.25,7560
112.5,15510
112.75,9540
113,12400
113.25,14630
113.5,15990
113.75,4500
114,14580
114.25,13410
114.5,19140
114.75,13190
115,13370
115.25,15260
115.5,14280
115.75,14890
116,13390
116.25,15680
116.5,9580
116.75,11450
117,10250
117.25,5640
117.5,9290
117.75,11440
118,14490
118.25,9490
118.5,5520
118.75,8780
119,4450
119,5240
119,-2390
119.25,4770
119.5,-990
119.75,-2350
120,-2230
120.25,870
120.5,1510
120.75,3770
121,3290
121.25,11140
121.5,10620
121.75,9750
122,15080
122.25,16760
122.5,12940
122.75,11810
123,10720
123.25,16210
123.5,11800
123.75,15060
124,15440
124.25,8300
124.5,15360
124.75,15910
125,15810
125.25,13350
125.5,17080
125.75,5750
126,16680
126.25,12710
126.5,18550
126.75,17040
127,16340
127.25,10500
127.5,18570
127.75,16560
128,18110
128.25,12980
128.5,13590
128.75,13030
129,16110
129.25,17580
129.5,14740
129.75,14640
130,15070
130.25,14180
130.5,12990
130.75,16720
131,9770
131.25,13830
131.5,9580
131.75,15310
132,18020
132.25,17400
132.5,12610
132.75,17280
133,16600
133.25,20100
133.5,18190
