107,1569
107.3,652
107.6,718
107.9,970
108.2,983
108.5,1037
108.8,920
109.1,949
109.1,465
109.4,711
109.7,694
110,901
110.3,654
110.6,490
110.9,1499
111.2,964
111.5,1352
111.8,1251
112.1,778
112.4,1104
112.7,816
113,635
113.3,905
113.6,1051
113.9,657
114.2,1010
114.5,771
114.8,792
115.1,648
115.4,570
115.7,797
116,871
116.3,133
116.6,1067
116.9,648
117.2,927
117.5,387
117.8,685
118.1,145
118.4,433
118.7,692
119,-57
119.3,-53
119.6,503
119.9,157
120.2,42
120.5,254
120.8,414
121.1,246
121.4,382
121.7,406
122,791
122.3,718
122.6,118
122.9,822
123.2,874
123.5,1180
123.8,736
124.1,784
124.4,1463
124.7,587
125,961
125.3,477
125.6,660
125.9,747
126.2,752
126.5,909
126.8,1004
127.1,432
127.4,1057
127.7,994
128,1441
128.3,861
128.6,1141
128.9,733
129.2,341
129.5,717
129.8,1056
130.1,755
130.4,800
130.7,1328
131,285
131.3,1477
131.6,579
