B0 81.098761
B1 15
0
A14 107.25 123 90 100 123.7 126.5 129 135
A20 121 200 90 100 104 116
A29 114 129 90 100 103 104 108 114 129 135
A30 114 131 90 100 102 114 131 135
A31 105 120 90 105 120 124 127 136
A32 107.3 125 125 129 130.7 135 90 104.5
A33 104 116 90 100 116 120.5 123 136
A34 113 126 90 106 109 113 126 128 131 135
A36 122 136 90 115 119 122 
A37 120 137 90 112
A38 111.5 128.1 90 109.2
A41 100 116 90 100 116 117 121 138
A42 115 129 90 100 103 109 113 115 129 131.5
A43 100 118.3 90 100 122.1 136
A44 120 135 90 100 103 114
A45 109 122 90 100 106 109 122 130
A46 103 120 90 100 120 124 127 138
A48 108 122 90 108 122 126 127 135
A49 113 127 90 105 109 113 127 130
A50 115 131 90 111 115 117 131 135
A52 119 135 90 112.5 114.5 119
A53 112 127 90 107 111 112 127 129 132 135
A54 104.8 122 90 100 126.2 136
A55 100 119 90 100 122.3 136
A56 112 125 90 105 108.5 112 125 129 132.5 136
A66 111 125 90 104 107 111 125 127 130 136 
A69 116 135 90 112
A71 113 127 127 130.2 90 106 132.5 136
A72 113.5 126 90 106 109 113.5 126 129.5
A73 124 135 90 116
A77 116 135 90 110 113 116
A78 109 123 90 100 127.8 140
A79 117 130 90 111 113 117 130 131
A80 120 135 90 115
A81 109 125 90 104 107 109 125 126 129 135
A82 100 115 90 100 115 117 120.5 136
A83 111 126 90 105 108 111 126 128 131 135
A84 112 130 90 106 109 112 130 135
A86 116 131 90 110 113 116
