bf ppm
107
107.3
107.6
107.9
108.2
108.5
108.8
108.8
109.1
109.1
109.4
109.7
110
110.3
110.6
110.6
110.9
111.2
111.5
111.8
112.1
112.4
112.7
112.7
113
113.3
113.6
113.9
114.2
114.5
114.8
114.8
115.1
115.4
115.7
116
116.3
116.6
116.9
116.9
117.2
117.5
117.8
118.1
118.4
118.7
119
119
119.3
119.6
119.9
120.2
120.5
120.8
121.1
121.1
121.4
121.7
122
122.3
122.6
122.9
123.2
123.2
123.5
123.8
124.1
124.4
124.7
125
125.3
125.3
125.6
125.9
126.2
126.5
126.8
127.1
127.4
127.4
127.7
128
128.3
128.6
128.9
129.2
129.5
129.5
129.8
130.1
130.4
130.7
131
131.3
131.6
131.6
