SS CSH unique_name 9.9_900_289_hh@1@1 9.9_900_289_hh@2@1 9.9_900_289_hh@3@1 9.9_900_289_hh@4@1 9.9_900_289_hh@5@1 9.9_900_289_hh@6@1 9.9_900_289_hh@7@1 9.9_900_289_hh@8@1 9.9_900_289_hh@9@1 9.9_900_289_hh@10@1 9.9_900_289_hh@11@1 9.9_900_289_hh@12@1 9.9_900_289_hh@13@1 9.9_900_289_hh@14@1 9.9_900_289_hh@15@1 9.9_900_289_hh@16@1 9.9_900_289_hh@17@1 
1014 8.050 117.044 1.00 1.03 0.95 0.99 1.03 0.99 0.95 0.99 
1020 8.445 129.386 78.85 1.14 1.04 0.95 1.03 1.00 1.02 1.07 0.81 
1029 7.197 121.312 0.98 0.94 1.04 1.03 1.00 0.98 0.94 1.00 
1030 8.948 125.025 0.35 1.02 1.04 0.97 0.98 0.98 1.05 1.14 0.81 
1031 9.168 111.970 0.98 0.99 1.00 0.98 0.93 1.12 0.96 1.00 
1032 7.656 118.216 1.33 1.02 1.03 1.02 0.97 0.98 0.98 1.11 0.83 
1033 8.933 109.866 0.99 1.01 0.99 0.98 0.93 1.10 0.99 0.99 
1034 8.242 118.795 7.85 1.05 1.03 1.00 0.99 0.97 0.96 1.12 0.84 
1035 7.045 118.842 1.04 1.01 0.94 1.00 1.01 0.94 1.02 1.00 
1036 8.953 130.641 -1.49 1.19 1.04 0.91 1.06 1.02 1.02 1.06 0.81 
1037 8.860 127.908 0.98 0.92 1.06 1.05 1.06 0.95 1.00 1.01 
1038 8.500 122.277 1.30 1.03 1.00 1.05 0.95 0.99 1.01 1.13 0.81 
1041 8.378 107.759 1.02 1.00 0.99 0.97 0.91 1.16 1.00 1.02 
1043 8.445 110.333 1.47 0.97 0.99 1.03 1.01 0.96 0.93 1.24 0.81 
1044 8.032 127.211 1.01 0.90 1.10 1.03 1.01 0.98 0.99 1.00 
1045 9.496 115.906 0.60 1.00 1.03 1.03 1.00 0.97 0.94 1.16 0.84 
1046 7.152 110.756 1.01 1.00 0.98 0.97 0.94 1.09 0.97 1.02 
1048 7.534 115.412 0.41 1.01 1.03 1.04 0.97 0.96 0.95 1.16 0.82 
1049 8.749 119.762 1.01 0.97 0.99 1.00 1.03 1.01 0.97 1.02 
1050 8.707 124.435 0.41 1.01 1.08 1.09 0.94 0.96 1.12 1.15 0.78 
1052 8.979 126.817 0.99 0.91 1.08 1.04 1.03 0.98 0.98 1.01 
1053 8.193 119.895 0.39 1.00 1.04 1.05 0.94 0.97 1.02 1.13 0.82 
1054 8.092 114.321 1.01 1.03 0.97 0.98 0.99 1.04 0.97 1.01 
1055 8.408 110.583 0.25 0.92 0.99 1.08 0.97 1.00 0.95 1.29 0.79 
1056 7.811 119.113 0.99 0.97 1.00 1.00 1.00 1.01 0.95 1.00 
1059 9.003 123.741 0.23 1.09 1.01 1.01 1.02 1.00 1.01 1.11 0.81 
1062 7.884 115.981 1.01 1.03 1.00 0.97 0.96 1.05 0.99 0.96 
1066 8.106 117.896 1.27 1.04 1.06 1.09 0.97 0.99 0.96 1.21 0.84 
1069 8.291 125.096 1.01 0.96 1.03 1.06 1.03 0.96 0.96 1.02 
1071 8.614 120.341 0.63 1.07 1.05 1.04 0.96 1.01 1.03 1.15 0.81 
1072 8.704 120.105 1.00 0.97 1.02 0.98 1.02 0.99 0.97 0.99 
1073 8.276 132.357 0.43 1.17 0.99 0.95 1.06 1.04 1.01 1.05 0.74 
1077 8.894 124.392 1.01 0.93 1.01 1.02 1.06 0.96 0.99 1.00 
1078 8.509 115.519 0.82 0.98 1.02 1.07 0.96 0.95 0.99 1.21 0.81 
1079 8.423 123.125 0.99 0.91 1.03 1.03 1.02 0.99 0.98 1.01 
1080 8.554 128.940 0.08 1.04 1.00 0.95 1.01 0.96 1.08 1.09 0.77 
1081 8.498 116.464 1.00 0.97 1.00 0.99 0.98 1.05 0.97 1.01 
1082 7.777 107.408 0.19 0.97 0.99 0.97 1.06 0.99 0.89 1.19 0.83 
1083 8.374 118.223 0.99 0.97 1.01 1.00 0.99 1.03 0.97 1.00 
1084 7.403 120.965 0.83 1.07 1.03 1.00 0.99 0.97 0.99 1.10 0.84 
1086 8.743 123.777 1.00 0.95 1.04 1.02 1.05 0.96 0.99 1.01 
1090 8.242 116.726 1.12 1.01 1.01 1.00 1.00 0.95 0.94 1.11 0.85 
2031 8.313 111.421 1.10 0.99 1.06 1.01 0.94 1.18 0.97 1.00 
2033 8.335 109.775 2.03 0.99 1.01 1.07 1.01 1.00 0.92 1.31 0.77 
2043 8.351 110.689 0.98 1.01 0.97 0.91 0.88 1.09 1.01 1.03 
2045 8.255 108.571 0.86 1.12 0.97 0.91 1.00 0.92 0.99 1.13 0.81 
2055 8.175 110.907 0.99 1.07 0.98 0.94 0.96 1.11 0.99 0.96 
2070 10.018 128.472 1.18 1.06 1.07 0.96 0.95 1.05 1.02 1.10 0.80 
2076 8.226 120.441 1.00 0.94 1.04 1.01 1.00 1.02 0.95 1.00 
2077 8.250 126.669 0.77 1.12 1.01 0.94 1.02 1.02 0.98 1.03 0.84 
2078 7.980 119.575 0.99 0.94 1.02 1.00 1.01 1.01 0.95 1.00 
2081 8.272 121.459 2.03 1.10 1.03 0.97 1.01 0.98 0.98 1.07 0.86 
2082 7.887 114.584 1.01 0.98 1.00 0.97 0.95 1.07 0.97 1.00 
2083 8.271 121.089 1.52 1.10 1.03 0.97 1.00 0.97 0.97 1.06 0.86 
2084 7.878 122.591 0.99 0.92 1.04 1.03 1.00 1.01 0.96 1.00 
2094 8.061 126.638 0.21 1.13 1.00 0.95 0.98 0.96 1.01 1.05 0.84 
2095 8.235 127.435 1.00 0.91 1.12 1.05 0.99 1.03 0.98 1.00 
2098 7.906 128.988 -2.39 1.13 1.03 0.92 1.05 1.00 1.00 1.04 0.84 
2347 9.842 130.061 0.99 0.88 1.04 1.05 0.94 1.00 0.97 0.99 
3020 8.663 129.511 0.88 1.14 1.02 0.95 0.95 0.99 1.07 1.07 0.77 
3030 9.041 125.279 1.01 0.93 1.12 1.02 1.01 0.98 0.99 0.97 
3032 7.656 118.061 12.74 1.05 1.03 1.00 1.00 0.96 0.95 1.17 0.83 
3034 8.202 118.822 1.01 0.97 1.01 1.00 0.99 1.05 0.97 1.00 
3035 6.988 118.588 0.19 1.02 1.02 1.04 0.98 0.96 0.95 1.08 0.82 
3036 8.870 130.574 0.96 0.78 1.13 1.10 1.05 0.94 1.03 1.04 
3040 8.893 120.686 -5.34 1.02 1.05 0.98 0.98 0.99 1.02 1.15 0.81 
3041 8.484 107.908 1.00 1.02 1.02 0.98 0.91 1.11 0.97 1.04 
3043 8.445 109.831 1.20 0.99 1.00 1.01 1.03 0.98 0.91 1.27 0.79 
3044 7.975 126.746 0.99 0.91 1.07 1.03 1.04 0.97 1.00 1.02 
3045 9.455 115.745 0.29 0.99 1.00 1.01 1.02 0.98 0.95 1.30 0.81 
3051 8.348 127.654 0.99 0.88 1.09 1.05 1.00 1.00 0.99 0.99 
3056 7.716 118.751 0.74 1.03 1.06 1.04 1.01 0.98 0.97 1.14 0.80 
3057 8.710 123.440 1.00 0.95 1.07 1.03 1.02 0.99 0.97 1.01 
3073 8.331 132.763 0.32 1.17 0.98 0.94 1.15 0.98 1.02 1.10 0.75 
3077 8.342 127.184 1.00 0.89 1.10 1.03 1.00 0.98 0.99 1.01 
3078 8.510 115.134 0.33 0.98 1.02 1.03 1.00 0.98 0.95 1.24 0.81 
3080 8.391 129.518 0.98 0.87 1.10 1.06 0.97 1.02 0.96 1.03 
3082 7.737 107.267 1.84 1.01 0.98 0.96 1.06 0.99 0.90 1.28 0.80 
4038 8.653 121.717 1.01 0.97 0.99 1.03 1.05 0.98 0.97 0.99 
4049 8.779 119.461 0.65 1.02 1.04 0.98 0.98 0.98 1.01 1.13 0.83 
4059 9.117 123.555 1.00 0.89 0.99 1.06 1.27 0.96 1.20 0.96 
4071 8.741 120.627 -2.87 1.04 1.04 1.04 0.98 0.96 0.99 1.10 0.83 
4080 7.801 120.565 1.06 0.98 1.01 0.99 1.03 1.00 0.97 0.95 
