A14 2955 2930 2350 3409 4308 2607 5142 4829 2391 3319 2832 2609 3324 1538 8880 8539 
A20 611 830 8722 79 2346 8460 5085 7263 9182 10068 9882 9003 10531 10448 14649 14599 
A29 3309 2344 5113 2205 4329 6106 5158 6513 5634 5501 6584 5760 5960 2957 7988 7830 
A30 963 1557 1920 924 1782 1989 1409 3102 2644 3724 3219 2761 3857 2306 5306 4833 
A31 17870 15885 17984 16867 17789 17618 16658 14624 18430 8652 5029 18782 6261 1789 24650 24716 
A32 12960 13288 16514 13049 16966 16214 19341 20507 16227 15751 13690 15849 13684 10209 24645 26411 
A33 23340 22209 21523 23187 22517 21613 17960 15070 21950 10866 7466 22665 6213 4251 30694 29909 
A34 22670 22188 36550 23335 30100 36013 35858 38062 35936 33127 25031 35642 25691 16065 46565 49254 
A35 1671 2319 1112 1205 2473 1430 2609 2600 1900 1994 2175 1257 558 807 2601 2603 
A36 -1124 -875 14573 -1222 2259 14733 5391 9739 14850 14622 16833 14412 16726 15837 21136 20728 
A37 1333 563 4992 953 2366 4935 4082 6467 4470 7026 7271 4776 7886 7732 10903 11573 
A38 3455 3276 4762 3979 4104 4582 6915 7141 4722 7326 6954 5551 6162 4664 10635 11158 
A41 10475 11831 11373 11103 11107 10053 7886 5739 10352 2944 1307 11702 1762 2126 14211 15624 
A43 12120 11183 8350 12971 12594 8542 11076 8114 8754 6137 3112 10034 3983 920 17759 18162 
A44 2768 4088 15756 2894 5942 16909 10303 13927 15566 17075 18086 15913 18565 17643 23158 22955 
A45 10312 8873 8591 8442 10884 10409 12845 10152 9803 7952 5859 10947 5655 3623 15693 15166 
A46 11371 12059 10766 10972 12578 10965 10322 8113 10520 5509 3524 10726 4601 2593 14932 16661 
A48 5471 5049 5427 5686 7092 3965 5861 6876 5499 4723 2688 4852 2748 2121 8668 9313 
A49 2882 3323 4536 3419 4640 4441 5535 5437 4081 5209 4001 4229 3526 2386 7162 7944 
A50 787 1272 1573 327 1881 1141 3025 3411 1897 3823 2959 983 3386 3050 6055 5796 
A52 4030 2726 20921 5069 9295 20908 15766 21741 20620 25909 25107 21402 25815 22763 32498 33946 
A53 7423 8105 7718 7093 10838 7927 12231 13190 7155 13152 10098 8239 10074 6745 17469 18504 
A54 8730 9134 7116 9064 9404 7541 9965 8881 7183 6272 3969 6466 4460 2672 13327 13972 
A55 3890 4155 2057 4473 4216 2012 3859 2579 1710 1154 1122 1880 547 835 7048 6269 
A56 6958 6291 8982 6646 8356 8618 11522 11720 9973 9959 8751 9503 8889 4842 15768 15680 
A59 1823 1404 3803 1730 2141 2885 3220 3238 3796 3962 3983 3756 4117 2827 5813 6550 
A62 3011 3366 2346 3205 3057 2991 4261 3504 3526 2333 1389 2711 1247 1086 7240 6184 
A66 2970 2412 3499 2798 4448 2652 5071 3640 2909 3059 2773 3584 2546 781 6110 5298 
A69 1895 2455 4316 2663 2942 4117 3214 5530 4237 5351 5732 4031 6112 4443 12108 12858 
A71 2970 1583 3839 1468 3079 2891 4147 4465 3161 4209 4623 2982 3929 2884 7338 6942 
A72 3480 3443 5174 3800 4483 5358 6648 5831 5048 5871 4711 4202 4810 3446 9612 9132 
A73 -752 -52 3970 195 -53 3242 1738 2564 4156 3606 4594 3447 3813 5467 6898 8870 
A77 1762 2345 5920 2337 4097 4561 5985 7042 5089 8079 7034 4888 7079 6707 10757 10555 
A78 5700 4927 3914 5238 5971 3832 6527 5690 4001 4841 2502 3476 3165 1247 8895 9136 
A79 5556 4717 13576 4381 9277 12091 11386 14337 12895 14898 13493 12169 12877 10774 19002 20092 
A80 286 183 760 444 464 1529 729 1588 1771 2651 2011 1792 2943 2451 3813 4035 
A81 30529 29800 38672 30056 37416 37318 39879 38113 37544 31384 22049 36502 23036 15014 49891 52057 
A82 11892 14344 11947 12983 12411 11543 9141 7162 11958 4052 3018 12388 2684 2618 16504 16290 
A83 28757 27009 38482 28450 36845 39780 41711 40727 38933 34800 29587 38758 28164 20498 57960 57502 
A84 17611 18414 35598 17197 26260 35286 34520 38574 35120 37500 30598 34619 31049 23405 49061 49787 
A86 3017 2759 6165 2914 4806 7515 7488 8743 7394 10248 9406 6749 8217 7612 12959 13464 
A90 6739 6757 7600 7270 7820 8355 8152 8363 8195 7667 4166 8703 4570 4219 10565 10162 
B31 1327 2675 2472 2286 2364 3166 1723 1933 1396 525 118 2270 117 -328 2044 2104 
B33 2847 1612 1440 2004 2195 1884 3125 873 971 1231 1261 2170 655 350 4778 4840 
B43 1174 968 1447 1539 1549 1203 1675 723 1910 558 587 1488 753 855 1332 1680 
B45 1192 417 1377 1389 1124 1925 1022 904 907 791 74 854 727 577 1612 1920 
B55 1840 1757 1457 2302 1643 1403 1455 778 1351 885 554 1739 469 337 2211 1668 
B70 4 82 728 638 1436 1673 1219 1878 1293 1535 2133 1463 1761 1794 2993 2991 
B76 7103 7068 12048 6884 8806 12263 11635 12700 12548 12471 10546 12507 10156 5864 13027 13410 
B77 3016 2811 10828 3048 3969 11556 6376 9592 11095 10869 12357 11161 9770 10926 13043 13119 
B78 6133 5446 10521 5404 8228 9728 10799 11093 10111 10591 8609 9615 8807 4615 11339 11125 
B81 6059 5769 14895 6107 8754 15034 11936 13289 14616 12992 11233 12813 11201 9002 15479 15281 
B82 8698 9158 9830 8661 9358 9479 10230 8163 9731 6401 4989 9648 5261 3082 10407 10397 
B83 5324 4638 12219 5748 8506 12308 9848 11496 11304 11204 8979 11728 9306 7584 12520 13153 
B84 4392 4030 11623 4273 8588 12166 8791 11468 11999 12370 11104 11846 10859 7711 12417 12397 
B94 1128 1381 4559 1239 1353 3801 2419 3812 3275 4831 3781 3874 4152 3198 4586 4912 
B95 484 447 3094 590 1426 4458 2316 3709 4452 4052 3565 4426 4920 4302 4757 4641 
B98 3628 3031 13398 2193 4516 13131 5772 10015 14103 13881 14213 14918 15039 12537 15837 15960 
2347 89 -22 1901 -130 755 1319 1135 1852 2593 1650 2430 2459 2648 2205 4391 4219 
C20 -537 55 1848 -6 293 1894 1191 1869 1167 2875 2654 1122 2135 3176 4205 4143 
C30 1508 2057 6159 2273 2264 8021 4747 5988 6538 7280 7769 6631 6543 5949 12726 11268 
C32 8256 7763 11870 8305 10998 12487 12251 11765 11803 11122 7574 11632 7100 4374 18395 17272 
C34 8053 9098 12137 9454 11050 12531 13249 12897 13508 12270 9138 13629 9540 6554 18892 19071 
C35 2600 2225 2865 3109 3713 3620 4703 4376 3817 3536 2319 3800 2234 2928 5297 6193 
C36 249 -323 2511 -1262 457 2113 771 2071 1862 2580 2392 1551 2566 2976 3188 3765 
C40 2067 3085 3647 2224 3761 4379 3638 5198 4553 4623 4388 3196 3725 2323 7088 7617 
C41 6445 6650 6068 7176 5723 6622 5132 4115 6121 1666 1072 5301 580 -756 9577 11295 
C43 7026 6702 6063 5409 5652 5363 5701 4666 6125 1842 1097 4881 472 718 10738 10839 
C44 950 583 7269 1925 2602 6251 5775 7351 6162 8275 9202 7222 9076 9128 11226 12545 
C45 2002 3190 2944 2745 2671 3074 3443 2434 2840 2460 2102 2587 1284 10 5914 5404 
C51 1409 907 6907 1060 2411 6143 3409 5355 6383 6570 7306 7224 6728 6353 7112 6839 
C56 3067 2980 3992 2919 5118 3655 5009 4052 4262 3875 3359 3992 2884 2277 6927 8383 
C57 1237 1247 3697 1715 2593 4964 4170 5215 3923 4775 4720 4355 4470 3381 8831 9234 
C73 -433 -554 2014 161 -177 1914 787 1099 3520 3032 2663 2605 3014 3268 5109 5650 
C77 2358 2181 11792 2464 4803 12378 8018 10542 12485 12663 13093 11858 12639 11425 13117 13745 
C78 4286 4610 4038 4032 4729 4467 5659 5040 5234 3460 2607 4296 2357 738 8556 8633 
C80 380 -135 4549 254 1797 4551 1517 3251 5034 3953 3537 4161 5336 4121 7695 8571 
C82 5746 4626 4999 5502 4674 5381 3755 2998 5116 1278 929 5376 1264 484 9112 8914 
D38 2196 2709 3502 2564 3578 3040 4477 5583 4175 6116 3755 2940 4884 3574 8803 8470 
D49 2152 2301 2732 2080 3283 3862 3312 3971 3529 4103 3622 2656 3073 1899 5363 5271 
D59 259 288 742 -83 432 364 821 1251 559 2261 1455 1118 514 1775 1079 812 
D71 1403 1757 2674 1131 2021 2368 3223 2893 2476 3230 2328 2640 2422 1904 3952 4047 
D80 830 2219 2698 2340 2260 2571 3081 2790 2502 3197 2095 2186 2793 2024 5962 4594 
