x
9.9_900_289_hh 8.04948 117.04472 1 64920 1014
9.9_900_289_hh 8.04968 117.04404 2 64895 1014
9.9_900_289_hh 8.04945 117.04472 3 64315 1014
9.9_900_289_hh 8.04962 117.04594 4 65374 1014
9.9_900_289_hh 8.04969 117.04316 5 66273 1014
9.9_900_289_hh 8.04969 117.04365 6 64572 1014
9.9_900_289_hh 8.04957 117.04429 7 67107 1014
9.9_900_289_hh 8.04942 117.04429 8 66794 1014
9.9_900_289_hh 8.04953 117.04268 9 64356 1014
9.9_900_289_hh 8.04945 117.04368 10 65284 1014
9.9_900_289_hh 8.04972 117.04410 11 64797 1014
9.9_900_289_hh 8.04989 117.04285 12 64574 1014
9.9_900_289_hh 8.04967 117.04305 13 65289 1014
9.9_900_289_hh 8.04951 117.04419 14 63503 1014
9.9_900_289_hh 8.04964 117.04083 15 70845 1014
9.9_900_289_hh 8.04979 117.04099 16 70504 1014
9.9_900_289_hh 8.04961 117.04355 17 61965 1014
9.9_900_289_hh 8.44454 129.38575 1 122378 1020
9.9_900_289_hh 8.44454 129.38578 2 122597 1020
9.9_900_289_hh 8.44468 129.38772 3 130489 1020
9.9_900_289_hh 8.44454 129.38610 4 121846 1020
9.9_900_289_hh 8.44461 129.38662 5 124113 1020
9.9_900_289_hh 8.44447 129.38722 6 130227 1020
9.9_900_289_hh 8.44461 129.38677 7 126852 1020
9.9_900_289_hh 8.44473 129.38727 8 129030 1020
9.9_900_289_hh 8.44447 129.38666 9 130949 1020
9.9_900_289_hh 8.44470 129.38771 10 131835 1020
9.9_900_289_hh 8.44455 129.38839 11 131649 1020
9.9_900_289_hh 8.44462 129.38641 12 130770 1020
9.9_900_289_hh 8.44455 129.38788 13 132298 1020
9.9_900_289_hh 8.44468 129.38802 14 132215 1020
9.9_900_289_hh 8.44444 129.38631 15 136416 1020
9.9_900_289_hh 8.44465 129.38728 16 136366 1020
9.9_900_289_hh 8.44459 129.38701 17 121767 1020
9.9_900_289_hh 7.19685 121.31242 1 86596 1029
9.9_900_289_hh 7.19689 121.31227 2 85631 1029
9.9_900_289_hh 7.19675 121.31198 3 88400 1029
9.9_900_289_hh 7.19686 121.31289 4 85492 1029
9.9_900_289_hh 7.19695 121.31309 5 87616 1029
9.9_900_289_hh 7.19703 121.31061 6 89393 1029
9.9_900_289_hh 7.19699 121.31235 7 88445 1029
9.9_900_289_hh 7.19708 121.31245 8 89800 1029
9.9_900_289_hh 7.19695 121.31269 9 88921 1029
9.9_900_289_hh 7.19675 121.31365 10 88788 1029
9.9_900_289_hh 7.19672 121.31183 11 89871 1029
9.9_900_289_hh 7.19694 121.31056 12 89047 1029
9.9_900_289_hh 7.19699 121.31241 13 89247 1029
9.9_900_289_hh 7.19672 121.31305 14 86244 1029
9.9_900_289_hh 7.19670 121.31253 15 91275 1029
9.9_900_289_hh 7.19703 121.31186 16 91117 1029
9.9_900_289_hh 7.19689 121.31228 17 83287 1029
9.9_900_289_hh 8.94830 125.02541 1 43266 1030
9.9_900_289_hh 8.94805 125.02404 2 43860 1030
9.9_900_289_hh 8.94742 125.02916 3 44223 1030
9.9_900_289_hh 8.94775 125.03026 4 43227 1030
9.9_900_289_hh 8.94775 125.02826 5 44085 1030
9.9_900_289_hh 8.94762 125.02810 6 44292 1030
9.9_900_289_hh 8.94782 125.02841 7 43712 1030
9.9_900_289_hh 8.94791 125.02966 8 45405 1030
9.9_900_289_hh 8.94783 125.02687 9 44947 1030
9.9_900_289_hh 8.94765 125.02691 10 46027 1030
9.9_900_289_hh 8.94842 125.03117 11 45522 1030
9.9_900_289_hh 8.94758 125.02778 12 45064 1030
9.9_900_289_hh 8.94871 125.02950 13 46160 1030
9.9_900_289_hh 8.94781 125.03011 14 44609 1030
9.9_900_289_hh 8.94782 125.02802 15 47609 1030
9.9_900_289_hh 8.94760 125.02739 16 47136 1030
9.9_900_289_hh 8.94782 125.02841 17 42303 1030
9.9_900_289_hh 9.16783 111.96888 1 261468 1031
9.9_900_289_hh 9.16754 111.96998 2 259483 1031
9.9_900_289_hh 9.16766 111.96817 3 261582 1031
9.9_900_289_hh 9.16764 111.96896 4 260465 1031
9.9_900_289_hh 9.16772 111.96931 5 261387 1031
9.9_900_289_hh 9.16772 111.96840 6 261216 1031
9.9_900_289_hh 9.16762 111.96899 7 260256 1031
9.9_900_289_hh 9.16757 111.96931 8 258222 1031
9.9_900_289_hh 9.16768 111.96815 9 262028 1031
9.9_900_289_hh 9.16766 111.96940 10 252250 1031
9.9_900_289_hh 9.16777 111.96950 11 248627 1031
9.9_900_289_hh 9.16769 111.96839 12 262380 1031
9.9_900_289_hh 9.16775 111.96902 13 249859 1031
9.9_900_289_hh 9.16774 111.97022 14 245387 1031
9.9_900_289_hh 9.16765 111.96907 15 268248 1031
9.9_900_289_hh 9.16781 111.96836 16 268314 1031
9.9_900_289_hh 9.16769 111.96899 17 243598 1031
9.9_900_289_hh 7.65570 118.21650 1 278266 1032
9.9_900_289_hh 7.65574 118.21721 2 278594 1032
9.9_900_289_hh 7.65569 118.21628 3 281820 1032
9.9_900_289_hh 7.65576 118.21748 4 278355 1032
9.9_900_289_hh 7.65573 118.21870 5 282272 1032
9.9_900_289_hh 7.65576 118.21759 6 281520 1032
9.9_900_289_hh 7.65575 118.21688 7 284647 1032
9.9_900_289_hh 7.65576 118.21715 8 285813 1032
9.9_900_289_hh 7.65577 118.21732 9 281533 1032
9.9_900_289_hh 7.65572 118.21715 10 281057 1032
9.9_900_289_hh 7.65577 118.21924 11 278996 1032
9.9_900_289_hh 7.65574 118.21661 12 281155 1032
9.9_900_289_hh 7.65574 118.21755 13 278990 1032
9.9_900_289_hh 7.65575 118.21840 14 275515 1032
9.9_900_289_hh 7.65566 118.21788 15 289951 1032
9.9_900_289_hh 7.65570 118.21734 16 291717 1032
9.9_900_289_hh 7.65573 118.21745 17 265306 1032
9.9_900_289_hh 8.93348 109.86633 1 324769 1033
9.9_900_289_hh 8.93341 109.86586 2 323638 1033
9.9_900_289_hh 8.93348 109.86571 3 322952 1033
9.9_900_289_hh 8.93347 109.86645 4 324616 1033
9.9_900_289_hh 8.93349 109.86601 5 323946 1033
9.9_900_289_hh 8.93343 109.86532 6 323042 1033
9.9_900_289_hh 8.93350 109.86554 7 319389 1033
9.9_900_289_hh 8.93343 109.86664 8 316499 1033
9.9_900_289_hh 8.93349 109.86532 9 323379 1033
9.9_900_289_hh 8.93343 109.86707 10 312295 1033
9.9_900_289_hh 8.93343 109.86700 11 308895 1033
9.9_900_289_hh 8.93352 109.86528 12 324094 1033
9.9_900_289_hh 8.93337 109.86725 13 307642 1033
9.9_900_289_hh 8.93340 109.86793 14 305680 1033
9.9_900_289_hh 8.93355 109.86506 15 332123 1033
9.9_900_289_hh 8.93346 109.86478 16 331338 1033
9.9_900_289_hh 8.93346 109.86608 17 301429 1033
9.9_900_289_hh 8.24181 118.79476 1 534764 1034
9.9_900_289_hh 8.24181 118.79436 2 534282 1034
9.9_900_289_hh 8.24182 118.79403 3 548644 1034
9.9_900_289_hh 8.24182 118.79459 4 535429 1034
9.9_900_289_hh 8.24180 118.79479 5 542194 1034
9.9_900_289_hh 8.24183 118.79436 6 548107 1034
9.9_900_289_hh 8.24182 118.79477 7 547952 1034
9.9_900_289_hh 8.24183 118.79469 8 550156 1034
9.9_900_289_hh 8.24181 118.79426 9 548030 1034
9.9_900_289_hh 8.24181 118.79468 10 545221 1034
9.9_900_289_hh 8.24180 118.79455 11 537125 1034
9.9_900_289_hh 8.24181 118.79431 12 547736 1034
9.9_900_289_hh 8.24182 118.79480 13 537785 1034
9.9_900_289_hh 8.24181 118.79485 14 528159 1034
9.9_900_289_hh 8.24180 118.79422 15 558659 1034
9.9_900_289_hh 8.24176 118.79403 16 561348 1034
9.9_900_289_hh 8.24181 118.79450 17 512094 1034
9.9_900_289_hh 7.04596 118.84105 1 30982 1035
9.9_900_289_hh 7.04548 118.84163 2 31630 1035
9.9_900_289_hh 7.04468 118.83966 3 30423 1035
9.9_900_289_hh 7.04506 118.84116 4 30516 1035
9.9_900_289_hh 7.04544 118.84311 5 31784 1035
9.9_900_289_hh 7.04511 118.84183 6 30741 1035
9.9_900_289_hh 7.04532 118.83991 7 31920 1035
9.9_900_289_hh 7.04528 118.84143 8 31911 1035
9.9_900_289_hh 7.04449 118.84024 9 31211 1035
9.9_900_289_hh 7.04466 118.84100 10 31305 1035
9.9_900_289_hh 7.04516 118.84158 11 31486 1035
9.9_900_289_hh 7.04529 118.83835 12 30568 1035
9.9_900_289_hh 7.04474 118.84107 13 29869 1035
9.9_900_289_hh 7.04528 118.84206 14 30118 1035
9.9_900_289_hh 7.04525 118.84421 15 31912 1035
9.9_900_289_hh 7.04429 118.84102 16 31914 1035
9.9_900_289_hh 7.04506 118.84116 17 29311 1035
9.9_900_289_hh 8.95314 130.64133 1 177498 1036
9.9_900_289_hh 8.95316 130.64140 2 177747 1036
9.9_900_289_hh 8.95309 130.64181 3 193195 1036
9.9_900_289_hh 8.95312 130.64114 4 177400 1036
9.9_900_289_hh 8.95313 130.64126 5 180881 1036
9.9_900_289_hh 8.95315 130.64186 6 193355 1036
9.9_900_289_hh 8.95322 130.64219 7 184013 1036
9.9_900_289_hh 8.95323 130.64193 8 188361 1036
9.9_900_289_hh 8.95319 130.64213 9 193472 1036
9.9_900_289_hh 8.95315 130.64343 10 193244 1036
9.9_900_289_hh 8.95319 130.64343 11 195455 1036
9.9_900_289_hh 8.95315 130.64209 12 193034 1036
9.9_900_289_hh 8.95314 130.64387 13 195348 1036
9.9_900_289_hh 8.95313 130.64296 14 194459 1036
9.9_900_289_hh 8.95313 130.64251 15 199758 1036
9.9_900_289_hh 8.95314 130.64228 16 199350 1036
9.9_900_289_hh 8.95315 130.64224 17 178622 1036
9.9_900_289_hh 8.86020 127.90702 1 88654 1037
9.9_900_289_hh 8.86016 127.90752 2 87884 1037
9.9_900_289_hh 8.86015 127.90716 3 92313 1037
9.9_900_289_hh 8.86005 127.90697 4 88274 1037
9.9_900_289_hh 8.86016 127.90725 5 89687 1037
9.9_900_289_hh 8.86016 127.90746 6 92256 1037
9.9_900_289_hh 8.86011 127.90779 7 91403 1037
9.9_900_289_hh 8.86030 127.90848 8 93788 1037
9.9_900_289_hh 8.86028 127.90708 9 91791 1037
9.9_900_289_hh 8.86005 127.90760 10 94347 1037
9.9_900_289_hh 8.86013 127.90759 11 94592 1037
9.9_900_289_hh 8.86015 127.90782 12 92097 1037
9.9_900_289_hh 8.86018 127.90869 13 95207 1037
9.9_900_289_hh 8.86022 127.90819 14 95053 1037
9.9_900_289_hh 8.86007 127.90705 15 98224 1037
9.9_900_289_hh 8.86020 127.90742 16 98894 1037
9.9_900_289_hh 8.86016 127.90752 17 87321 1037
9.9_900_289_hh 8.50048 122.27665 1 98840 1038
9.9_900_289_hh 8.50054 122.27751 2 98661 1038
9.9_900_289_hh 8.50044 122.27741 3 100147 1038
9.9_900_289_hh 8.50042 122.27612 4 99364 1038
9.9_900_289_hh 8.50036 122.27799 5 99489 1038
9.9_900_289_hh 8.50035 122.27774 6 99967 1038
9.9_900_289_hh 8.50051 122.27938 7 102300 1038
9.9_900_289_hh 8.50050 122.27836 8 102526 1038
9.9_900_289_hh 8.50035 122.27651 9 100107 1038
9.9_900_289_hh 8.50037 122.27730 10 102711 1038
9.9_900_289_hh 8.50054 122.27876 11 102339 1038
9.9_900_289_hh 8.50050 122.27605 12 100936 1038
9.9_900_289_hh 8.50048 122.27869 13 101547 1038
9.9_900_289_hh 8.50040 122.27832 14 100049 1038
9.9_900_289_hh 8.50044 122.27739 15 106020 1038
9.9_900_289_hh 8.50037 122.27701 16 106543 1038
9.9_900_289_hh 8.50044 122.27758 17 95385 1038
9.9_900_289_hh 8.37832 107.75836 1 150075 1041
9.9_900_289_hh 8.37828 107.75923 2 151431 1041
9.9_900_289_hh 8.37836 107.75929 3 150973 1041
9.9_900_289_hh 8.37833 107.75868 4 150703 1041
9.9_900_289_hh 8.37837 107.75820 5 150707 1041
9.9_900_289_hh 8.37839 107.75893 6 149653 1041
9.9_900_289_hh 8.37840 107.75939 7 147486 1041
9.9_900_289_hh 8.37834 107.75925 8 145339 1041
9.9_900_289_hh 8.37838 107.75860 9 149952 1041
9.9_900_289_hh 8.37845 107.75969 10 142544 1041
9.9_900_289_hh 8.37827 107.75963 11 140907 1041
9.9_900_289_hh 8.37825 107.75825 12 151302 1041
9.9_900_289_hh 8.37835 107.75983 13 141362 1041
9.9_900_289_hh 8.37825 107.76096 14 141726 1041
9.9_900_289_hh 8.37803 107.75857 15 153811 1041
9.9_900_289_hh 8.37821 107.75785 16 155224 1041
9.9_900_289_hh 8.37831 107.75903 17 139600 1041
9.9_900_289_hh 8.44529 110.33266 1 165927 1043
9.9_900_289_hh 8.44516 110.33340 2 164990 1043
9.9_900_289_hh 8.44523 110.33306 3 162157 1043
9.9_900_289_hh 8.44522 110.33156 4 166778 1043
9.9_900_289_hh 8.44524 110.33250 5 166401 1043
9.9_900_289_hh 8.44523 110.33238 6 162349 1043
9.9_900_289_hh 8.44524 110.33264 7 164883 1043
9.9_900_289_hh 8.44521 110.33227 8 161921 1043
9.9_900_289_hh 8.44517 110.33222 9 162561 1043
9.9_900_289_hh 8.44528 110.33310 10 159944 1043
9.9_900_289_hh 8.44524 110.33339 11 156919 1043
9.9_900_289_hh 8.44526 110.33304 12 163841 1043
9.9_900_289_hh 8.44525 110.33346 13 157790 1043
9.9_900_289_hh 8.44526 110.33435 14 154727 1043
9.9_900_289_hh 8.44521 110.33205 15 171566 1043
9.9_900_289_hh 8.44521 110.33319 16 171969 1043
9.9_900_289_hh 8.44523 110.33282 17 153807 1043
9.9_900_289_hh 8.03207 127.21113 1 224310 1044
9.9_900_289_hh 8.03204 127.21066 2 225630 1044
9.9_900_289_hh 8.03213 127.21169 3 237298 1044
9.9_900_289_hh 8.03204 127.21128 4 224436 1044
9.9_900_289_hh 8.03203 127.21224 5 227484 1044
9.9_900_289_hh 8.03204 127.21078 6 238451 1044
9.9_900_289_hh 8.03197 127.21336 7 231845 1044
9.9_900_289_hh 8.03203 127.21308 8 235469 1044
9.9_900_289_hh 8.03208 127.21196 9 237108 1044
9.9_900_289_hh 8.03198 127.21351 10 238617 1044
9.9_900_289_hh 8.03197 127.21258 11 239628 1044
9.9_900_289_hh 8.03201 127.21139 12 237455 1044
9.9_900_289_hh 8.03199 127.21298 13 240107 1044
9.9_900_289_hh 8.03201 127.21231 14 239185 1044
9.9_900_289_hh 8.03204 127.21144 15 244700 1044
9.9_900_289_hh 8.03201 127.21141 16 244497 1044
9.9_900_289_hh 8.03203 127.21199 17 221542 1044
9.9_900_289_hh 9.49555 115.90559 1 165518 1045
9.9_900_289_hh 9.49549 115.90529 2 164079 1045
9.9_900_289_hh 9.49548 115.90480 3 163797 1045
9.9_900_289_hh 9.49546 115.90509 4 163648 1045
9.9_900_289_hh 9.49543 115.90556 5 166090 1045
9.9_900_289_hh 9.49544 115.90527 6 165615 1045
9.9_900_289_hh 9.49537 115.90557 7 168051 1045
9.9_900_289_hh 9.49557 115.90534 8 165358 1045
9.9_900_289_hh 9.49555 115.90474 9 165009 1045
9.9_900_289_hh 9.49553 115.90493 10 163158 1045
9.9_900_289_hh 9.49554 115.90475 11 161065 1045
9.9_900_289_hh 9.49545 115.90548 12 166153 1045
9.9_900_289_hh 9.49543 115.90583 13 160861 1045
9.9_900_289_hh 9.49550 115.90570 14 158829 1045
9.9_900_289_hh 9.49559 115.90538 15 170899 1045
9.9_900_289_hh 9.49538 115.90423 16 170372 1045
9.9_900_289_hh 9.49548 115.90522 17 155206 1045
9.9_900_289_hh 7.15165 110.75597 1 167585 1046
9.9_900_289_hh 7.15170 110.75640 2 168273 1046
9.9_900_289_hh 7.15167 110.75661 3 166980 1046
9.9_900_289_hh 7.15168 110.75600 4 167186 1046
9.9_900_289_hh 7.15179 110.75659 5 168792 1046
9.9_900_289_hh 7.15179 110.75516 6 167179 1046
9.9_900_289_hh 7.15175 110.75581 7 166536 1046
9.9_900_289_hh 7.15168 110.75597 8 164327 1046
9.9_900_289_hh 7.15173 110.75653 9 166734 1046
9.9_900_289_hh 7.15161 110.75638 10 161723 1046
9.9_900_289_hh 7.15163 110.75724 11 159738 1046
9.9_900_289_hh 7.15182 110.75545 12 166940 1046
9.9_900_289_hh 7.15175 110.75768 13 160815 1046
9.9_900_289_hh 7.15162 110.75776 14 158807 1046
9.9_900_289_hh 7.15174 110.75602 15 171146 1046
9.9_900_289_hh 7.15169 110.75689 16 172875 1046
9.9_900_289_hh 7.15170 110.75640 17 156214 1046
9.9_900_289_hh 7.53433 115.41186 1 91504 1048
9.9_900_289_hh 7.53431 115.41351 2 91082 1048
9.9_900_289_hh 7.53434 115.41220 3 91460 1048
9.9_900_289_hh 7.53429 115.41254 4 91719 1048
9.9_900_289_hh 7.53430 115.41205 5 93125 1048
9.9_900_289_hh 7.53434 115.41138 6 89998 1048
9.9_900_289_hh 7.53425 115.41159 7 91894 1048
9.9_900_289_hh 7.53434 115.41194 8 92909 1048
9.9_900_289_hh 7.53428 115.41113 9 91532 1048
9.9_900_289_hh 7.53423 115.41192 10 90756 1048
9.9_900_289_hh 7.53425 115.41161 11 88721 1048
9.9_900_289_hh 7.53427 115.41222 12 90885 1048
9.9_900_289_hh 7.53411 115.41149 13 88781 1048
9.9_900_289_hh 7.53429 115.41164 14 88154 1048
9.9_900_289_hh 7.53428 115.41162 15 94701 1048
9.9_900_289_hh 7.53421 115.41201 16 95346 1048
9.9_900_289_hh 7.53428 115.41192 17 86033 1048
9.9_900_289_hh 8.74909 119.76214 1 75629 1049
9.9_900_289_hh 8.74909 119.76219 2 76070 1049
9.9_900_289_hh 8.74909 119.76041 3 77283 1049
9.9_900_289_hh 8.74906 119.76214 4 76166 1049
9.9_900_289_hh 8.74919 119.76269 5 77387 1049
9.9_900_289_hh 8.74906 119.76168 6 77188 1049
9.9_900_289_hh 8.74925 119.76067 7 78282 1049
9.9_900_289_hh 8.74929 119.76326 8 78184 1049
9.9_900_289_hh 8.74913 119.76057 9 76828 1049
9.9_900_289_hh 8.74916 119.76109 10 77956 1049
9.9_900_289_hh 8.74912 119.76107 11 76748 1049
9.9_900_289_hh 8.74927 119.76171 12 76976 1049
9.9_900_289_hh 8.74922 119.76007 13 76273 1049
9.9_900_289_hh 8.74920 119.76307 14 75133 1049
9.9_900_289_hh 8.74929 119.76066 15 79909 1049
9.9_900_289_hh 8.74913 119.76021 16 80691 1049
9.9_900_289_hh 8.74916 119.76147 17 72747 1049
9.9_900_289_hh 8.70739 124.43488 1 42157 1050
9.9_900_289_hh 8.70767 124.43421 2 42642 1050
9.9_900_289_hh 8.70735 124.43146 3 42943 1050
9.9_900_289_hh 8.70729 124.43488 4 41697 1050
9.9_900_289_hh 8.70742 124.43512 5 43251 1050
9.9_900_289_hh 8.70738 124.43131 6 42511 1050
9.9_900_289_hh 8.70750 124.43424 7 44395 1050
9.9_900_289_hh 8.70747 124.43311 8 44781 1050
9.9_900_289_hh 8.70742 124.43200 9 43267 1050
9.9_900_289_hh 8.70717 124.43412 10 45193 1050
9.9_900_289_hh 8.70768 124.43470 11 44329 1050
9.9_900_289_hh 8.70765 124.43249 12 42353 1050
9.9_900_289_hh 8.70729 124.43285 13 44756 1050
9.9_900_289_hh 8.70733 124.43331 14 44420 1050
9.9_900_289_hh 8.70729 124.43050 15 47425 1050
9.9_900_289_hh 8.70736 124.43236 16 47166 1050
9.9_900_289_hh 8.70741 124.43320 17 41370 1050
9.9_900_289_hh 8.97923 126.81716 1 312550 1052
9.9_900_289_hh 8.97927 126.81674 2 311246 1052
9.9_900_289_hh 8.97926 126.81722 3 329441 1052
9.9_900_289_hh 8.97922 126.81730 4 313589 1052
9.9_900_289_hh 8.97922 126.81788 5 317815 1052
9.9_900_289_hh 8.97935 126.81710 6 329428 1052
9.9_900_289_hh 8.97927 126.81794 7 324286 1052
9.9_900_289_hh 8.97927 126.81794 8 330261 1052
9.9_900_289_hh 8.97925 126.81668 9 329140 1052
9.9_900_289_hh 8.97921 126.81847 10 334429 1052
9.9_900_289_hh 8.97920 126.81827 11 333627 1052
9.9_900_289_hh 8.97931 126.81729 12 329922 1052
9.9_900_289_hh 8.97925 126.81846 13 334335 1052
9.9_900_289_hh 8.97926 126.81796 14 331283 1052
9.9_900_289_hh 8.97926 126.81669 15 341018 1052
9.9_900_289_hh 8.97924 126.81666 16 342466 1052
9.9_900_289_hh 8.97925 126.81749 17 308520 1052
9.9_900_289_hh 8.19321 119.89483 1 173380 1053
9.9_900_289_hh 8.19323 119.89447 2 174062 1053
9.9_900_289_hh 8.19321 119.89498 3 173675 1053
9.9_900_289_hh 8.19329 119.89528 4 173050 1053
9.9_900_289_hh 8.19327 119.89448 5 176795 1053
9.9_900_289_hh 8.19327 119.89435 6 173884 1053
9.9_900_289_hh 8.19319 119.89506 7 178188 1053
9.9_900_289_hh 8.19323 119.89586 8 179147 1053
9.9_900_289_hh 8.19327 119.89336 9 173112 1053
9.9_900_289_hh 8.19324 119.89458 10 179109 1053
9.9_900_289_hh 8.19321 119.89575 11 176055 1053
9.9_900_289_hh 8.19321 119.89432 12 174196 1053
9.9_900_289_hh 8.19323 119.89466 13 176031 1053
9.9_900_289_hh 8.19328 119.89537 14 172702 1053
9.9_900_289_hh 8.19326 119.89418 15 183426 1053
9.9_900_289_hh 8.19324 119.89459 16 184461 1053
9.9_900_289_hh 8.19324 119.89475 17 165957 1053
9.9_900_289_hh 8.09199 114.32029 1 136894 1054
9.9_900_289_hh 8.09170 114.32130 2 137298 1054
9.9_900_289_hh 8.09184 114.31937 3 135280 1054
9.9_900_289_hh 8.09197 114.31945 4 137228 1054
9.9_900_289_hh 8.09186 114.32093 5 137568 1054
9.9_900_289_hh 8.09191 114.31972 6 135705 1054
9.9_900_289_hh 8.09187 114.32030 7 138129 1054
9.9_900_289_hh 8.09187 114.32039 8 137045 1054
9.9_900_289_hh 8.09182 114.31953 9 135347 1054
9.9_900_289_hh 8.09188 114.31994 10 134436 1054
9.9_900_289_hh 8.09181 114.31976 11 132133 1054
9.9_900_289_hh 8.09196 114.31785 12 134630 1054
9.9_900_289_hh 8.09187 114.32056 13 132624 1054
9.9_900_289_hh 8.09178 114.31991 14 130836 1054
9.9_900_289_hh 8.09186 114.31861 15 141491 1054
9.9_900_289_hh 8.09189 114.32012 16 142136 1054
9.9_900_289_hh 8.09187 114.31988 17 128164 1054
9.9_900_289_hh 8.40754 110.58340 1 51695 1055
9.9_900_289_hh 8.40785 110.58407 2 51960 1055
9.9_900_289_hh 8.40784 110.58364 3 49862 1055
9.9_900_289_hh 8.40774 110.58312 4 52278 1055
9.9_900_289_hh 8.40779 110.58618 5 52021 1055
9.9_900_289_hh 8.40798 110.58288 6 49817 1055
9.9_900_289_hh 8.40794 110.58326 7 51664 1055
9.9_900_289_hh 8.40795 110.58435 8 50384 1055
9.9_900_289_hh 8.40781 110.58342 9 49515 1055
9.9_900_289_hh 8.40787 110.58308 10 48959 1055
9.9_900_289_hh 8.40792 110.58397 11 48927 1055
9.9_900_289_hh 8.40788 110.58391 12 49685 1055
9.9_900_289_hh 8.40794 110.58285 13 48352 1055
9.9_900_289_hh 8.40777 110.58293 14 48640 1055
9.9_900_289_hh 8.40774 110.58185 15 54853 1055
9.9_900_289_hh 8.40766 110.58241 16 54074 1055
9.9_900_289_hh 8.40782 110.58345 17 47805 1055
9.9_900_289_hh 7.81073 119.11335 1 159426 1056
9.9_900_289_hh 7.81070 119.11278 2 158759 1056
9.9_900_289_hh 7.81067 119.11216 3 161450 1056
9.9_900_289_hh 7.81067 119.11238 4 159114 1056
9.9_900_289_hh 7.81057 119.11296 5 160824 1056
9.9_900_289_hh 7.81084 119.11184 6 161086 1056
9.9_900_289_hh 7.81072 119.11310 7 163990 1056
9.9_900_289_hh 7.81070 119.11291 8 164188 1056
9.9_900_289_hh 7.81071 119.11243 9 162441 1056
9.9_900_289_hh 7.81069 119.11266 10 162427 1056
9.9_900_289_hh 7.81067 119.11211 11 161219 1056
9.9_900_289_hh 7.81076 119.11209 12 161971 1056
9.9_900_289_hh 7.81081 119.11167 13 161357 1056
9.9_900_289_hh 7.81061 119.11278 14 157310 1056
9.9_900_289_hh 7.81069 119.11217 15 168236 1056
9.9_900_289_hh 7.81072 119.11200 16 168148 1056
9.9_900_289_hh 7.81070 119.11246 17 152468 1056
9.9_900_289_hh 9.00292 123.74131 1 56877 1059
9.9_900_289_hh 9.00291 123.73986 2 56458 1059
9.9_900_289_hh 9.00313 123.74263 3 58857 1059
9.9_900_289_hh 9.00315 123.74139 4 56784 1059
9.9_900_289_hh 9.00347 123.74164 5 57195 1059
9.9_900_289_hh 9.00299 123.74139 6 57939 1059
9.9_900_289_hh 9.00322 123.74393 7 58274 1059
9.9_900_289_hh 9.00335 123.74170 8 58292 1059
9.9_900_289_hh 9.00323 123.74090 9 58850 1059
9.9_900_289_hh 9.00306 123.74122 10 59016 1059
9.9_900_289_hh 9.00312 123.74245 11 59037 1059
9.9_900_289_hh 9.00286 123.74201 12 58810 1059
9.9_900_289_hh 9.00295 123.74162 13 59171 1059
9.9_900_289_hh 9.00337 123.74078 14 57881 1059
9.9_900_289_hh 9.00307 123.74279 15 60867 1059
9.9_900_289_hh 9.00281 123.74267 16 61604 1059
9.9_900_289_hh 9.00309 123.74179 17 55054 1059
9.9_900_289_hh 7.88405 115.97887 1 54468 1062
9.9_900_289_hh 7.88435 115.98116 2 54823 1062
9.9_900_289_hh 7.88407 115.97888 3 53803 1062
9.9_900_289_hh 7.88401 115.97749 4 54662 1062
9.9_900_289_hh 7.88380 115.97949 5 54514 1062
9.9_900_289_hh 7.88430 115.97913 6 54448 1062
9.9_900_289_hh 7.88429 115.97980 7 55718 1062
9.9_900_289_hh 7.88403 115.97916 8 54961 1062
9.9_900_289_hh 7.88391 115.97816 9 54983 1062
9.9_900_289_hh 7.88389 115.97939 10 53790 1062
9.9_900_289_hh 7.88437 115.98064 11 52846 1062
9.9_900_289_hh 7.88433 115.97948 12 54168 1062
9.9_900_289_hh 7.88403 115.97980 13 52704 1062
9.9_900_289_hh 7.88420 115.97881 14 52543 1062
9.9_900_289_hh 7.88447 115.98017 15 58697 1062
9.9_900_289_hh 7.88437 115.97800 16 57641 1062
9.9_900_289_hh 7.88416 115.97928 17 51457 1062
9.9_900_289_hh 8.10598 117.89600 1 57513 1066
9.9_900_289_hh 8.10630 117.89573 2 56955 1066
9.9_900_289_hh 8.10624 117.89512 3 58042 1066
9.9_900_289_hh 8.10594 117.89631 4 57341 1066
9.9_900_289_hh 8.10578 117.89642 5 58991 1066
9.9_900_289_hh 8.10576 117.89717 6 57195 1066
9.9_900_289_hh 8.10577 117.89516 7 59614 1066
9.9_900_289_hh 8.10608 117.89528 8 58183 1066
9.9_900_289_hh 8.10640 117.89600 9 57452 1066
9.9_900_289_hh 8.10591 117.89581 10 57602 1066
9.9_900_289_hh 8.10591 117.89730 11 57316 1066
9.9_900_289_hh 8.10583 117.89527 12 58127 1066
9.9_900_289_hh 8.10608 117.89644 13 57089 1066
9.9_900_289_hh 8.10582 117.89759 14 55324 1066
9.9_900_289_hh 8.10566 117.89529 15 60653 1066
9.9_900_289_hh 8.10570 117.89663 16 59841 1066
9.9_900_289_hh 8.10594 117.89608 17 54543 1066
9.9_900_289_hh 8.29077 125.09742 1 83897 1069
9.9_900_289_hh 8.29074 125.09631 2 84457 1069
9.9_900_289_hh 8.29074 125.09683 3 86318 1069
9.9_900_289_hh 8.29077 125.09602 4 84665 1069
9.9_900_289_hh 8.29079 125.09772 5 84944 1069
9.9_900_289_hh 8.29069 125.09727 6 86119 1069
9.9_900_289_hh 8.29069 125.09906 7 85216 1069
9.9_900_289_hh 8.29074 125.09866 8 87532 1069
9.9_900_289_hh 8.29076 125.09768 9 86239 1069
9.9_900_289_hh 8.29074 125.09698 10 87353 1069
9.9_900_289_hh 8.29079 125.09738 11 87734 1069
9.9_900_289_hh 8.29060 125.09844 12 86033 1069
9.9_900_289_hh 8.29082 125.09805 13 88114 1069
9.9_900_289_hh 8.29084 125.09747 14 86445 1069
9.9_900_289_hh 8.29077 125.09659 15 94110 1069
9.9_900_289_hh 8.29075 125.09719 16 94860 1069
9.9_900_289_hh 8.29075 125.09743 17 82002 1069
9.9_900_289_hh 8.61380 120.34053 1 63471 1071
9.9_900_289_hh 8.61359 120.33928 2 62084 1071
9.9_900_289_hh 8.61346 120.33873 3 64340 1071
9.9_900_289_hh 8.61356 120.33863 4 61969 1071
9.9_900_289_hh 8.61339 120.33848 5 63580 1071
9.9_900_289_hh 8.61327 120.34008 6 63392 1071
9.9_900_289_hh 8.61372 120.34078 7 64648 1071
9.9_900_289_hh 8.61368 120.33907 8 64966 1071
9.9_900_289_hh 8.61351 120.34030 9 63662 1071
9.9_900_289_hh 8.61343 120.34124 10 64710 1071
9.9_900_289_hh 8.61362 120.33897 11 65124 1071
9.9_900_289_hh 8.61351 120.33934 12 63483 1071
9.9_900_289_hh 8.61379 120.34057 13 64430 1071
9.9_900_289_hh 8.61335 120.33955 14 63385 1071
9.9_900_289_hh 8.61363 120.33838 15 67839 1071
9.9_900_289_hh 8.61363 120.34067 16 67443 1071
9.9_900_289_hh 8.61356 120.33966 17 60501 1071
9.9_900_289_hh 8.70338 120.10584 1 88538 1072
9.9_900_289_hh 8.70359 120.10508 2 88501 1072
9.9_900_289_hh 8.70325 120.10543 3 90232 1072
9.9_900_289_hh 8.70328 120.10493 4 88858 1072
9.9_900_289_hh 8.70340 120.10567 5 89541 1072
9.9_900_289_hh 8.70348 120.10455 6 90416 1072
9.9_900_289_hh 8.70358 120.10574 7 91706 1072
9.9_900_289_hh 8.70329 120.10531 8 90889 1072
9.9_900_289_hh 8.70355 120.10473 9 90106 1072
9.9_900_289_hh 8.70322 120.10646 10 90929 1072
9.9_900_289_hh 8.70329 120.10531 11 89769 1072
9.9_900_289_hh 8.70348 120.10462 12 89260 1072
9.9_900_289_hh 8.70340 120.10587 13 89868 1072
9.9_900_289_hh 8.70362 120.10569 14 88504 1072
9.9_900_289_hh 8.70304 120.10410 15 94670 1072
9.9_900_289_hh 8.70329 120.10531 16 94190 1072
9.9_900_289_hh 8.70329 120.10531 17 85058 1072
9.9_900_289_hh 8.27602 132.35652 1 50942 1073
9.9_900_289_hh 8.27567 132.35772 2 51642 1073
9.9_900_289_hh 8.27613 132.36080 3 55664 1073
9.9_900_289_hh 8.27589 132.35790 4 51889 1073
9.9_900_289_hh 8.27618 132.35757 5 51641 1073
9.9_900_289_hh 8.27597 132.35833 6 54936 1073
9.9_900_289_hh 8.27585 132.36002 7 53432 1073
9.9_900_289_hh 8.27593 132.36005 8 54258 1073
9.9_900_289_hh 8.27602 132.36016 9 55850 1073
9.9_900_289_hh 8.27580 132.35978 10 55300 1073
9.9_900_289_hh 8.27607 132.35990 11 56288 1073
9.9_900_289_hh 8.27627 132.35939 12 55141 1073
9.9_900_289_hh 8.27569 132.36106 13 55507 1073
9.9_900_289_hh 8.27600 132.36193 14 57161 1073
9.9_900_289_hh 8.27610 132.35949 15 58592 1073
9.9_900_289_hh 8.27549 132.35859 16 60564 1073
9.9_900_289_hh 8.27594 132.35936 17 51694 1073
9.9_900_289_hh 8.89387 124.39182 1 95988 1077
9.9_900_289_hh 8.89395 124.39237 2 96571 1077
9.9_900_289_hh 8.89422 124.39103 3 100146 1077
9.9_900_289_hh 8.89395 124.39277 4 96563 1077
9.9_900_289_hh 8.89401 124.39280 5 98323 1077
9.9_900_289_hh 8.89391 124.39194 6 98787 1077
9.9_900_289_hh 8.89405 124.39236 7 100211 1077
9.9_900_289_hh 8.89382 124.39218 8 101268 1077
9.9_900_289_hh 8.89395 124.39192 9 99315 1077
9.9_900_289_hh 8.89387 124.39348 10 102305 1077
9.9_900_289_hh 8.89394 124.39276 11 101260 1077
9.9_900_289_hh 8.89409 124.39274 12 99114 1077
9.9_900_289_hh 8.89396 124.39292 13 101305 1077
9.9_900_289_hh 8.89409 124.39262 14 100933 1077
9.9_900_289_hh 8.89398 124.39216 15 104983 1077
9.9_900_289_hh 8.89406 124.39069 16 104781 1077
9.9_900_289_hh 8.89398 124.39228 17 94226 1077
9.9_900_289_hh 8.50885 115.51900 1 84766 1078
9.9_900_289_hh 8.50902 115.51861 2 83993 1078
9.9_900_289_hh 8.50905 115.51818 3 82980 1078
9.9_900_289_hh 8.50887 115.51802 4 84304 1078
9.9_900_289_hh 8.50894 115.51953 5 85037 1078
9.9_900_289_hh 8.50882 115.52017 6 82898 1078
9.9_900_289_hh 8.50909 115.51872 7 85593 1078
9.9_900_289_hh 8.50895 115.51991 8 84756 1078
9.9_900_289_hh 8.50905 115.51927 9 83067 1078
9.9_900_289_hh 8.50888 115.51664 10 83907 1078
9.9_900_289_hh 8.50886 115.51948 11 81568 1078
9.9_900_289_hh 8.50885 115.51794 12 82542 1078
9.9_900_289_hh 8.50879 115.51830 13 82231 1078
9.9_900_289_hh 8.50899 115.51916 14 80313 1078
9.9_900_289_hh 8.50888 115.51844 15 87961 1078
9.9_900_289_hh 8.50892 115.51824 16 88202 1078
9.9_900_289_hh 8.50893 115.51872 17 79066 1078
9.9_900_289_hh 8.42276 123.12557 1 197080 1079
9.9_900_289_hh 8.42274 123.12516 2 196241 1079
9.9_900_289_hh 8.42272 123.12540 3 205100 1079
9.9_900_289_hh 8.42272 123.12543 4 195905 1079
9.9_900_289_hh 8.42275 123.12602 5 200801 1079
9.9_900_289_hh 8.42277 123.12445 6 203615 1079
9.9_900_289_hh 8.42271 123.12625 7 202910 1079
9.9_900_289_hh 8.42272 123.12458 8 205861 1079
9.9_900_289_hh 8.42279 123.12475 9 204419 1079
9.9_900_289_hh 8.42271 123.12559 10 206422 1079
9.9_900_289_hh 8.42272 123.12521 11 205017 1079
9.9_900_289_hh 8.42270 123.12436 12 203693 1079
9.9_900_289_hh 8.42276 123.12558 13 204401 1079
9.9_900_289_hh 8.42276 123.12514 14 202298 1079
9.9_900_289_hh 8.42276 123.12478 15 210526 1079
9.9_900_289_hh 8.42274 123.12509 16 211616 1079
9.9_900_289_hh 8.42274 123.12521 17 191524 1079
9.9_900_289_hh 8.55400 128.93954 1 27734 1080
9.9_900_289_hh 8.55396 128.93776 2 27631 1080
9.9_900_289_hh 8.55444 128.93951 3 28208 1080
9.9_900_289_hh 8.55411 128.93935 4 27892 1080
9.9_900_289_hh 8.55455 128.94104 5 27912 1080
9.9_900_289_hh 8.55400 128.94079 6 28977 1080
9.9_900_289_hh 8.55406 128.94063 7 28177 1080
9.9_900_289_hh 8.55402 128.94309 8 29036 1080
9.9_900_289_hh 8.55420 128.94022 9 29219 1080
9.9_900_289_hh 8.55435 128.94358 10 30099 1080
9.9_900_289_hh 8.55475 128.94296 11 29459 1080
9.9_900_289_hh 8.55425 128.94135 12 29240 1080
9.9_900_289_hh 8.55411 128.94548 13 30391 1080
9.9_900_289_hh 8.55418 128.94101 14 29899 1080
9.9_900_289_hh 8.55410 128.94129 15 31261 1080
9.9_900_289_hh 8.55399 128.93833 16 31483 1080
9.9_900_289_hh 8.55419 128.94103 17 27448 1080
9.9_900_289_hh 8.49820 116.46359 1 579784 1081
9.9_900_289_hh 8.49822 116.46388 2 579055 1081
9.9_900_289_hh 8.49825 116.46327 3 587927 1081
9.9_900_289_hh 8.49821 116.46369 4 579311 1081
9.9_900_289_hh 8.49820 116.46381 5 586671 1081
9.9_900_289_hh 8.49820 116.46328 6 586573 1081
9.9_900_289_hh 8.49818 116.46375 7 589134 1081
9.9_900_289_hh 8.49821 116.46372 8 587368 1081
9.9_900_289_hh 8.49822 116.46332 9 586799 1081
9.9_900_289_hh 8.49819 116.46390 10 580639 1081
9.9_900_289_hh 8.49821 116.46394 11 571304 1081
9.9_900_289_hh 8.49822 116.46325 12 585757 1081
9.9_900_289_hh 8.49821 116.46402 13 572291 1081
9.9_900_289_hh 8.49821 116.46446 14 564269 1081
9.9_900_289_hh 8.49817 116.46349 15 599146 1081
9.9_900_289_hh 8.49821 116.46312 16 601312 1081
9.9_900_289_hh 8.49821 116.46365 17 549255 1081
9.9_900_289_hh 7.77660 107.40816 1 172827 1082
9.9_900_289_hh 7.77661 107.40956 2 175279 1082
9.9_900_289_hh 7.77665 107.40879 3 172882 1082
9.9_900_289_hh 7.77665 107.40800 4 173918 1082
9.9_900_289_hh 7.77667 107.40788 5 173346 1082
9.9_900_289_hh 7.77643 107.40760 6 172478 1082
9.9_900_289_hh 7.77640 107.40776 7 170076 1082
9.9_900_289_hh 7.77661 107.40994 8 168097 1082
9.9_900_289_hh 7.77651 107.40772 9 172893 1082
9.9_900_289_hh 7.77666 107.40953 10 164987 1082
9.9_900_289_hh 7.77665 107.41028 11 163953 1082
9.9_900_289_hh 7.77661 107.40849 12 173323 1082
9.9_900_289_hh 7.77655 107.40958 13 163619 1082
9.9_900_289_hh 7.77663 107.41139 14 163553 1082
9.9_900_289_hh 7.77654 107.40860 15 177439 1082
9.9_900_289_hh 7.77662 107.40776 16 177225 1082
9.9_900_289_hh 7.77659 107.40880 17 160935 1082
9.9_900_289_hh 8.37395 118.22293 1 616723 1083
9.9_900_289_hh 8.37394 118.22286 2 614975 1083
9.9_900_289_hh 8.37395 118.22244 3 626448 1083
9.9_900_289_hh 8.37394 118.22286 4 616416 1083
9.9_900_289_hh 8.37396 118.22309 5 624811 1083
9.9_900_289_hh 8.37395 118.22246 6 627746 1083
9.9_900_289_hh 8.37394 118.22283 7 629677 1083
9.9_900_289_hh 8.37393 118.22268 8 628693 1083
9.9_900_289_hh 8.37395 118.22231 9 626899 1083
9.9_900_289_hh 8.37395 118.22276 10 622766 1083
9.9_900_289_hh 8.37395 118.22324 11 617553 1083
9.9_900_289_hh 8.37396 118.22229 12 626724 1083
9.9_900_289_hh 8.37393 118.22297 13 616130 1083
9.9_900_289_hh 8.37394 118.22327 14 608464 1083
9.9_900_289_hh 8.37390 118.22231 15 645926 1083
9.9_900_289_hh 8.37394 118.22225 16 645468 1083
9.9_900_289_hh 8.37394 118.22272 17 587966 1083
9.9_900_289_hh 7.40339 120.96501 1 532210 1084
9.9_900_289_hh 7.40339 120.96500 2 533013 1084
9.9_900_289_hh 7.40338 120.96479 3 550197 1084
9.9_900_289_hh 7.40341 120.96505 4 531796 1084
9.9_900_289_hh 7.40338 120.96522 5 540859 1084
9.9_900_289_hh 7.40339 120.96469 6 549885 1084
9.9_900_289_hh 7.40338 120.96555 7 549119 1084
9.9_900_289_hh 7.40340 120.96494 8 553173 1084
9.9_900_289_hh 7.40342 120.96475 9 549719 1084
9.9_900_289_hh 7.40338 120.96553 10 552099 1084
9.9_900_289_hh 7.40338 120.96529 11 545197 1084
9.9_900_289_hh 7.40338 120.96442 12 549218 1084
9.9_900_289_hh 7.40341 120.96544 13 545648 1084
9.9_900_289_hh 7.40339 120.96533 14 538004 1084
9.9_900_289_hh 7.40340 120.96414 15 563660 1084
9.9_900_289_hh 7.40338 120.96428 16 564386 1084
9.9_900_289_hh 7.40339 120.96496 17 514599 1084
9.9_900_289_hh 8.74304 123.77597 1 122476 1086
9.9_900_289_hh 8.74306 123.77659 2 122218 1086
9.9_900_289_hh 8.74311 123.77713 3 125624 1086
9.9_900_289_hh 8.74305 123.77701 4 122373 1086
9.9_900_289_hh 8.74305 123.77642 5 124265 1086
9.9_900_289_hh 8.74325 123.77632 6 126974 1086
9.9_900_289_hh 8.74314 123.77721 7 126947 1086
9.9_900_289_hh 8.74322 123.77740 8 128202 1086
9.9_900_289_hh 8.74315 123.77632 9 126853 1086
9.9_900_289_hh 8.74322 123.77688 10 129707 1086
9.9_900_289_hh 8.74299 123.77828 11 128865 1086
9.9_900_289_hh 8.74317 123.77770 12 126208 1086
9.9_900_289_hh 8.74327 123.77704 13 127676 1086
9.9_900_289_hh 8.74310 123.77746 14 127071 1086
9.9_900_289_hh 8.74313 123.77692 15 132418 1086
9.9_900_289_hh 8.74304 123.77688 16 132923 1086
9.9_900_289_hh 8.74313 123.77697 17 119459 1086
9.9_900_289_hh 8.24249 116.72636 1 126033 1090
9.9_900_289_hh 8.24248 116.72706 2 126051 1090
9.9_900_289_hh 8.24254 116.72606 3 126894 1090
9.9_900_289_hh 8.24257 116.72753 4 126564 1090
9.9_900_289_hh 8.24253 116.72619 5 127114 1090
9.9_900_289_hh 8.24256 116.72638 6 127649 1090
9.9_900_289_hh 8.24249 116.72692 7 127446 1090
9.9_900_289_hh 8.24254 116.72631 8 127657 1090
9.9_900_289_hh 8.24261 116.72580 9 127489 1090
9.9_900_289_hh 8.24254 116.72672 10 126961 1090
9.9_900_289_hh 8.24251 116.72736 11 123460 1090
9.9_900_289_hh 8.24251 116.72618 12 127997 1090
9.9_900_289_hh 8.24251 116.72717 13 123864 1090
9.9_900_289_hh 8.24250 116.72737 14 123513 1090
9.9_900_289_hh 8.24247 116.72609 15 129859 1090
9.9_900_289_hh 8.24249 116.72585 16 129456 1090
9.9_900_289_hh 8.24252 116.72658 17 119294 1090
9.9_900_289_hh 8.31309 111.41984 1 27524 2031
9.9_900_289_hh 8.31314 111.42103 2 28872 2031
9.9_900_289_hh 8.31307 111.41826 3 28669 2031
9.9_900_289_hh 8.31305 111.41999 4 28483 2031
9.9_900_289_hh 8.31291 111.41904 5 28561 2031
9.9_900_289_hh 8.31355 111.42190 6 29363 2031
9.9_900_289_hh 8.31319 111.42104 7 27920 2031
9.9_900_289_hh 8.31297 111.41819 8 28130 2031
9.9_900_289_hh 8.31294 111.41672 9 27593 2031
9.9_900_289_hh 8.31304 111.42184 10 26722 2031
9.9_900_289_hh 8.31321 111.42034 11 26315 2031
9.9_900_289_hh 8.31313 111.42142 12 28467 2031
9.9_900_289_hh 8.31326 111.41812 13 26314 2031
9.9_900_289_hh 8.31311 111.41997 14 25869 2031
9.9_900_289_hh 8.31322 111.42299 15 28241 2031
9.9_900_289_hh 8.31285 111.41746 16 28301 2031
9.9_900_289_hh 8.31309 111.41984 17 26197 2031
9.9_900_289_hh 8.33516 109.77463 1 35086 2033
9.9_900_289_hh 8.33539 109.77626 2 33851 2033
9.9_900_289_hh 8.33512 109.77473 3 33679 2033
9.9_900_289_hh 8.33513 109.77781 4 34243 2033
9.9_900_289_hh 8.33492 109.77451 5 34434 2033
9.9_900_289_hh 8.33475 109.77451 6 34123 2033
9.9_900_289_hh 8.33501 109.77690 7 35364 2033
9.9_900_289_hh 8.33501 109.77631 8 33112 2033
9.9_900_289_hh 8.33545 109.77504 9 33210 2033
9.9_900_289_hh 8.33509 109.77381 10 33470 2033
9.9_900_289_hh 8.33502 109.77667 11 33500 2033
9.9_900_289_hh 8.33477 109.77364 12 34409 2033
9.9_900_289_hh 8.33487 109.77463 13 32894 2033
9.9_900_289_hh 8.33513 109.77592 14 32589 2033
9.9_900_289_hh 8.33553 109.77566 15 37017 2033
9.9_900_289_hh 8.33475 109.77357 16 37079 2033
9.9_900_289_hh 8.33507 109.77528 17 32239 2033
9.9_900_289_hh 8.35109 110.68612 1 20618 2043
9.9_900_289_hh 8.35088 110.68880 2 20412 2043
9.9_900_289_hh 8.35098 110.69043 3 20891 2043
9.9_900_289_hh 8.35121 110.68702 4 20983 2043
9.9_900_289_hh 8.35081 110.68990 5 20993 2043
9.9_900_289_hh 8.35074 110.68635 6 20647 2043
9.9_900_289_hh 8.35060 110.68518 7 21119 2043
9.9_900_289_hh 8.35081 110.68826 8 20167 2043
9.9_900_289_hh 8.35091 110.68852 9 21354 2043
9.9_900_289_hh 8.35110 110.68844 10 20002 2043
9.9_900_289_hh 8.35096 110.69141 11 20031 2043
9.9_900_289_hh 8.35127 110.68962 12 20932 2043
9.9_900_289_hh 8.35037 110.68338 13 20197 2043
9.9_900_289_hh 8.35089 110.68999 14 20299 2043
9.9_900_289_hh 8.35135 110.68527 15 20776 2043
9.9_900_289_hh 8.35098 110.68718 16 21124 2043
9.9_900_289_hh 8.35093 110.68787 17 19444 2043
9.9_900_289_hh 8.25496 108.57056 1 17999 2045
9.9_900_289_hh 8.25461 108.57118 2 17224 2045
9.9_900_289_hh 8.25509 108.57072 3 18184 2045
9.9_900_289_hh 8.25459 108.57276 4 18196 2045
9.9_900_289_hh 8.25526 108.57321 5 17931 2045
9.9_900_289_hh 8.25476 108.56976 6 18732 2045
9.9_900_289_hh 8.25508 108.57242 7 17829 2045
9.9_900_289_hh 8.25471 108.57068 8 17711 2045
9.9_900_289_hh 8.25457 108.57205 9 17714 2045
9.9_900_289_hh 8.25498 108.57127 10 17598 2045
9.9_900_289_hh 8.25509 108.57095 11 16881 2045
9.9_900_289_hh 8.25509 108.56579 12 17661 2045
9.9_900_289_hh 8.25471 108.57522 13 17534 2045
9.9_900_289_hh 8.25501 108.57686 14 17384 2045
9.9_900_289_hh 8.25494 108.56592 15 18419 2045
9.9_900_289_hh 8.25539 108.58067 16 18727 2045
9.9_900_289_hh 8.25493 108.57192 17 16807 2045
9.9_900_289_hh 8.17592 110.91072 1 23684 2055
9.9_900_289_hh 8.17541 110.90685 2 23601 2055
9.9_900_289_hh 8.17581 110.90874 3 23301 2055
9.9_900_289_hh 8.17564 110.90700 4 24146 2055
9.9_900_289_hh 8.17550 110.90978 5 23487 2055
9.9_900_289_hh 8.17560 110.90966 6 23247 2055
9.9_900_289_hh 8.17555 110.90934 7 23299 2055
9.9_900_289_hh 8.17576 110.90934 8 22622 2055
9.9_900_289_hh 8.17560 110.90713 9 23195 2055
9.9_900_289_hh 8.17519 110.90980 10 22729 2055
9.9_900_289_hh 8.17534 110.90934 11 22398 2055
9.9_900_289_hh 8.17561 110.90562 12 23583 2055
9.9_900_289_hh 8.17534 110.91031 13 22313 2055
9.9_900_289_hh 8.17558 110.91144 14 22181 2055
9.9_900_289_hh 8.17564 110.90644 15 24055 2055
9.9_900_289_hh 8.17534 110.90796 16 23512 2055
9.9_900_289_hh 8.17555 110.90870 17 21844 2055
9.9_900_289_hh 10.01789 128.47199 1 23619 2070
9.9_900_289_hh 10.01779 128.47098 2 23697 2070
9.9_900_289_hh 10.01758 128.46649 3 24343 2070
9.9_900_289_hh 10.01772 128.47231 4 24253 2070
9.9_900_289_hh 10.01800 128.47111 5 25051 2070
9.9_900_289_hh 10.01790 128.47180 6 25288 2070
9.9_900_289_hh 10.01777 128.47161 7 24834 2070
9.9_900_289_hh 10.01799 128.47299 8 25493 2070
9.9_900_289_hh 10.01766 128.47177 9 24908 2070
9.9_900_289_hh 10.01803 128.47372 10 25150 2070
9.9_900_289_hh 10.01779 128.47394 11 25748 2070
9.9_900_289_hh 10.01794 128.47214 12 25078 2070
9.9_900_289_hh 10.01801 128.47168 13 25376 2070
9.9_900_289_hh 10.01781 128.47520 14 25409 2070
9.9_900_289_hh 10.01807 128.47378 15 26608 2070
9.9_900_289_hh 10.01779 128.46871 16 26606 2070
9.9_900_289_hh 10.01786 128.47189 17 23615 2070
9.9_900_289_hh 8.22622 120.44116 1 176137 2076
9.9_900_289_hh 8.22625 120.44141 2 176102 2076
9.9_900_289_hh 8.22625 120.44111 3 181082 2076
9.9_900_289_hh 8.22626 120.44057 4 175918 2076
9.9_900_289_hh 8.22626 120.44137 5 177840 2076
9.9_900_289_hh 8.22628 120.44110 6 181297 2076
9.9_900_289_hh 8.22626 120.44137 7 180669 2076
9.9_900_289_hh 8.22626 120.44169 8 181734 2076
9.9_900_289_hh 8.22626 120.43983 9 181582 2076
9.9_900_289_hh 8.22627 120.44141 10 181505 2076
9.9_900_289_hh 8.22626 120.44137 11 179580 2076
9.9_900_289_hh 8.22626 120.44016 12 181541 2076
9.9_900_289_hh 8.22624 120.44160 13 179190 2076
9.9_900_289_hh 8.22626 120.44154 14 174898 2076
9.9_900_289_hh 8.22628 120.44063 15 182061 2076
9.9_900_289_hh 8.22622 120.44053 16 182444 2076
9.9_900_289_hh 8.22626 120.44105 17 169034 2076
9.9_900_289_hh 8.25013 126.66915 1 146557 2077
9.9_900_289_hh 8.25017 126.66895 2 146352 2077
9.9_900_289_hh 8.25014 126.67017 3 154369 2077
9.9_900_289_hh 8.25016 126.66879 4 146589 2077
9.9_900_289_hh 8.25014 126.67013 5 147510 2077
9.9_900_289_hh 8.25015 126.66939 6 155097 2077
9.9_900_289_hh 8.25010 126.66979 7 149917 2077
9.9_900_289_hh 8.25013 126.67065 8 153133 2077
9.9_900_289_hh 8.25014 126.66941 9 154636 2077
9.9_900_289_hh 8.25014 126.67055 10 154410 2077
9.9_900_289_hh 8.25015 126.67021 11 155898 2077
9.9_900_289_hh 8.25010 126.66980 12 154702 2077
9.9_900_289_hh 8.25011 126.67304 13 153311 2077
9.9_900_289_hh 8.25017 126.67032 14 154467 2077
9.9_900_289_hh 8.25011 126.66968 15 156584 2077
9.9_900_289_hh 8.25014 126.66866 16 156660 2077
9.9_900_289_hh 8.25014 126.66992 17 143541 2077
9.9_900_289_hh 7.97970 119.57519 1 148295 2078
9.9_900_289_hh 7.97965 119.57503 2 147608 2078
9.9_900_289_hh 7.97969 119.57480 3 152683 2078
9.9_900_289_hh 7.97968 119.57513 4 147566 2078
9.9_900_289_hh 7.97966 119.57559 5 150390 2078
9.9_900_289_hh 7.97966 119.57405 6 151890 2078
9.9_900_289_hh 7.97968 119.57522 7 152961 2078
9.9_900_289_hh 7.97961 119.57547 8 153255 2078
9.9_900_289_hh 7.97962 119.57537 9 152273 2078
9.9_900_289_hh 7.97964 119.57541 10 152753 2078
9.9_900_289_hh 7.97962 119.57493 11 150771 2078
9.9_900_289_hh 7.97966 119.57483 12 151777 2078
9.9_900_289_hh 7.97963 119.57609 13 150969 2078
9.9_900_289_hh 7.97970 119.57584 14 146777 2078
9.9_900_289_hh 7.97964 119.57462 15 153501 2078
9.9_900_289_hh 7.97966 119.57472 16 153287 2078
9.9_900_289_hh 7.97966 119.57514 17 142162 2078
9.9_900_289_hh 8.27227 121.45918 1 190517 2081
9.9_900_289_hh 8.27227 121.45998 2 190227 2081
9.9_900_289_hh 8.27224 121.45876 3 199353 2081
9.9_900_289_hh 8.27227 121.45928 4 190565 2081
9.9_900_289_hh 8.27225 121.45959 5 193212 2081
9.9_900_289_hh 8.27220 121.45803 6 199492 2081
9.9_900_289_hh 8.27228 121.45953 7 196394 2081
9.9_900_289_hh 8.27229 121.45930 8 197747 2081
9.9_900_289_hh 8.27225 121.45865 9 199074 2081
9.9_900_289_hh 8.27228 121.45942 10 197450 2081
9.9_900_289_hh 8.27227 121.45967 11 195691 2081
9.9_900_289_hh 8.27226 121.45892 12 197271 2081
9.9_900_289_hh 8.27226 121.45946 13 195659 2081
9.9_900_289_hh 8.27225 121.45934 14 193460 2081
9.9_900_289_hh 8.27225 121.45891 15 199937 2081
9.9_900_289_hh 8.27227 121.45874 16 199739 2081
9.9_900_289_hh 8.27226 121.45917 17 184458 2081
9.9_900_289_hh 7.88735 114.58281 1 142191 2082
9.9_900_289_hh 7.88733 114.58379 2 142651 2082
9.9_900_289_hh 7.88734 114.58226 3 143323 2082
9.9_900_289_hh 7.88736 114.58330 4 142154 2082
9.9_900_289_hh 7.88732 114.58248 5 142851 2082
9.9_900_289_hh 7.88736 114.58233 6 142972 2082
9.9_900_289_hh 7.88728 114.58355 7 143723 2082
9.9_900_289_hh 7.88734 114.58255 8 141656 2082
9.9_900_289_hh 7.88738 114.58264 9 143224 2082
9.9_900_289_hh 7.88734 114.58284 10 139894 2082
9.9_900_289_hh 7.88732 114.58388 11 138482 2082
9.9_900_289_hh 7.88737 114.58157 12 143141 2082
9.9_900_289_hh 7.88736 114.58394 13 138754 2082
9.9_900_289_hh 7.88738 114.58296 14 136575 2082
9.9_900_289_hh 7.88739 114.58223 15 143900 2082
9.9_900_289_hh 7.88736 114.58111 16 143890 2082
9.9_900_289_hh 7.88735 114.58276 17 133493 2082
9.9_900_289_hh 8.27077 121.08887 1 161192 2083
9.9_900_289_hh 8.27077 121.08873 2 160506 2083
9.9_900_289_hh 8.27073 121.08897 3 168087 2083
9.9_900_289_hh 8.27075 121.08877 4 161616 2083
9.9_900_289_hh 8.27075 121.08913 5 164374 2083
9.9_900_289_hh 8.27076 121.08906 6 168176 2083
9.9_900_289_hh 8.27079 121.08926 7 165716 2083
9.9_900_289_hh 8.27079 121.08913 8 167364 2083
9.9_900_289_hh 8.27078 121.08897 9 167172 2083
9.9_900_289_hh 8.27077 121.08912 10 167072 2083
9.9_900_289_hh 8.27075 121.08917 11 164847 2083
9.9_900_289_hh 8.27077 121.08897 12 167596 2083
9.9_900_289_hh 8.27074 121.08943 13 165174 2083
9.9_900_289_hh 8.27073 121.08960 14 163452 2083
9.9_900_289_hh 8.27076 121.08833 15 168388 2083
9.9_900_289_hh 8.27079 121.08837 16 169021 2083
9.9_900_289_hh 8.27076 121.08899 17 155868 2083
9.9_900_289_hh 7.87767 122.59150 1 160427 2084
9.9_900_289_hh 7.87768 122.59120 2 160065 2084
9.9_900_289_hh 7.87774 122.59119 3 167658 2084
9.9_900_289_hh 7.87772 122.59138 4 160308 2084
9.9_900_289_hh 7.87765 122.59185 5 164623 2084
9.9_900_289_hh 7.87770 122.59140 6 168201 2084
9.9_900_289_hh 7.87773 122.59095 7 164826 2084
9.9_900_289_hh 7.87767 122.59232 8 167503 2084
9.9_900_289_hh 7.87766 122.59168 9 168034 2084
9.9_900_289_hh 7.87770 122.59160 10 168405 2084
9.9_900_289_hh 7.87760 122.59129 11 167139 2084
9.9_900_289_hh 7.87768 122.59021 12 167881 2084
9.9_900_289_hh 7.87766 122.59171 13 166894 2084
9.9_900_289_hh 7.87766 122.59174 14 163746 2084
9.9_900_289_hh 7.87766 122.59071 15 168452 2084
9.9_900_289_hh 7.87768 122.59147 16 168432 2084
9.9_900_289_hh 7.87768 122.59139 17 156035 2084
9.9_900_289_hh 8.06089 126.63800 1 53429 2094
9.9_900_289_hh 8.06101 126.63563 2 53682 2094
9.9_900_289_hh 8.06085 126.63666 3 56860 2094
9.9_900_289_hh 8.06102 126.63802 4 53540 2094
9.9_900_289_hh 8.06089 126.63823 5 53654 2094
9.9_900_289_hh 8.06099 126.63621 6 56102 2094
9.9_900_289_hh 8.06096 126.63769 7 54720 2094
9.9_900_289_hh 8.06100 126.63749 8 56113 2094
9.9_900_289_hh 8.06089 126.63790 9 55576 2094
9.9_900_289_hh 8.06099 126.63954 10 57132 2094
9.9_900_289_hh 8.06096 126.63808 11 56082 2094
9.9_900_289_hh 8.06088 126.63728 12 56175 2094
9.9_900_289_hh 8.06097 126.63720 13 56453 2094
9.9_900_289_hh 8.06087 126.63872 14 55499 2094
9.9_900_289_hh 8.06099 126.63633 15 56887 2094
9.9_900_289_hh 8.06094 126.63739 16 57213 2094
9.9_900_289_hh 8.06094 126.63752 17 52301 2094
9.9_900_289_hh 8.23458 127.43711 1 51588 2095
9.9_900_289_hh 8.23464 127.43533 2 51551 2095
9.9_900_289_hh 8.23470 127.43614 3 54198 2095
9.9_900_289_hh 8.23465 127.43492 4 51694 2095
9.9_900_289_hh 8.23467 127.43667 5 52530 2095
9.9_900_289_hh 8.23458 127.43930 6 55562 2095
9.9_900_289_hh 8.23461 127.43850 7 53420 2095
9.9_900_289_hh 8.23448 127.43851 8 54813 2095
9.9_900_289_hh 8.23460 127.43845 9 55556 2095
9.9_900_289_hh 8.23464 127.43889 10 55156 2095
9.9_900_289_hh 8.23462 127.43925 11 54669 2095
9.9_900_289_hh 8.23456 127.43755 12 55530 2095
9.9_900_289_hh 8.23450 127.43887 13 56024 2095
9.9_900_289_hh 8.23446 127.43900 14 55406 2095
9.9_900_289_hh 8.23457 127.43811 15 55861 2095
9.9_900_289_hh 8.23445 127.43794 16 55745 2095
9.9_900_289_hh 8.23458 127.43807 17 51104 2095
9.9_900_289_hh 7.90577 128.98756 1 175800 2098
9.9_900_289_hh 7.90574 128.98751 2 175203 2098
9.9_900_289_hh 7.90578 128.99069 3 185570 2098
9.9_900_289_hh 7.90580 128.98757 4 174365 2098
9.9_900_289_hh 7.90577 128.98895 5 176688 2098
9.9_900_289_hh 7.90579 128.98922 6 185303 2098
9.9_900_289_hh 7.90578 128.99048 7 177944 2098
9.9_900_289_hh 7.90575 128.98999 8 182187 2098
9.9_900_289_hh 7.90579 128.98855 9 186275 2098
9.9_900_289_hh 7.90581 128.98911 10 186053 2098
9.9_900_289_hh 7.90580 128.98957 11 186385 2098
9.9_900_289_hh 7.90576 128.98953 12 187090 2098
9.9_900_289_hh 7.90578 128.98970 13 187211 2098
9.9_900_289_hh 7.90578 128.99003 14 184709 2098
9.9_900_289_hh 7.90575 128.98884 15 188009 2098
9.9_900_289_hh 7.90574 128.98906 16 188132 2098
9.9_900_289_hh 7.90578 128.98916 17 172172 2098
9.9_900_289_hh 9.84119 130.05926 1 29580 2347
9.9_900_289_hh 9.84152 130.06112 2 29469 2347
9.9_900_289_hh 9.84135 130.06057 3 31392 2347
9.9_900_289_hh 9.84127 130.06048 4 29361 2347
9.9_900_289_hh 9.84144 130.06266 5 30246 2347
9.9_900_289_hh 9.84131 130.05635 6 30810 2347
9.9_900_289_hh 9.84154 130.06334 7 30626 2347
9.9_900_289_hh 9.84129 130.05952 8 31343 2347
9.9_900_289_hh 9.84120 130.05981 9 32084 2347
9.9_900_289_hh 9.84115 130.06078 10 31141 2347
9.9_900_289_hh 9.84134 130.06430 11 31921 2347
9.9_900_289_hh 9.84168 130.06455 12 31950 2347
9.9_900_289_hh 9.84134 130.06542 13 32139 2347
9.9_900_289_hh 9.84110 130.06291 14 31696 2347
9.9_900_289_hh 9.84148 130.06260 15 33882 2347
9.9_900_289_hh 9.84131 130.06184 16 33710 2347
9.9_900_289_hh 9.84135 130.06165 17 29491 2347
9.9_900_289_hh 8.66306 129.51123 1 27554 3020
9.9_900_289_hh 8.66371 129.50878 2 28146 3020
9.9_900_289_hh 8.66363 129.51223 3 29939 3020
9.9_900_289_hh 8.66323 129.50930 4 28085 3020
9.9_900_289_hh 8.66322 129.51296 5 28384 3020
9.9_900_289_hh 8.66312 129.50918 6 29985 3020
9.9_900_289_hh 8.66348 129.50997 7 29282 3020
9.9_900_289_hh 8.66358 129.51366 8 29960 3020
9.9_900_289_hh 8.66335 129.51105 9 29258 3020
9.9_900_289_hh 8.66353 129.51446 10 30966 3020
9.9_900_289_hh 8.66321 129.51374 11 30745 3020
9.9_900_289_hh 8.66383 129.51058 12 29213 3020
9.9_900_289_hh 8.66364 129.51624 13 30226 3020
9.9_900_289_hh 8.66306 129.51361 14 31267 3020
9.9_900_289_hh 8.66329 129.51008 15 32296 3020
9.9_900_289_hh 8.66333 129.51132 16 32234 3020
9.9_900_289_hh 8.66339 129.51181 17 28091 3020
9.9_900_289_hh 9.04068 125.27886 1 99229 3030
9.9_900_289_hh 9.04074 125.27891 2 99778 3030
9.9_900_289_hh 9.04055 125.27868 3 103880 3030
9.9_900_289_hh 9.04094 125.27878 4 99994 3030
9.9_900_289_hh 9.04086 125.27906 5 99985 3030
9.9_900_289_hh 9.04077 125.28097 6 105742 3030
9.9_900_289_hh 9.04089 125.27955 7 102468 3030
9.9_900_289_hh 9.04075 125.27966 8 103709 3030
9.9_900_289_hh 9.04062 125.27948 9 104259 3030
9.9_900_289_hh 9.04060 125.27998 10 105001 3030
9.9_900_289_hh 9.04090 125.28003 11 105490 3030
9.9_900_289_hh 9.04078 125.27834 12 104352 3030
9.9_900_289_hh 9.04079 125.27916 13 104264 3030
9.9_900_289_hh 9.04072 125.27972 14 103670 3030
9.9_900_289_hh 9.04086 125.27871 15 110447 3030
9.9_900_289_hh 9.04080 125.27914 16 108989 3030
9.9_900_289_hh 9.04077 125.27932 17 97721 3030
9.9_900_289_hh 7.65565 118.06086 1 181220 3032
9.9_900_289_hh 7.65565 118.06086 2 180727 3032
9.9_900_289_hh 7.65565 118.06086 3 184834 3032
9.9_900_289_hh 7.65565 118.06086 4 181269 3032
9.9_900_289_hh 7.65565 118.06086 5 183962 3032
9.9_900_289_hh 7.65565 118.06086 6 185451 3032
9.9_900_289_hh 7.65565 118.06086 7 185215 3032
9.9_900_289_hh 7.65565 118.06086 8 184729 3032
9.9_900_289_hh 7.65565 118.06086 9 184767 3032
9.9_900_289_hh 7.65565 118.06086 10 184086 3032
9.9_900_289_hh 7.65565 118.06086 11 180538 3032
9.9_900_289_hh 7.65565 118.06086 12 184596 3032
9.9_900_289_hh 7.65565 118.06086 13 180064 3032
9.9_900_289_hh 7.65565 118.06086 14 177338 3032
9.9_900_289_hh 7.65565 118.06086 15 191359 3032
9.9_900_289_hh 7.65565 118.06086 16 190236 3032
9.9_900_289_hh 7.65565 118.06086 17 172964 3032
9.9_900_289_hh 8.20162 118.82148 1 199120 3034
9.9_900_289_hh 8.20160 118.82150 2 200165 3034
9.9_900_289_hh 8.20162 118.82050 3 203204 3034
9.9_900_289_hh 8.20164 118.82221 4 200521 3034
9.9_900_289_hh 8.20157 118.82208 5 202117 3034
9.9_900_289_hh 8.20151 118.82020 6 203598 3034
9.9_900_289_hh 8.20165 118.82172 7 204316 3034
9.9_900_289_hh 8.20165 118.82068 8 203964 3034
9.9_900_289_hh 8.20161 118.82156 9 204575 3034
9.9_900_289_hh 8.20165 118.82154 10 203337 3034
9.9_900_289_hh 8.20162 118.82167 11 200205 3034
9.9_900_289_hh 8.20161 118.82141 12 204696 3034
9.9_900_289_hh 8.20162 118.82151 13 200607 3034
9.9_900_289_hh 8.20167 118.82167 14 197621 3034
9.9_900_289_hh 8.20166 118.82131 15 209959 3034
9.9_900_289_hh 8.20169 118.82120 16 210138 3034
9.9_900_289_hh 8.20163 118.82139 17 191067 3034
9.9_900_289_hh 6.98799 118.58813 1 59932 3035
9.9_900_289_hh 6.98815 118.58684 2 59557 3035
9.9_900_289_hh 6.98808 118.58673 3 60197 3035
9.9_900_289_hh 6.98797 118.58761 4 60441 3035
9.9_900_289_hh 6.98806 118.58549 5 61045 3035
9.9_900_289_hh 6.98810 118.58691 6 60952 3035
9.9_900_289_hh 6.98811 118.58550 7 62035 3035
9.9_900_289_hh 6.98805 118.58791 8 61708 3035
9.9_900_289_hh 6.98804 118.58578 9 61149 3035
9.9_900_289_hh 6.98773 118.58689 10 60868 3035
9.9_900_289_hh 6.98816 118.58736 11 59651 3035
9.9_900_289_hh 6.98801 118.58532 12 61132 3035
9.9_900_289_hh 6.98800 118.58708 13 59566 3035
9.9_900_289_hh 6.98792 118.58805 14 60260 3035
9.9_900_289_hh 6.98812 118.58612 15 62629 3035
9.9_900_289_hh 6.98781 118.58517 16 63525 3035
9.9_900_289_hh 6.98802 118.58667 17 57332 3035
9.9_900_289_hh 8.86990 130.57567 1 27707 3036
9.9_900_289_hh 8.86982 130.57409 2 27135 3036
9.9_900_289_hh 8.87004 130.57456 3 29969 3036
9.9_900_289_hh 8.86949 130.57278 4 26196 3036
9.9_900_289_hh 8.86982 130.57409 5 27915 3036
9.9_900_289_hh 8.86982 130.57409 6 29571 3036
9.9_900_289_hh 8.86978 130.57388 7 28229 3036
9.9_900_289_hh 8.86984 130.57756 8 29529 3036
9.9_900_289_hh 8.86976 130.57290 9 29320 3036
9.9_900_289_hh 8.86986 130.57391 10 30038 3036
9.9_900_289_hh 8.86942 130.57636 11 29850 3036
9.9_900_289_hh 8.86986 130.57482 12 29009 3036
9.9_900_289_hh 8.86951 130.57451 13 30024 3036
9.9_900_289_hh 8.86984 130.57477 14 30434 3036
9.9_900_289_hh 8.86982 130.57409 15 30646 3036
9.9_900_289_hh 8.87008 130.57457 16 31223 3036
9.9_900_289_hh 8.86982 130.57409 17 27458 3036
9.9_900_289_hh 8.89262 120.68611 1 67582 3040
9.9_900_289_hh 8.89221 120.68541 2 68600 3040
9.9_900_289_hh 8.89268 120.68532 3 69162 3040
9.9_900_289_hh 8.89258 120.68423 4 67739 3040
9.9_900_289_hh 8.89256 120.68605 5 69276 3040
9.9_900_289_hh 8.89261 120.68431 6 69894 3040
9.9_900_289_hh 8.89270 120.68622 7 69153 3040
9.9_900_289_hh 8.89264 120.68652 8 70713 3040
9.9_900_289_hh 8.89246 120.68400 9 70068 3040
9.9_900_289_hh 8.89225 120.68593 10 70138 3040
9.9_900_289_hh 8.89245 120.68518 11 69903 3040
9.9_900_289_hh 8.89246 120.68527 12 68711 3040
9.9_900_289_hh 8.89279 120.68515 13 69240 3040
9.9_900_289_hh 8.89278 120.68591 14 67838 3040
9.9_900_289_hh 8.89265 120.68454 15 72603 3040
9.9_900_289_hh 8.89265 120.68558 16 73132 3040
9.9_900_289_hh 8.89257 120.68535 17 65515 3040
9.9_900_289_hh 8.48389 107.90612 1 89229 3041
9.9_900_289_hh 8.48412 107.90753 2 89434 3041
9.9_900_289_hh 8.48372 107.90678 3 88852 3041
9.9_900_289_hh 8.48375 107.90764 4 89960 3041
9.9_900_289_hh 8.48382 107.90687 5 88507 3041
9.9_900_289_hh 8.48380 107.90735 6 89406 3041
9.9_900_289_hh 8.48380 107.90683 7 87916 3041
9.9_900_289_hh 8.48384 107.90896 8 86899 3041
9.9_900_289_hh 8.48379 107.90720 9 88905 3041
9.9_900_289_hh 8.48368 107.90824 10 84450 3041
9.9_900_289_hh 8.48394 107.90814 11 83856 3041
9.9_900_289_hh 8.48378 107.90651 12 88085 3041
9.9_900_289_hh 8.48383 107.90768 13 83364 3041
9.9_900_289_hh 8.48383 107.90870 14 82028 3041
9.9_900_289_hh 8.48361 107.90669 15 92361 3041
9.9_900_289_hh 8.48366 107.90612 16 94079 3041
9.9_900_289_hh 8.48380 107.90731 17 82784 3041
9.9_900_289_hh 8.44526 109.83089 1 90321 3043
9.9_900_289_hh 8.44533 109.83044 2 89997 3043
9.9_900_289_hh 8.44516 109.82999 3 89358 3043
9.9_900_289_hh 8.44524 109.83144 4 88704 3043
9.9_900_289_hh 8.44507 109.83121 5 88947 3043
9.9_900_289_hh 8.44526 109.82898 6 88658 3043
9.9_900_289_hh 8.44510 109.83165 7 88996 3043
9.9_900_289_hh 8.44531 109.83125 8 87961 3043
9.9_900_289_hh 8.44521 109.82985 9 89420 3043
9.9_900_289_hh 8.44517 109.83134 10 85137 3043
9.9_900_289_hh 8.44528 109.83191 11 84392 3043
9.9_900_289_hh 8.44516 109.83004 12 88176 3043
9.9_900_289_hh 8.44539 109.83195 13 83767 3043
9.9_900_289_hh 8.44531 109.83225 14 84013 3043
9.9_900_289_hh 8.44526 109.82969 15 94033 3043
9.9_900_289_hh 8.44521 109.82972 16 94134 3043
9.9_900_289_hh 8.44523 109.83077 17 83295 3043
9.9_900_289_hh 7.97463 126.74631 1 106489 3044
9.9_900_289_hh 7.97468 126.74634 2 106122 3044
9.9_900_289_hh 7.97460 126.74805 3 112808 3044
9.9_900_289_hh 7.97458 126.74700 4 107464 3044
9.9_900_289_hh 7.97463 126.74732 5 108141 3044
9.9_900_289_hh 7.97467 126.74466 6 111790 3044
9.9_900_289_hh 7.97445 126.74810 7 111314 3044
9.9_900_289_hh 7.97458 126.74717 8 112890 3044
9.9_900_289_hh 7.97456 126.74551 9 111701 3044
9.9_900_289_hh 7.97465 126.74900 10 113814 3044
9.9_900_289_hh 7.97463 126.74824 11 114741 3044
9.9_900_289_hh 7.97451 126.74660 12 112761 3044
9.9_900_289_hh 7.97456 126.74835 13 114615 3044
9.9_900_289_hh 7.97454 126.74902 14 114667 3044
9.9_900_289_hh 7.97456 126.74593 15 116765 3044
9.9_900_289_hh 7.97455 126.74623 16 118084 3044
9.9_900_289_hh 7.97459 126.74712 17 105539 3044
9.9_900_289_hh 9.45521 115.74511 1 47110 3045
9.9_900_289_hh 9.45526 115.74530 2 48298 3045
9.9_900_289_hh 9.45562 115.74396 3 48052 3045
9.9_900_289_hh 9.45589 115.74594 4 47853 3045
9.9_900_289_hh 9.45544 115.74538 5 47779 3045
9.9_900_289_hh 9.45526 115.74420 6 48182 3045
9.9_900_289_hh 9.45533 115.74612 7 48551 3045
9.9_900_289_hh 9.45539 115.74474 8 47542 3045
9.9_900_289_hh 9.45493 115.74407 9 47948 3045
9.9_900_289_hh 9.45500 115.74441 10 47568 3045
9.9_900_289_hh 9.45567 115.74563 11 47210 3045
9.9_900_289_hh 9.45535 115.74349 12 47695 3045
9.9_900_289_hh 9.45525 115.74580 13 46392 3045
9.9_900_289_hh 9.45532 115.74533 14 45118 3045
9.9_900_289_hh 9.45552 115.74872 15 51022 3045
9.9_900_289_hh 9.45605 115.74634 16 50512 3045
9.9_900_289_hh 9.45541 115.74532 17 45108 3045
9.9_900_289_hh 8.34839 127.65481 1 83529 3051
9.9_900_289_hh 8.34840 127.65384 2 83027 3051
9.9_900_289_hh 8.34843 127.65503 3 89027 3051
9.9_900_289_hh 8.34846 127.65428 4 83180 3051
9.9_900_289_hh 8.34840 127.65403 5 84531 3051
9.9_900_289_hh 8.34847 127.65516 6 88263 3051
9.9_900_289_hh 8.34840 127.65678 7 85529 3051
9.9_900_289_hh 8.34835 127.65622 8 87475 3051
9.9_900_289_hh 8.34847 127.65434 9 88503 3051
9.9_900_289_hh 8.34842 127.65534 10 88690 3051
9.9_900_289_hh 8.34842 127.65661 11 89426 3051
9.9_900_289_hh 8.34843 127.65625 12 89344 3051
9.9_900_289_hh 8.34839 127.65576 13 88848 3051
9.9_900_289_hh 8.34839 127.65603 14 88473 3051
9.9_900_289_hh 8.34840 127.65530 15 89232 3051
9.9_900_289_hh 8.34845 127.65507 16 88959 3051
9.9_900_289_hh 8.34842 127.65532 17 82120 3051
9.9_900_289_hh 7.71571 118.75110 1 69816 3056
9.9_900_289_hh 7.71574 118.74889 2 69729 3056
9.9_900_289_hh 7.71603 118.74736 3 70741 3056
9.9_900_289_hh 7.71561 118.74813 4 69668 3056
9.9_900_289_hh 7.71552 118.75152 5 71867 3056
9.9_900_289_hh 7.71568 118.74868 6 70404 3056
9.9_900_289_hh 7.71567 118.75158 7 71758 3056
9.9_900_289_hh 7.71590 118.74860 8 70801 3056
9.9_900_289_hh 7.71568 118.75041 9 71011 3056
9.9_900_289_hh 7.71556 118.75067 10 70624 3056
9.9_900_289_hh 7.71583 118.74912 11 70108 3056
9.9_900_289_hh 7.71567 118.74919 12 70741 3056
9.9_900_289_hh 7.71577 118.74936 13 69633 3056
9.9_900_289_hh 7.71559 118.74981 14 69026 3056
9.9_900_289_hh 7.71559 118.74849 15 73676 3056
9.9_900_289_hh 7.71607 118.75066 16 75132 3056
9.9_900_289_hh 7.71572 118.74962 17 66749 3056
9.9_900_289_hh 8.70978 123.43873 1 69765 3057
9.9_900_289_hh 8.71002 123.43957 2 69775 3057
9.9_900_289_hh 8.70962 123.43871 3 72225 3057
9.9_900_289_hh 8.70993 123.43801 4 70243 3057
9.9_900_289_hh 8.70964 123.44041 5 71121 3057
9.9_900_289_hh 8.70988 123.43830 6 73492 3057
9.9_900_289_hh 8.70982 123.43891 7 72698 3057
9.9_900_289_hh 8.70991 123.43880 8 73743 3057
9.9_900_289_hh 8.70977 123.43906 9 72451 3057
9.9_900_289_hh 8.70976 123.43904 10 73303 3057
9.9_900_289_hh 8.70982 123.44084 11 73248 3057
9.9_900_289_hh 8.70985 123.43953 12 72883 3057
9.9_900_289_hh 8.70988 123.43915 13 72998 3057
9.9_900_289_hh 8.70976 123.43943 14 71909 3057
9.9_900_289_hh 8.70959 123.43906 15 77359 3057
9.9_900_289_hh 8.70963 123.43860 16 77762 3057
9.9_900_289_hh 8.70979 123.43913 17 68528 3057
9.9_900_289_hh 8.33072 132.76329 1 33244 3073
9.9_900_289_hh 8.33101 132.76189 2 33123 3073
9.9_900_289_hh 8.33078 132.76256 3 35691 3073
9.9_900_289_hh 8.33092 132.76237 4 33838 3073
9.9_900_289_hh 8.33091 132.76289 5 33500 3073
9.9_900_289_hh 8.33106 132.76192 6 35591 3073
9.9_900_289_hh 8.33065 132.76376 7 34464 3073
9.9_900_289_hh 8.33093 132.76378 8 34776 3073
9.9_900_289_hh 8.33080 132.76391 9 37197 3073
9.9_900_289_hh 8.33101 132.76552 10 36709 3073
9.9_900_289_hh 8.33115 132.76549 11 36340 3073
9.9_900_289_hh 8.33105 132.76323 12 36282 3073
9.9_900_289_hh 8.33095 132.76558 13 36691 3073
9.9_900_289_hh 8.33108 132.76478 14 36945 3073
9.9_900_289_hh 8.33102 132.76227 15 38786 3073
9.9_900_289_hh 8.33068 132.76488 16 39327 3073
9.9_900_289_hh 8.33092 132.76367 17 33677 3073
9.9_900_289_hh 8.34155 127.18431 1 157921 3077
9.9_900_289_hh 8.34157 127.18422 2 157744 3077
9.9_900_289_hh 8.34159 127.18464 3 167355 3077
9.9_900_289_hh 8.34156 127.18465 4 158027 3077
9.9_900_289_hh 8.34155 127.18496 5 160366 3077
9.9_900_289_hh 8.34155 127.18436 6 167941 3077
9.9_900_289_hh 8.34154 127.18476 7 163581 3077
9.9_900_289_hh 8.34157 127.18532 8 166105 3077
9.9_900_289_hh 8.34158 127.18469 9 168048 3077
9.9_900_289_hh 8.34154 127.18579 10 168226 3077
9.9_900_289_hh 8.34156 127.18580 11 168656 3077
9.9_900_289_hh 8.34158 127.18414 12 167421 3077
9.9_900_289_hh 8.34157 127.18562 13 168202 3077
9.9_900_289_hh 8.34159 127.18527 14 166988 3077
9.9_900_289_hh 8.34158 127.18455 15 168680 3077
9.9_900_289_hh 8.34154 127.18496 16 169308 3077
9.9_900_289_hh 8.34156 127.18488 17 155563 3077
9.9_900_289_hh 8.50963 115.13417 1 77031 3078
9.9_900_289_hh 8.50960 115.13458 2 77355 3078
9.9_900_289_hh 8.50967 115.13380 3 76783 3078
9.9_900_289_hh 8.50940 115.13454 4 76777 3078
9.9_900_289_hh 8.50968 115.13446 5 77474 3078
9.9_900_289_hh 8.50950 115.13393 6 77212 3078
9.9_900_289_hh 8.50963 115.13478 7 78404 3078
9.9_900_289_hh 8.50950 115.13461 8 77785 3078
9.9_900_289_hh 8.50946 115.13452 9 77979 3078
9.9_900_289_hh 8.50957 115.13273 10 76205 3078
9.9_900_289_hh 8.50953 115.13472 11 75352 3078
9.9_900_289_hh 8.50957 115.13365 12 77041 3078
9.9_900_289_hh 8.50966 115.13486 13 75102 3078
9.9_900_289_hh 8.50948 115.13444 14 73483 3078
9.9_900_289_hh 8.50949 115.13346 15 81301 3078
9.9_900_289_hh 8.50968 115.13285 16 81378 3078
9.9_900_289_hh 8.50957 115.13413 17 72745 3078
9.9_900_289_hh 8.39142 129.51884 1 58945 3080
9.9_900_289_hh 8.39129 129.51817 2 58430 3080
9.9_900_289_hh 8.39166 129.51965 3 63114 3080
9.9_900_289_hh 8.39147 129.51805 4 58819 3080
9.9_900_289_hh 8.39140 129.51898 5 60362 3080
9.9_900_289_hh 8.39156 129.51920 6 63116 3080
9.9_900_289_hh 8.39150 129.51795 7 60082 3080
9.9_900_289_hh 8.39139 129.52007 8 61816 3080
9.9_900_289_hh 8.39141 129.51767 9 63599 3080
9.9_900_289_hh 8.39145 129.51835 10 62518 3080
9.9_900_289_hh 8.39130 129.51877 11 62102 3080
9.9_900_289_hh 8.39144 129.51831 12 62726 3080
9.9_900_289_hh 8.39158 129.52079 13 63901 3080
9.9_900_289_hh 8.39122 129.51923 14 62686 3080
9.9_900_289_hh 8.39140 129.51894 15 66260 3080
9.9_900_289_hh 8.39142 129.51914 16 67136 3080
9.9_900_289_hh 8.39143 129.51889 17 58565 3080
9.9_900_289_hh 7.73652 107.26694 1 75902 3082
9.9_900_289_hh 7.73657 107.26535 2 74782 3082
9.9_900_289_hh 7.73646 107.26809 3 75155 3082
9.9_900_289_hh 7.73685 107.26591 4 75658 3082
9.9_900_289_hh 7.73644 107.26664 5 74830 3082
9.9_900_289_hh 7.73645 107.26724 6 75537 3082
9.9_900_289_hh 7.73651 107.26683 7 73911 3082
9.9_900_289_hh 7.73628 107.26730 8 73154 3082
9.9_900_289_hh 7.73633 107.26695 9 75272 3082
9.9_900_289_hh 7.73671 107.26912 10 71434 3082
9.9_900_289_hh 7.73660 107.26820 11 71085 3082
9.9_900_289_hh 7.73655 107.26616 12 75532 3082
9.9_900_289_hh 7.73666 107.26842 13 71420 3082
9.9_900_289_hh 7.73623 107.26787 14 70640 3082
9.9_900_289_hh 7.73672 107.26602 15 79268 3082
9.9_900_289_hh 7.73689 107.26697 16 79070 3082
9.9_900_289_hh 7.73655 107.26711 17 70156 3082
9.9_900_289_hh 8.65318 121.71905 1 72563 4038
9.9_900_289_hh 8.65329 121.71742 2 73076 4038
9.9_900_289_hh 8.65310 121.71628 3 73869 4038
9.9_900_289_hh 8.65335 121.71692 4 72931 4038
9.9_900_289_hh 8.65322 121.71819 5 73945 4038
9.9_900_289_hh 8.65318 121.71647 6 73407 4038
9.9_900_289_hh 8.65315 121.71782 7 74844 4038
9.9_900_289_hh 8.65298 121.71938 8 75950 4038
9.9_900_289_hh 8.65305 121.71717 9 74542 4038
9.9_900_289_hh 8.65312 121.71756 10 76483 4038
9.9_900_289_hh 8.65309 121.71821 11 74122 4038
9.9_900_289_hh 8.65313 121.71686 12 73307 4038
9.9_900_289_hh 8.65320 121.71726 13 75251 4038
9.9_900_289_hh 8.65325 121.71740 14 73941 4038
9.9_900_289_hh 8.65315 121.71611 15 79170 4038
9.9_900_289_hh 8.65315 121.71636 16 78837 4038
9.9_900_289_hh 8.65316 121.71739 17 70367 4038
9.9_900_289_hh 8.77926 119.46071 1 55361 4049
9.9_900_289_hh 8.77935 119.46034 2 55510 4049
9.9_900_289_hh 8.77924 119.45789 3 55941 4049
9.9_900_289_hh 8.77945 119.46038 4 55289 4049
9.9_900_289_hh 8.77933 119.45999 5 56492 4049
9.9_900_289_hh 8.77935 119.45908 6 57071 4049
9.9_900_289_hh 8.77921 119.46048 7 56521 4049
9.9_900_289_hh 8.77958 119.45931 8 57180 4049
9.9_900_289_hh 8.77929 119.45950 9 56738 4049
9.9_900_289_hh 8.77930 119.46053 10 57312 4049
9.9_900_289_hh 8.77931 119.46073 11 56831 4049
9.9_900_289_hh 8.77922 119.45929 12 55865 4049
9.9_900_289_hh 8.77944 119.45976 13 56282 4049
9.9_900_289_hh 8.77932 119.45991 14 55108 4049
9.9_900_289_hh 8.77903 119.45816 15 58572 4049
9.9_900_289_hh 8.77934 119.45904 16 58480 4049
9.9_900_289_hh 8.77931 119.45969 17 53209 4049
9.9_900_289_hh 9.11687 123.55431 1 13898 4059
9.9_900_289_hh 9.11691 123.55521 2 13927 4059
9.9_900_289_hh 9.11685 123.55854 3 14381 4059
9.9_900_289_hh 9.11688 123.55856 4 13556 4059
9.9_900_289_hh 9.11715 123.55706 5 14071 4059
9.9_900_289_hh 9.11668 123.55978 6 14003 4059
9.9_900_289_hh 9.11683 123.56146 7 14460 4059
9.9_900_289_hh 9.11637 123.55549 8 14890 4059
9.9_900_289_hh 9.11600 123.55475 9 14198 4059
9.9_900_289_hh 9.11713 123.55885 10 15900 4059
9.9_900_289_hh 9.11630 123.55935 11 15094 4059
9.9_900_289_hh 9.11647 123.56287 12 14757 4059
9.9_900_289_hh 9.11685 123.55854 13 14153 4059
9.9_900_289_hh 9.11664 123.56156 14 15414 4059
9.9_900_289_hh 9.11726 123.56038 15 14718 4059
9.9_900_289_hh 9.11675 123.56001 16 14451 4059
9.9_900_289_hh 9.11685 123.55854 17 13639 4059
9.9_900_289_hh 8.74142 120.62737 1 41873 4071
9.9_900_289_hh 8.74144 120.62560 2 42227 4071
9.9_900_289_hh 8.74123 120.62483 3 43144 4071
9.9_900_289_hh 8.74165 120.62340 4 41601 4071
9.9_900_289_hh 8.74152 120.62543 5 42491 4071
9.9_900_289_hh 8.74097 120.62523 6 42838 4071
9.9_900_289_hh 8.74125 120.62615 7 43693 4071
9.9_900_289_hh 8.74160 120.62654 8 43363 4071
9.9_900_289_hh 8.74135 120.62492 9 42946 4071
9.9_900_289_hh 8.74200 120.62653 10 43700 4071
9.9_900_289_hh 8.74147 120.62887 11 42798 4071
9.9_900_289_hh 8.74153 120.62667 12 43110 4071
9.9_900_289_hh 8.74159 120.62463 13 42892 4071
9.9_900_289_hh 8.74148 120.62526 14 42374 4071
9.9_900_289_hh 8.74196 120.62438 15 44422 4071
9.9_900_289_hh 8.74139 120.62639 16 44517 4071
9.9_900_289_hh 8.74149 120.62577 17 40470 4071
9.9_900_289_hh 7.80127 120.56647 1 44969 4080
9.9_900_289_hh 7.80139 120.56458 2 46358 4080
9.9_900_289_hh 7.80111 120.56626 3 46837 4080
9.9_900_289_hh 7.80138 120.56403 4 46479 4080
9.9_900_289_hh 7.80151 120.56572 5 46399 4080
9.9_900_289_hh 7.80126 120.56660 6 46710 4080
9.9_900_289_hh 7.80098 120.56564 7 47220 4080
9.9_900_289_hh 7.80151 120.56677 8 46929 4080
9.9_900_289_hh 7.80127 120.56565 9 46641 4080
9.9_900_289_hh 7.80139 120.56754 10 47336 4080
9.9_900_289_hh 7.80128 120.56659 11 46234 4080
9.9_900_289_hh 7.80139 120.56577 12 46325 4080
9.9_900_289_hh 7.80122 120.56392 13 46932 4080
9.9_900_289_hh 7.80109 120.56537 14 46163 4080
9.9_900_289_hh 7.80117 120.56468 15 50101 4080
9.9_900_289_hh 7.80098 120.56808 16 48733 4080
9.9_900_289_hh 7.80126 120.56585 17 44139 4080
