9.9_900_289_hh 7.80127 120.56647 1 44969 4080
9.9_900_289_hh 7.80139 120.56458 2 46358 4080
9.9_900_289_hh 7.80111 120.56626 3 46837 4080
9.9_900_289_hh 7.80138 120.56403 4 46479 4080
9.9_900_289_hh 7.80151 120.56572 5 46399 4080
9.9_900_289_hh 7.80126 120.56660 6 46710 4080
9.9_900_289_hh 7.80098 120.56564 7 47220 4080
9.9_900_289_hh 7.80151 120.56677 8 46929 4080
9.9_900_289_hh 7.80127 120.56565 9 46641 4080
9.9_900_289_hh 7.80139 120.56754 10 47336 4080
9.9_900_289_hh 7.80128 120.56659 11 46234 4080
9.9_900_289_hh 7.80139 120.56577 12 46325 4080
9.9_900_289_hh 7.80122 120.56392 13 46932 4080
9.9_900_289_hh 7.80109 120.56537 14 46163 4080
9.9_900_289_hh 7.80117 120.56468 15 50101 4080
9.9_900_289_hh 7.80098 120.56808 16 48733 4080
9.9_900_289_hh 7.80126 120.56585 17 44139 4080
