9.9_900_289_hh 2 8.04968 117.04404 0.999 64920 64895 1014
9.9_900_289_hh 4 8.04962 117.04594 1.033 64315 65374 1014
9.9_900_289_hh 6 8.04969 117.04365 0.950 66273 64572 1014
9.9_900_289_hh 8 8.04942 117.04429 0.991 67107 66794 1014
9.9_900_289_hh 10 8.04945 117.04368 1.029 64356 65284 1014
9.9_900_289_hh 12 8.04989 117.04285 0.993 64797 64574 1014
9.9_900_289_hh 14 8.04951 117.04419 0.947 65289 63503 1014
9.9_900_289_hh 16 8.04979 117.04099 0.990 70845 70504 1014
9.9_900_289_hh 1 8.44454 129.38575 78.852 61965 122378 1020
9.9_900_289_hh 3 8.44468 129.38772 1.138 122597 130489 1020
9.9_900_289_hh 5 8.44461 129.38662 1.038 121846 124113 1020
9.9_900_289_hh 7 8.44461 129.38677 0.949 130227 126852 1020
9.9_900_289_hh 9 8.44447 129.38666 1.030 129030 130949 1020
9.9_900_289_hh 11 8.44455 129.38839 0.997 131835 131649 1020
9.9_900_289_hh 13 8.44455 129.38788 1.024 130770 132298 1020
9.9_900_289_hh 15 8.44444 129.38631 1.066 132215 136416 1020
9.9_900_289_hh 17 8.44459 129.38701 0.807 136366 121767 1020
9.9_900_289_hh 2 7.19689 121.31227 0.978 86596 85631 1029
9.9_900_289_hh 4 7.19686 121.31289 0.936 88400 85492 1029
9.9_900_289_hh 6 7.19703 121.31061 1.041 87616 89393 1029
9.9_900_289_hh 8 7.19708 121.31245 1.031 88445 89800 1029
9.9_900_289_hh 10 7.19675 121.31365 0.997 88921 88788 1029
9.9_900_289_hh 12 7.19694 121.31056 0.982 89871 89047 1029
9.9_900_289_hh 14 7.19672 121.31305 0.935 89247 86244 1029
9.9_900_289_hh 16 7.19703 121.31186 0.997 91275 91117 1029
9.9_900_289_hh 1 8.94830 125.02541 0.351 83287 43266 1030
9.9_900_289_hh 3 8.94742 125.02916 1.017 43860 44223 1030
9.9_900_289_hh 5 8.94775 125.02826 1.041 43227 44085 1030
9.9_900_289_hh 7 8.94782 125.02841 0.974 44292 43712 1030
9.9_900_289_hh 9 8.94783 125.02687 0.980 45405 44947 1030
9.9_900_289_hh 11 8.94842 125.03117 0.978 46027 45522 1030
9.9_900_289_hh 13 8.94871 125.02950 1.050 45064 46160 1030
9.9_900_289_hh 15 8.94782 125.02802 1.144 44609 47609 1030
9.9_900_289_hh 17 8.94782 125.02841 0.814 47136 42303 1030
9.9_900_289_hh 2 9.16754 111.96998 0.985 261468 259483 1031
9.9_900_289_hh 4 9.16764 111.96896 0.991 261582 260465 1031
9.9_900_289_hh 6 9.16772 111.96840 0.999 261387 261216 1031
9.9_900_289_hh 8 9.16757 111.96931 0.984 260256 258222 1031
9.9_900_289_hh 10 9.16766 111.96940 0.928 262028 252250 1031
9.9_900_289_hh 12 9.16769 111.96839 1.117 248627 262380 1031
9.9_900_289_hh 14 9.16774 111.97022 0.965 249859 245387 1031
9.9_900_289_hh 16 9.16781 111.96836 1.000 268248 268314 1031
9.9_900_289_hh 1 7.65570 118.21650 1.332 243598 278266 1032
9.9_900_289_hh 3 7.65569 118.21628 1.023 278594 281820 1032
9.9_900_289_hh 5 7.65573 118.21870 1.029 278355 282272 1032
9.9_900_289_hh 7 7.65575 118.21688 1.022 281520 284647 1032
9.9_900_289_hh 9 7.65577 118.21732 0.970 285813 281533 1032
9.9_900_289_hh 11 7.65577 118.21924 0.985 281057 278996 1032
9.9_900_289_hh 13 7.65574 118.21755 0.985 281155 278990 1032
9.9_900_289_hh 15 7.65566 118.21788 1.111 275515 289951 1032
9.9_900_289_hh 17 7.65573 118.21745 0.834 291717 265306 1032
9.9_900_289_hh 2 8.93341 109.86586 0.993 324769 323638 1033
9.9_900_289_hh 4 8.93347 109.86645 1.010 322952 324616 1033
9.9_900_289_hh 6 8.93343 109.86532 0.994 323946 323042 1033
9.9_900_289_hh 8 8.93343 109.86664 0.982 319389 316499 1033
9.9_900_289_hh 10 8.93343 109.86707 0.934 323379 312295 1033
9.9_900_289_hh 12 8.93352 109.86528 1.104 308895 324094 1033
9.9_900_289_hh 14 8.93340 109.86793 0.987 307642 305680 1033
9.9_900_289_hh 16 8.93346 109.86478 0.995 332123 331338 1033
9.9_900_289_hh 1 8.24181 118.79476 7.853 301429 534764 1034
9.9_900_289_hh 3 8.24182 118.79403 1.055 534282 548644 1034
9.9_900_289_hh 5 8.24180 118.79479 1.026 535429 542194 1034
9.9_900_289_hh 7 8.24182 118.79477 0.999 548107 547952 1034
9.9_900_289_hh 9 8.24181 118.79426 0.992 550156 548030 1034
9.9_900_289_hh 11 8.24180 118.79455 0.971 545221 537125 1034
9.9_900_289_hh 13 8.24182 118.79480 0.964 547736 537785 1034
9.9_900_289_hh 15 8.24180 118.79422 1.123 528159 558659 1034
9.9_900_289_hh 17 8.24181 118.79450 0.839 561348 512094 1034
9.9_900_289_hh 2 7.04548 118.84163 1.043 30982 31630 1035
9.9_900_289_hh 4 7.04506 118.84116 1.006 30423 30516 1035
9.9_900_289_hh 6 7.04511 118.84183 0.936 31784 30741 1035
9.9_900_289_hh 8 7.04528 118.84143 0.999 31920 31911 1035
9.9_900_289_hh 10 7.04466 118.84100 1.006 31211 31305 1035
9.9_900_289_hh 12 7.04529 118.83835 0.943 31486 30568 1035
9.9_900_289_hh 14 7.04528 118.84206 1.017 29869 30118 1035
9.9_900_289_hh 16 7.04429 118.84102 1.000 31912 31914 1035
9.9_900_289_hh 1 8.95314 130.64133 -1.493 29311 177498 1036
9.9_900_289_hh 3 8.95309 130.64181 1.190 177747 193195 1036
9.9_900_289_hh 5 8.95313 130.64126 1.040 177400 180881 1036
9.9_900_289_hh 7 8.95322 130.64219 0.908 193355 184013 1036
9.9_900_289_hh 9 8.95319 130.64213 1.056 188361 193472 1036
9.9_900_289_hh 11 8.95319 130.64343 1.023 193244 195455 1036
9.9_900_289_hh 13 8.95314 130.64387 1.024 193034 195348 1036
9.9_900_289_hh 15 8.95313 130.64251 1.056 194459 199758 1036
9.9_900_289_hh 17 8.95315 130.64224 0.812 199350 178622 1036
9.9_900_289_hh 2 8.86016 127.90752 0.983 88654 87884 1037
9.9_900_289_hh 4 8.86005 127.90697 0.916 92313 88274 1037
9.9_900_289_hh 6 8.86016 127.90746 1.059 89687 92256 1037
9.9_900_289_hh 8 8.86030 127.90848 1.054 91403 93788 1037
9.9_900_289_hh 10 8.86005 127.90760 1.057 91791 94347 1037
9.9_900_289_hh 12 8.86015 127.90782 0.949 94592 92097 1037
9.9_900_289_hh 14 8.86022 127.90819 0.997 95207 95053 1037
9.9_900_289_hh 16 8.86020 127.90742 1.014 98224 98894 1037
9.9_900_289_hh 1 8.50048 122.27665 1.304 87321 98840 1038
9.9_900_289_hh 3 8.50044 122.27741 1.031 98661 100147 1038
9.9_900_289_hh 5 8.50036 122.27799 1.003 99364 99489 1038
9.9_900_289_hh 7 8.50051 122.27938 1.048 99967 102300 1038
9.9_900_289_hh 9 8.50035 122.27651 0.954 102526 100107 1038
9.9_900_289_hh 11 8.50054 122.27876 0.993 102711 102339 1038
9.9_900_289_hh 13 8.50048 122.27869 1.012 100936 101547 1038
9.9_900_289_hh 15 8.50044 122.27739 1.127 100049 106020 1038
9.9_900_289_hh 17 8.50044 122.27758 0.810 106543 95385 1038
9.9_900_289_hh 2 8.37828 107.75923 1.018 150075 151431 1041
9.9_900_289_hh 4 8.37833 107.75868 0.996 150973 150703 1041
9.9_900_289_hh 6 8.37839 107.75893 0.986 150707 149653 1041
9.9_900_289_hh 8 8.37834 107.75925 0.971 147486 145339 1041
9.9_900_289_hh 10 8.37845 107.75969 0.906 149952 142544 1041
9.9_900_289_hh 12 8.37825 107.75825 1.159 140907 151302 1041
9.9_900_289_hh 14 8.37825 107.76096 1.005 141362 141726 1041
9.9_900_289_hh 16 8.37821 107.75785 1.019 153811 155224 1041
9.9_900_289_hh 1 8.44529 110.33266 1.465 139600 165927 1043
9.9_900_289_hh 3 8.44523 110.33306 0.966 164990 162157 1043
9.9_900_289_hh 5 8.44524 110.33250 0.995 166778 166401 1043
9.9_900_289_hh 7 8.44524 110.33264 1.032 162349 164883 1043
9.9_900_289_hh 9 8.44517 110.33222 1.008 161921 162561 1043
9.9_900_289_hh 11 8.44524 110.33339 0.963 159944 156919 1043
9.9_900_289_hh 13 8.44525 110.33346 0.929 163841 157790 1043
9.9_900_289_hh 15 8.44521 110.33205 1.244 154727 171566 1043
9.9_900_289_hh 17 8.44523 110.33282 0.809 171969 153807 1043
9.9_900_289_hh 2 8.03204 127.21066 1.012 224310 225630 1044
9.9_900_289_hh 4 8.03204 127.21128 0.897 237298 224436 1044
9.9_900_289_hh 6 8.03204 127.21078 1.101 227484 238451 1044
9.9_900_289_hh 8 8.03203 127.21308 1.032 231845 235469 1044
9.9_900_289_hh 10 8.03198 127.21351 1.013 237108 238617 1044
9.9_900_289_hh 12 8.03201 127.21139 0.982 239628 237455 1044
9.9_900_289_hh 14 8.03201 127.21231 0.992 240107 239185 1044
9.9_900_289_hh 16 8.03201 127.21141 0.998 244700 244497 1044
9.9_900_289_hh 1 9.49555 115.90559 0.596 221542 165518 1045
9.9_900_289_hh 3 9.49548 115.90480 0.997 164079 163797 1045
9.9_900_289_hh 5 9.49543 115.90556 1.030 163648 166090 1045
9.9_900_289_hh 7 9.49537 115.90557 1.030 165615 168051 1045
9.9_900_289_hh 9 9.49555 115.90474 0.996 165358 165009 1045
9.9_900_289_hh 11 9.49554 115.90475 0.975 163158 161065 1045
9.9_900_289_hh 13 9.49543 115.90583 0.938 166153 160861 1045
9.9_900_289_hh 15 9.49559 115.90538 1.164 158829 170899 1045
9.9_900_289_hh 17 9.49548 115.90522 0.837 170372 155206 1045
9.9_900_289_hh 2 7.15170 110.75640 1.008 167585 168273 1046
9.9_900_289_hh 4 7.15168 110.75600 1.002 166980 167186 1046
9.9_900_289_hh 6 7.15179 110.75516 0.981 168792 167179 1046
9.9_900_289_hh 8 7.15168 110.75597 0.974 166536 164327 1046
9.9_900_289_hh 10 7.15161 110.75638 0.942 166734 161723 1046
9.9_900_289_hh 12 7.15182 110.75545 1.094 159738 166940 1046
9.9_900_289_hh 14 7.15162 110.75776 0.975 160815 158807 1046
9.9_900_289_hh 16 7.15169 110.75689 1.020 171146 172875 1046
9.9_900_289_hh 1 7.53433 115.41186 0.414 156214 91504 1048
9.9_900_289_hh 3 7.53434 115.41220 1.008 91082 91460 1048
9.9_900_289_hh 5 7.53430 115.41205 1.031 91719 93125 1048
9.9_900_289_hh 7 7.53425 115.41159 1.043 89998 91894 1048
9.9_900_289_hh 9 7.53428 115.41113 0.971 92909 91532 1048
9.9_900_289_hh 11 7.53425 115.41161 0.956 90756 88721 1048
9.9_900_289_hh 13 7.53411 115.41149 0.955 90885 88781 1048
9.9_900_289_hh 15 7.53428 115.41162 1.160 88154 94701 1048
9.9_900_289_hh 17 7.53428 115.41192 0.822 95346 86033 1048
9.9_900_289_hh 2 8.74909 119.76219 1.012 75629 76070 1049
9.9_900_289_hh 4 8.74906 119.76214 0.972 77283 76166 1049
9.9_900_289_hh 6 8.74906 119.76168 0.995 77387 77188 1049
9.9_900_289_hh 8 8.74929 119.76326 0.997 78282 78184 1049
9.9_900_289_hh 10 8.74916 119.76109 1.030 76828 77956 1049
9.9_900_289_hh 12 8.74927 119.76171 1.006 76748 76976 1049
9.9_900_289_hh 14 8.74920 119.76307 0.971 76273 75133 1049
9.9_900_289_hh 16 8.74913 119.76021 1.020 79909 80691 1049
9.9_900_289_hh 1 8.70739 124.43488 0.408 72747 42157 1050
9.9_900_289_hh 3 8.70735 124.43146 1.014 42642 42943 1050
9.9_900_289_hh 5 8.70742 124.43512 1.077 41697 43251 1050
9.9_900_289_hh 7 8.70750 124.43424 1.093 42511 44395 1050
9.9_900_289_hh 9 8.70742 124.43200 0.935 44781 43267 1050
9.9_900_289_hh 11 8.70768 124.43470 0.962 45193 44329 1050
9.9_900_289_hh 13 8.70729 124.43285 1.120 42353 44756 1050
9.9_900_289_hh 15 8.70729 124.43050 1.145 44420 47425 1050
9.9_900_289_hh 17 8.70741 124.43320 0.781 47166 41370 1050
9.9_900_289_hh 2 8.97927 126.81674 0.992 312550 311246 1052
9.9_900_289_hh 4 8.97922 126.81730 0.908 329441 313589 1052
9.9_900_289_hh 6 8.97935 126.81710 1.076 317815 329428 1052
9.9_900_289_hh 8 8.97927 126.81794 1.038 324286 330261 1052
9.9_900_289_hh 10 8.97921 126.81847 1.033 329140 334429 1052
9.9_900_289_hh 12 8.97931 126.81729 0.978 333627 329922 1052
9.9_900_289_hh 14 8.97926 126.81796 0.982 334335 331283 1052
9.9_900_289_hh 16 8.97924 126.81666 1.009 341018 342466 1052
9.9_900_289_hh 1 8.19321 119.89483 0.391 308520 173380 1053
9.9_900_289_hh 3 8.19321 119.89498 0.996 174062 173675 1053
9.9_900_289_hh 5 8.19327 119.89448 1.044 173050 176795 1053
9.9_900_289_hh 7 8.19319 119.89506 1.051 173884 178188 1053
9.9_900_289_hh 9 8.19327 119.89336 0.935 179147 173112 1053
9.9_900_289_hh 11 8.19321 119.89575 0.966 179109 176055 1053
9.9_900_289_hh 13 8.19323 119.89466 1.021 174196 176031 1053
9.9_900_289_hh 15 8.19326 119.89418 1.132 172702 183426 1053
9.9_900_289_hh 17 8.19324 119.89475 0.818 184461 165957 1053
9.9_900_289_hh 2 8.09170 114.32130 1.006 136894 137298 1054
9.9_900_289_hh 4 8.09197 114.31945 1.029 135280 137228 1054
9.9_900_289_hh 6 8.09191 114.31972 0.973 137568 135705 1054
9.9_900_289_hh 8 8.09187 114.32039 0.984 138129 137045 1054
9.9_900_289_hh 10 8.09188 114.31994 0.987 135347 134436 1054
9.9_900_289_hh 12 8.09196 114.31785 1.039 132133 134630 1054
9.9_900_289_hh 14 8.09178 114.31991 0.973 132624 130836 1054
9.9_900_289_hh 16 8.09189 114.32012 1.009 141491 142136 1054
9.9_900_289_hh 1 8.40754 110.58340 0.253 128164 51695 1055
9.9_900_289_hh 3 8.40784 110.58364 0.922 51960 49862 1055
9.9_900_289_hh 5 8.40779 110.58618 0.990 52278 52021 1055
9.9_900_289_hh 7 8.40794 110.58326 1.077 49817 51664 1055
9.9_900_289_hh 9 8.40781 110.58342 0.966 50384 49515 1055
9.9_900_289_hh 11 8.40792 110.58397 0.999 48959 48927 1055
9.9_900_289_hh 13 8.40794 110.58285 0.948 49685 48352 1055
9.9_900_289_hh 15 8.40774 110.58185 1.293 48640 54853 1055
9.9_900_289_hh 17 8.40782 110.58345 0.792 54074 47805 1055
9.9_900_289_hh 2 7.81070 119.11278 0.992 159426 158759 1056
9.9_900_289_hh 4 7.81067 119.11238 0.971 161450 159114 1056
9.9_900_289_hh 6 7.81084 119.11184 1.003 160824 161086 1056
9.9_900_289_hh 8 7.81070 119.11291 1.002 163990 164188 1056
9.9_900_289_hh 10 7.81069 119.11266 1.000 162441 162427 1056
9.9_900_289_hh 12 7.81076 119.11209 1.009 161219 161971 1056
9.9_900_289_hh 14 7.81061 119.11278 0.951 161357 157310 1056
9.9_900_289_hh 16 7.81072 119.11200 0.999 168236 168148 1056
9.9_900_289_hh 1 9.00292 123.74131 0.229 152468 56877 1059
9.9_900_289_hh 3 9.00313 123.74263 1.089 56458 58857 1059
9.9_900_289_hh 5 9.00347 123.74164 1.015 56784 57195 1059
9.9_900_289_hh 7 9.00322 123.74393 1.012 57939 58274 1059
9.9_900_289_hh 9 9.00323 123.74090 1.019 58292 58850 1059
9.9_900_289_hh 11 9.00312 123.74245 1.001 59016 59037 1059
9.9_900_289_hh 13 9.00295 123.74162 1.012 58810 59171 1059
9.9_900_289_hh 15 9.00307 123.74279 1.109 57881 60867 1059
9.9_900_289_hh 17 9.00309 123.74179 0.808 61604 55054 1059
9.9_900_289_hh 2 7.88435 115.98116 1.013 54468 54823 1062
9.9_900_289_hh 4 7.88401 115.97749 1.032 53803 54662 1062
9.9_900_289_hh 6 7.88430 115.97913 0.998 54514 54448 1062
9.9_900_289_hh 8 7.88403 115.97916 0.973 55718 54961 1062
9.9_900_289_hh 10 7.88389 115.97939 0.958 54983 53790 1062
9.9_900_289_hh 12 7.88433 115.97948 1.051 52846 54168 1062
9.9_900_289_hh 14 7.88420 115.97881 0.994 52704 52543 1062
9.9_900_289_hh 16 7.88437 115.97800 0.965 58697 57641 1062
9.9_900_289_hh 1 8.10598 117.89600 1.267 51457 57513 1066
9.9_900_289_hh 3 8.10624 117.89512 1.039 56955 58042 1066
9.9_900_289_hh 5 8.10578 117.89642 1.059 57341 58991 1066
9.9_900_289_hh 7 8.10577 117.89516 1.088 57195 59614 1066
9.9_900_289_hh 9 8.10640 117.89600 0.975 58183 57452 1066
9.9_900_289_hh 11 8.10591 117.89730 0.990 57602 57316 1066
9.9_900_289_hh 13 8.10608 117.89644 0.965 58127 57089 1066
9.9_900_289_hh 15 8.10566 117.89529 1.213 55324 60653 1066
9.9_900_289_hh 17 8.10594 117.89608 0.837 59841 54543 1066
9.9_900_289_hh 2 8.29074 125.09631 1.013 83897 84457 1069
9.9_900_289_hh 4 8.29077 125.09602 0.962 86318 84665 1069
9.9_900_289_hh 6 8.29069 125.09727 1.028 84944 86119 1069
9.9_900_289_hh 8 8.29074 125.09866 1.056 85216 87532 1069
9.9_900_289_hh 10 8.29074 125.09698 1.026 86239 87353 1069
9.9_900_289_hh 12 8.29060 125.09844 0.962 87734 86033 1069
9.9_900_289_hh 14 8.29084 125.09747 0.963 88114 86445 1069
9.9_900_289_hh 16 8.29075 125.09719 1.016 94110 94860 1069
9.9_900_289_hh 1 8.61380 120.34053 0.631 82002 63471 1071
9.9_900_289_hh 3 8.61346 120.33873 1.075 62084 64340 1071
9.9_900_289_hh 5 8.61339 120.33848 1.053 61969 63580 1071
9.9_900_289_hh 7 8.61372 120.34078 1.040 63392 64648 1071
9.9_900_289_hh 9 8.61351 120.34030 0.961 64966 63662 1071
9.9_900_289_hh 11 8.61362 120.33897 1.013 64710 65124 1071
9.9_900_289_hh 13 8.61379 120.34057 1.030 63483 64430 1071
9.9_900_289_hh 15 8.61363 120.33838 1.151 63385 67839 1071
9.9_900_289_hh 17 8.61356 120.33966 0.813 67443 60501 1071
9.9_900_289_hh 2 8.70359 120.10508 0.999 88538 88501 1072
9.9_900_289_hh 4 8.70328 120.10493 0.970 90232 88858 1072
9.9_900_289_hh 6 8.70348 120.10455 1.020 89541 90416 1072
9.9_900_289_hh 8 8.70329 120.10531 0.982 91706 90889 1072
9.9_900_289_hh 10 8.70322 120.10646 1.018 90106 90929 1072
9.9_900_289_hh 12 8.70348 120.10462 0.989 89769 89260 1072
9.9_900_289_hh 14 8.70362 120.10569 0.970 89868 88504 1072
9.9_900_289_hh 16 8.70329 120.10531 0.990 94670 94190 1072
9.9_900_289_hh 1 8.27602 132.35652 0.427 85058 50942 1073
9.9_900_289_hh 3 8.27613 132.36080 1.169 51642 55664 1073
9.9_900_289_hh 5 8.27618 132.35757 0.990 51889 51641 1073
9.9_900_289_hh 7 8.27585 132.36002 0.947 54936 53432 1073
9.9_900_289_hh 9 8.27602 132.36016 1.060 54258 55850 1073
9.9_900_289_hh 11 8.27607 132.35990 1.036 55300 56288 1073
9.9_900_289_hh 13 8.27569 132.36106 1.013 55141 55507 1073
9.9_900_289_hh 15 8.27610 132.35949 1.051 57161 58592 1073
9.9_900_289_hh 17 8.27594 132.35936 0.745 60564 51694 1073
9.9_900_289_hh 2 8.89395 124.39237 1.012 95988 96571 1077
9.9_900_289_hh 4 8.89395 124.39277 0.931 100146 96563 1077
9.9_900_289_hh 6 8.89391 124.39194 1.009 98323 98787 1077
9.9_900_289_hh 8 8.89382 124.39218 1.021 100211 101268 1077
9.9_900_289_hh 10 8.89387 124.39348 1.062 99315 102305 1077
9.9_900_289_hh 12 8.89409 124.39274 0.958 101260 99114 1077
9.9_900_289_hh 14 8.89409 124.39262 0.993 101305 100933 1077
9.9_900_289_hh 16 8.89406 124.39069 0.996 104983 104781 1077
9.9_900_289_hh 1 8.50885 115.51900 0.818 94226 84766 1078
9.9_900_289_hh 3 8.50905 115.51818 0.976 83993 82980 1078
9.9_900_289_hh 5 8.50894 115.51953 1.018 84304 85037 1078
9.9_900_289_hh 7 8.50909 115.51872 1.067 82898 85593 1078
9.9_900_289_hh 9 8.50905 115.51927 0.961 84756 83067 1078
9.9_900_289_hh 11 8.50886 115.51948 0.946 83907 81568 1078
9.9_900_289_hh 13 8.50879 115.51830 0.992 82542 82231 1078
9.9_900_289_hh 15 8.50888 115.51844 1.211 80313 87961 1078
9.9_900_289_hh 17 8.50893 115.51872 0.812 88202 79066 1078
9.9_900_289_hh 2 8.42274 123.12516 0.992 197080 196241 1079
9.9_900_289_hh 4 8.42272 123.12543 0.914 205100 195905 1079
9.9_900_289_hh 6 8.42277 123.12445 1.028 200801 203615 1079
9.9_900_289_hh 8 8.42272 123.12458 1.030 202910 205861 1079
9.9_900_289_hh 10 8.42271 123.12559 1.020 204419 206422 1079
9.9_900_289_hh 12 8.42270 123.12436 0.987 205017 203693 1079
9.9_900_289_hh 14 8.42276 123.12514 0.980 204401 202298 1079
9.9_900_289_hh 16 8.42274 123.12509 1.010 210526 211616 1079
9.9_900_289_hh 1 8.55400 128.93954 0.078 191524 27734 1080
9.9_900_289_hh 3 8.55444 128.93951 1.043 27631 28208 1080
9.9_900_289_hh 5 8.55455 128.94104 1.001 27892 27912 1080
9.9_900_289_hh 7 8.55406 128.94063 0.946 28977 28177 1080
9.9_900_289_hh 9 8.55420 128.94022 1.013 29036 29219 1080
9.9_900_289_hh 11 8.55475 128.94296 0.958 30099 29459 1080
9.9_900_289_hh 13 8.55411 128.94548 1.082 29240 30391 1080
9.9_900_289_hh 15 8.55410 128.94129 1.095 29899 31261 1080
9.9_900_289_hh 17 8.55419 128.94103 0.773 31483 27448 1080
9.9_900_289_hh 2 8.49822 116.46388 0.997 579784 579055 1081
9.9_900_289_hh 4 8.49821 116.46369 0.971 587927 579311 1081
9.9_900_289_hh 6 8.49820 116.46328 1.000 586671 586573 1081
9.9_900_289_hh 8 8.49821 116.46372 0.994 589134 587368 1081
9.9_900_289_hh 10 8.49819 116.46390 0.979 586799 580639 1081
9.9_900_289_hh 12 8.49822 116.46325 1.052 571304 585757 1081
9.9_900_289_hh 14 8.49821 116.46446 0.972 572291 564269 1081
9.9_900_289_hh 16 8.49821 116.46312 1.007 599146 601312 1081
9.9_900_289_hh 1 7.77660 107.40816 0.187 549255 172827 1082
9.9_900_289_hh 3 7.77665 107.40879 0.973 175279 172882 1082
9.9_900_289_hh 5 7.77667 107.40788 0.993 173918 173346 1082
9.9_900_289_hh 7 7.77640 107.40776 0.973 172478 170076 1082
9.9_900_289_hh 9 7.77651 107.40772 1.059 168097 172893 1082
9.9_900_289_hh 11 7.77665 107.41028 0.988 164987 163953 1082
9.9_900_289_hh 13 7.77655 107.40958 0.894 173323 163619 1082
9.9_900_289_hh 15 7.77654 107.40860 1.186 163553 177439 1082
9.9_900_289_hh 17 7.77659 107.40880 0.832 177225 160935 1082
9.9_900_289_hh 2 8.37394 118.22286 0.994 616723 614975 1083
9.9_900_289_hh 4 8.37394 118.22286 0.968 626448 616416 1083
9.9_900_289_hh 6 8.37395 118.22246 1.009 624811 627746 1083
9.9_900_289_hh 8 8.37393 118.22268 0.997 629677 628693 1083
9.9_900_289_hh 10 8.37395 118.22276 0.987 626899 622766 1083
9.9_900_289_hh 12 8.37396 118.22229 1.030 617553 626724 1083
9.9_900_289_hh 14 8.37394 118.22327 0.975 616130 608464 1083
9.9_900_289_hh 16 8.37394 118.22225 0.999 645926 645468 1083
9.9_900_289_hh 1 7.40339 120.96501 0.827 587966 532210 1084
9.9_900_289_hh 3 7.40338 120.96479 1.067 533013 550197 1084
9.9_900_289_hh 5 7.40338 120.96522 1.035 531796 540859 1084
9.9_900_289_hh 7 7.40338 120.96555 0.997 549885 549119 1084
9.9_900_289_hh 9 7.40342 120.96475 0.988 553173 549719 1084
9.9_900_289_hh 11 7.40338 120.96529 0.975 552099 545197 1084
9.9_900_289_hh 13 7.40341 120.96544 0.987 549218 545648 1084
9.9_900_289_hh 15 7.40340 120.96414 1.100 538004 563660 1084
9.9_900_289_hh 17 7.40339 120.96496 0.838 564386 514599 1084
9.9_900_289_hh 2 8.74306 123.77659 0.996 122476 122218 1086
9.9_900_289_hh 4 8.74305 123.77701 0.950 125624 122373 1086
9.9_900_289_hh 6 8.74325 123.77632 1.045 124265 126974 1086
9.9_900_289_hh 8 8.74322 123.77740 1.020 126947 128202 1086
9.9_900_289_hh 10 8.74322 123.77688 1.046 126853 129707 1086
9.9_900_289_hh 12 8.74317 123.77770 0.960 128865 126208 1086
9.9_900_289_hh 14 8.74310 123.77746 0.991 127676 127071 1086
9.9_900_289_hh 16 8.74304 123.77688 1.008 132418 132923 1086
9.9_900_289_hh 1 8.24249 116.72636 1.116 119459 126033 1090
9.9_900_289_hh 3 8.24254 116.72606 1.013 126051 126894 1090
9.9_900_289_hh 5 8.24253 116.72619 1.009 126564 127114 1090
9.9_900_289_hh 7 8.24249 116.72692 0.997 127649 127446 1090
9.9_900_289_hh 9 8.24261 116.72580 0.997 127657 127489 1090
9.9_900_289_hh 11 8.24251 116.72736 0.946 126961 123460 1090
9.9_900_289_hh 13 8.24251 116.72717 0.937 127997 123864 1090
9.9_900_289_hh 15 8.24247 116.72609 1.108 123513 129859 1090
9.9_900_289_hh 17 8.24252 116.72658 0.854 129456 119294 1090
9.9_900_289_hh 2 8.31314 111.42103 1.103 27524 28872 2031
9.9_900_289_hh 4 8.31305 111.41999 0.987 28669 28483 2031
9.9_900_289_hh 6 8.31355 111.42190 1.058 28561 29363 2031
9.9_900_289_hh 8 8.31297 111.41819 1.015 27920 28130 2031
9.9_900_289_hh 10 8.31304 111.42184 0.939 27593 26722 2031
9.9_900_289_hh 12 8.31313 111.42142 1.178 26315 28467 2031
9.9_900_289_hh 14 8.31311 111.41997 0.967 26314 25869 2031
9.9_900_289_hh 16 8.31285 111.41746 1.004 28241 28301 2031
9.9_900_289_hh 1 8.33516 109.77463 2.027 26197 35086 2033
9.9_900_289_hh 3 8.33512 109.77473 0.990 33851 33679 2033
9.9_900_289_hh 5 8.33492 109.77451 1.011 34243 34434 2033
9.9_900_289_hh 7 8.33501 109.77690 1.075 34123 35364 2033
9.9_900_289_hh 9 8.33545 109.77504 1.006 33112 33210 2033
9.9_900_289_hh 11 8.33502 109.77667 1.002 33470 33500 2033
9.9_900_289_hh 13 8.33487 109.77463 0.916 34409 32894 2033
9.9_900_289_hh 15 8.33553 109.77566 1.314 32589 37017 2033
9.9_900_289_hh 17 8.33507 109.77528 0.769 37079 32239 2033
9.9_900_289_hh 2 8.35088 110.68880 0.980 20618 20412 2043
9.9_900_289_hh 4 8.35121 110.68702 1.009 20891 20983 2043
9.9_900_289_hh 6 8.35074 110.68635 0.968 20993 20647 2043
9.9_900_289_hh 8 8.35081 110.68826 0.914 21119 20167 2043
9.9_900_289_hh 10 8.35110 110.68844 0.881 21354 20002 2043
9.9_900_289_hh 12 8.35127 110.68962 1.094 20031 20932 2043
9.9_900_289_hh 14 8.35089 110.68999 1.010 20197 20299 2043
9.9_900_289_hh 16 8.35098 110.68718 1.034 20776 21124 2043
9.9_900_289_hh 1 8.25496 108.57056 0.862 19444 17999 2045
9.9_900_289_hh 3 8.25509 108.57072 1.118 17224 18184 2045
9.9_900_289_hh 5 8.25526 108.57321 0.971 18196 17931 2045
9.9_900_289_hh 7 8.25508 108.57242 0.908 18732 17829 2045
9.9_900_289_hh 9 8.25457 108.57205 1.000 17711 17714 2045
9.9_900_289_hh 11 8.25509 108.57095 0.922 17598 16881 2045
9.9_900_289_hh 13 8.25471 108.57522 0.986 17661 17534 2045
9.9_900_289_hh 15 8.25494 108.56592 1.127 17384 18419 2045
9.9_900_289_hh 17 8.25493 108.57192 0.814 18727 16807 2045
9.9_900_289_hh 2 8.17541 110.90685 0.993 23684 23601 2055
9.9_900_289_hh 4 8.17564 110.90700 1.075 23301 24146 2055
9.9_900_289_hh 6 8.17560 110.90966 0.980 23487 23247 2055
9.9_900_289_hh 8 8.17576 110.90934 0.944 23299 22622 2055
9.9_900_289_hh 10 8.17519 110.90980 0.961 23195 22729 2055
9.9_900_289_hh 12 8.17561 110.90562 1.112 22398 23583 2055
9.9_900_289_hh 14 8.17558 110.91144 0.988 22313 22181 2055
9.9_900_289_hh 16 8.17534 110.90796 0.956 24055 23512 2055
9.9_900_289_hh 1 10.01789 128.47199 1.177 21844 23619 2070
9.9_900_289_hh 3 10.01758 128.46649 1.056 23697 24343 2070
9.9_900_289_hh 5 10.01800 128.47111 1.068 24253 25051 2070
9.9_900_289_hh 7 10.01777 128.47161 0.965 25288 24834 2070
9.9_900_289_hh 9 10.01766 128.47177 0.955 25493 24908 2070
9.9_900_289_hh 11 10.01779 128.47394 1.049 25150 25748 2070
9.9_900_289_hh 13 10.01801 128.47168 1.024 25078 25376 2070
9.9_900_289_hh 15 10.01807 128.47378 1.099 25409 26608 2070
9.9_900_289_hh 17 10.01786 128.47189 0.798 26606 23615 2070
9.9_900_289_hh 2 8.22625 120.44141 1.000 176137 176102 2076
9.9_900_289_hh 4 8.22626 120.44057 0.945 181082 175918 2076
9.9_900_289_hh 6 8.22628 120.44110 1.040 177840 181297 2076
9.9_900_289_hh 8 8.22626 120.44169 1.012 180669 181734 2076
9.9_900_289_hh 10 8.22627 120.44141 0.999 181582 181505 2076
9.9_900_289_hh 12 8.22626 120.44016 1.022 179580 181541 2076
9.9_900_289_hh 14 8.22626 120.44154 0.953 179190 174898 2076
9.9_900_289_hh 16 8.22622 120.44053 1.004 182061 182444 2076
9.9_900_289_hh 1 8.25013 126.66915 0.765 169034 146557 2077
9.9_900_289_hh 3 8.25014 126.67017 1.116 146352 154369 2077
9.9_900_289_hh 5 8.25014 126.67013 1.013 146589 147510 2077
9.9_900_289_hh 7 8.25010 126.66979 0.935 155097 149917 2077
9.9_900_289_hh 9 8.25014 126.66941 1.020 153133 154636 2077
9.9_900_289_hh 11 8.25015 126.67021 1.019 154410 155898 2077
9.9_900_289_hh 13 8.25011 126.67304 0.982 154702 153311 2077
9.9_900_289_hh 15 8.25011 126.66968 1.028 154467 156584 2077
9.9_900_289_hh 17 8.25014 126.66992 0.845 156660 143541 2077
9.9_900_289_hh 2 7.97965 119.57503 0.991 148295 147608 2078
9.9_900_289_hh 4 7.97968 119.57513 0.935 152683 147566 2078
9.9_900_289_hh 6 7.97966 119.57405 1.020 150390 151890 2078
9.9_900_289_hh 8 7.97961 119.57547 1.004 152961 153255 2078
9.9_900_289_hh 10 7.97964 119.57541 1.006 152273 152753 2078
9.9_900_289_hh 12 7.97966 119.57483 1.013 150771 151777 2078
9.9_900_289_hh 14 7.97970 119.57584 0.946 150969 146777 2078
9.9_900_289_hh 16 7.97966 119.57472 0.997 153501 153287 2078
9.9_900_289_hh 1 8.27227 121.45918 2.031 142162 190517 2081
9.9_900_289_hh 3 8.27224 121.45876 1.101 190227 199353 2081
9.9_900_289_hh 5 8.27225 121.45959 1.028 190565 193212 2081
9.9_900_289_hh 7 8.27228 121.45953 0.969 199492 196394 2081
9.9_900_289_hh 9 8.27225 121.45865 1.014 197747 199074 2081
9.9_900_289_hh 11 8.27227 121.45967 0.982 197450 195691 2081
9.9_900_289_hh 13 8.27226 121.45946 0.984 197271 195659 2081
9.9_900_289_hh 15 8.27225 121.45891 1.069 193460 199937 2081
9.9_900_289_hh 17 8.27226 121.45917 0.858 199739 184458 2081
9.9_900_289_hh 2 7.88733 114.58379 1.006 142191 142651 2082
9.9_900_289_hh 4 7.88736 114.58330 0.984 143323 142154 2082
9.9_900_289_hh 6 7.88736 114.58233 1.002 142851 142972 2082
9.9_900_289_hh 8 7.88734 114.58255 0.972 143723 141656 2082
9.9_900_289_hh 10 7.88734 114.58284 0.955 143224 139894 2082
9.9_900_289_hh 12 7.88737 114.58157 1.070 138482 143141 2082
9.9_900_289_hh 14 7.88738 114.58296 0.969 138754 136575 2082
9.9_900_289_hh 16 7.88736 114.58111 1.000 143900 143890 2082
9.9_900_289_hh 1 8.27077 121.08887 1.524 133493 161192 2083
9.9_900_289_hh 3 8.27073 121.08897 1.099 160506 168087 2083
9.9_900_289_hh 5 8.27075 121.08913 1.035 161616 164374 2083
9.9_900_289_hh 7 8.27079 121.08926 0.971 168176 165716 2083
9.9_900_289_hh 9 8.27078 121.08897 0.998 167364 167172 2083
9.9_900_289_hh 11 8.27075 121.08917 0.974 167072 164847 2083
9.9_900_289_hh 13 8.27074 121.08943 0.972 167596 165174 2083
9.9_900_289_hh 15 8.27076 121.08833 1.062 163452 168388 2083
9.9_900_289_hh 17 8.27076 121.08899 0.856 169021 155868 2083
9.9_900_289_hh 2 7.87768 122.59120 0.995 160427 160065 2084
9.9_900_289_hh 4 7.87772 122.59138 0.916 167658 160308 2084
9.9_900_289_hh 6 7.87770 122.59140 1.044 164623 168201 2084
9.9_900_289_hh 8 7.87767 122.59232 1.033 164826 167503 2084
9.9_900_289_hh 10 7.87770 122.59160 1.004 168034 168405 2084
9.9_900_289_hh 12 7.87768 122.59021 1.009 167139 167881 2084
9.9_900_289_hh 14 7.87766 122.59174 0.963 166894 163746 2084
9.9_900_289_hh 16 7.87768 122.59147 1.000 168452 168432 2084
9.9_900_289_hh 1 8.06089 126.63800 0.207 156035 53429 2094
9.9_900_289_hh 3 8.06085 126.63666 1.126 53682 56860 2094
9.9_900_289_hh 5 8.06089 126.63823 1.004 53540 53654 2094
9.9_900_289_hh 7 8.06096 126.63769 0.952 56102 54720 2094
9.9_900_289_hh 9 8.06089 126.63790 0.981 56113 55576 2094
9.9_900_289_hh 11 8.06096 126.63808 0.964 57132 56082 2094
9.9_900_289_hh 13 8.06097 126.63720 1.010 56175 56453 2094
9.9_900_289_hh 15 8.06099 126.63633 1.051 55499 56887 2094
9.9_900_289_hh 17 8.06094 126.63752 0.842 57213 52301 2094
9.9_900_289_hh 2 8.23464 127.43533 0.999 51588 51551 2095
9.9_900_289_hh 4 8.23465 127.43492 0.912 54198 51694 2095
9.9_900_289_hh 6 8.23458 127.43930 1.123 52530 55562 2095
9.9_900_289_hh 8 8.23448 127.43851 1.054 53420 54813 2095
9.9_900_289_hh 10 8.23464 127.43889 0.986 55556 55156 2095
9.9_900_289_hh 12 8.23456 127.43755 1.032 54669 55530 2095
9.9_900_289_hh 14 8.23446 127.43900 0.978 56024 55406 2095
9.9_900_289_hh 16 8.23445 127.43794 0.996 55861 55745 2095
9.9_900_289_hh 1 7.90577 128.98756 -2.389 51104 175800 2098
9.9_900_289_hh 3 7.90578 128.99069 1.126 175203 185570 2098
9.9_900_289_hh 5 7.90577 128.98895 1.027 174365 176688 2098
9.9_900_289_hh 7 7.90578 128.99048 0.924 185303 177944 2098
9.9_900_289_hh 9 7.90579 128.98855 1.046 182187 186275 2098
9.9_900_289_hh 11 7.90580 128.98957 1.004 186053 186385 2098
9.9_900_289_hh 13 7.90578 128.98970 1.001 187090 187211 2098
9.9_900_289_hh 15 7.90575 128.98884 1.036 184709 188009 2098
9.9_900_289_hh 17 7.90578 128.98916 0.844 188132 172172 2098
9.9_900_289_hh 2 9.84152 130.06112 0.993 29580 29469 2347
9.9_900_289_hh 4 9.84127 130.06048 0.878 31392 29361 2347
9.9_900_289_hh 6 9.84131 130.05635 1.038 30246 30810 2347
9.9_900_289_hh 8 9.84129 130.05952 1.048 30626 31343 2347
9.9_900_289_hh 10 9.84115 130.06078 0.943 32084 31141 2347
9.9_900_289_hh 12 9.84168 130.06455 1.002 31921 31950 2347
9.9_900_289_hh 14 9.84110 130.06291 0.973 32139 31696 2347
9.9_900_289_hh 16 9.84131 130.06184 0.990 33882 33710 2347
9.9_900_289_hh 1 8.66306 129.51123 0.877 29491 27554 3020
9.9_900_289_hh 3 8.66363 129.51223 1.136 28146 29939 3020
9.9_900_289_hh 5 8.66322 129.51296 1.022 28085 28384 3020
9.9_900_289_hh 7 8.66348 129.50997 0.954 29985 29282 3020
9.9_900_289_hh 9 8.66335 129.51105 0.954 29960 29258 3020
9.9_900_289_hh 11 8.66321 129.51374 0.986 30966 30745 3020
9.9_900_289_hh 13 8.66364 129.51624 1.072 29213 30226 3020
9.9_900_289_hh 15 8.66329 129.51008 1.068 31267 32296 3020
9.9_900_289_hh 17 8.66339 129.51181 0.772 32234 28091 3020
9.9_900_289_hh 2 9.04074 125.27891 1.011 99229 99778 3030
9.9_900_289_hh 4 9.04094 125.27878 0.928 103880 99994 3030
9.9_900_289_hh 6 9.04077 125.28097 1.122 99985 105742 3030
9.9_900_289_hh 8 9.04075 125.27966 1.025 102468 103709 3030
9.9_900_289_hh 10 9.04060 125.27998 1.014 104259 105001 3030
9.9_900_289_hh 12 9.04078 125.27834 0.979 105490 104352 3030
9.9_900_289_hh 14 9.04072 125.27972 0.989 104264 103670 3030
9.9_900_289_hh 16 9.04080 125.27914 0.974 110447 108989 3030
9.9_900_289_hh 1 7.65565 118.06086 12.742 97721 181220 3032
9.9_900_289_hh 3 7.65565 118.06086 1.047 180727 184834 3032
9.9_900_289_hh 5 7.65565 118.06086 1.030 181269 183962 3032
9.9_900_289_hh 7 7.65565 118.06086 0.997 185451 185215 3032
9.9_900_289_hh 9 7.65565 118.06086 1.000 184729 184767 3032
9.9_900_289_hh 11 7.65565 118.06086 0.962 184086 180538 3032
9.9_900_289_hh 13 7.65565 118.06086 0.952 184596 180064 3032
9.9_900_289_hh 15 7.65565 118.06086 1.172 177338 191359 3032
9.9_900_289_hh 17 7.65565 118.06086 0.834 190236 172964 3032
9.9_900_289_hh 2 8.20160 118.82150 1.011 199120 200165 3034
9.9_900_289_hh 4 8.20164 118.82221 0.974 203204 200521 3034
9.9_900_289_hh 6 8.20151 118.82020 1.015 202117 203598 3034
9.9_900_289_hh 8 8.20165 118.82068 0.997 204316 203964 3034
9.9_900_289_hh 10 8.20165 118.82154 0.988 204575 203337 3034
9.9_900_289_hh 12 8.20161 118.82141 1.046 200205 204696 3034
9.9_900_289_hh 14 8.20167 118.82167 0.971 200607 197621 3034
9.9_900_289_hh 16 8.20169 118.82120 1.002 209959 210138 3034
9.9_900_289_hh 1 6.98799 118.58813 0.186 191067 59932 3035
9.9_900_289_hh 3 6.98808 118.58673 1.022 59557 60197 3035
9.9_900_289_hh 5 6.98806 118.58549 1.020 60441 61045 3035
9.9_900_289_hh 7 6.98811 118.58550 1.036 60952 62035 3035
9.9_900_289_hh 9 6.98804 118.58578 0.982 61708 61149 3035
9.9_900_289_hh 11 6.98816 118.58736 0.961 60868 59651 3035
9.9_900_289_hh 13 6.98800 118.58708 0.950 61132 59566 3035
9.9_900_289_hh 15 6.98812 118.58612 1.082 60260 62629 3035
9.9_900_289_hh 17 6.98802 118.58667 0.822 63525 57332 3035
9.9_900_289_hh 2 8.86982 130.57409 0.960 27707 27135 3036
9.9_900_289_hh 4 8.86949 130.57278 0.776 29969 26196 3036
9.9_900_289_hh 6 8.86982 130.57409 1.126 27915 29571 3036
9.9_900_289_hh 8 8.86984 130.57756 1.097 28229 29529 3036
9.9_900_289_hh 10 8.86986 130.57391 1.050 29320 30038 3036
9.9_900_289_hh 12 8.86986 130.57482 0.945 29850 29009 3036
9.9_900_289_hh 14 8.86984 130.57477 1.028 30024 30434 3036
9.9_900_289_hh 16 8.87008 130.57457 1.038 30646 31223 3036
9.9_900_289_hh 1 8.89262 120.68611 -5.336 27458 67582 3040
9.9_900_289_hh 3 8.89268 120.68532 1.017 68600 69162 3040
9.9_900_289_hh 5 8.89256 120.68605 1.046 67739 69276 3040
9.9_900_289_hh 7 8.89270 120.68622 0.979 69894 69153 3040
9.9_900_289_hh 9 8.89246 120.68400 0.982 70713 70068 3040
9.9_900_289_hh 11 8.89245 120.68518 0.993 70138 69903 3040
9.9_900_289_hh 13 8.89279 120.68515 1.016 68711 69240 3040
9.9_900_289_hh 15 8.89265 120.68454 1.151 67838 72603 3040
9.9_900_289_hh 17 8.89257 120.68535 0.811 73132 65515 3040
9.9_900_289_hh 2 8.48412 107.90753 1.005 89229 89434 3041
9.9_900_289_hh 4 8.48375 107.90764 1.025 88852 89960 3041
9.9_900_289_hh 6 8.48380 107.90735 1.021 88507 89406 3041
9.9_900_289_hh 8 8.48384 107.90896 0.977 87916 86899 3041
9.9_900_289_hh 10 8.48368 107.90824 0.905 88905 84450 3041
9.9_900_289_hh 12 8.48378 107.90651 1.106 83856 88085 3041
9.9_900_289_hh 14 8.48383 107.90870 0.968 83364 82028 3041
9.9_900_289_hh 16 8.48366 107.90612 1.038 92361 94079 3041
9.9_900_289_hh 1 8.44526 109.83089 1.200 82784 90321 3043
9.9_900_289_hh 3 8.44516 109.82999 0.986 89997 89358 3043
9.9_900_289_hh 5 8.44507 109.83121 1.005 88704 88947 3043
9.9_900_289_hh 7 8.44510 109.83165 1.008 88658 88996 3043
9.9_900_289_hh 9 8.44521 109.82985 1.034 87961 89420 3043
9.9_900_289_hh 11 8.44528 109.83191 0.983 85137 84392 3043
9.9_900_289_hh 13 8.44539 109.83195 0.905 88176 83767 3043
9.9_900_289_hh 15 8.44526 109.82969 1.271 84013 94033 3043
9.9_900_289_hh 17 8.44523 109.83077 0.793 94134 83295 3043
9.9_900_289_hh 2 7.97468 126.74634 0.993 106489 106122 3044
9.9_900_289_hh 4 7.97458 126.74700 0.910 112808 107464 3044
9.9_900_289_hh 6 7.97467 126.74466 1.070 108141 111790 3044
9.9_900_289_hh 8 7.97458 126.74717 1.029 111314 112890 3044
9.9_900_289_hh 10 7.97465 126.74900 1.039 111701 113814 3044
9.9_900_289_hh 12 7.97451 126.74660 0.966 114741 112761 3044
9.9_900_289_hh 14 7.97454 126.74902 1.001 114615 114667 3044
9.9_900_289_hh 16 7.97455 126.74623 1.023 116765 118084 3044
9.9_900_289_hh 1 9.45521 115.74511 0.287 105539 47110 3045
9.9_900_289_hh 3 9.45562 115.74396 0.990 48298 48052 3045
9.9_900_289_hh 5 9.45544 115.74538 0.997 47853 47779 3045
9.9_900_289_hh 7 9.45533 115.74612 1.015 48182 48551 3045
9.9_900_289_hh 9 9.45493 115.74407 1.017 47542 47948 3045
9.9_900_289_hh 11 9.45567 115.74563 0.985 47568 47210 3045
9.9_900_289_hh 13 9.45525 115.74580 0.947 47695 46392 3045
9.9_900_289_hh 15 9.45552 115.74872 1.301 45118 51022 3045
9.9_900_289_hh 17 9.45541 115.74532 0.807 50512 45108 3045
9.9_900_289_hh 2 8.34840 127.65384 0.988 83529 83027 3051
9.9_900_289_hh 4 8.34846 127.65428 0.877 89027 83180 3051
9.9_900_289_hh 6 8.34847 127.65516 1.092 84531 88263 3051
9.9_900_289_hh 8 8.34835 127.65622 1.047 85529 87475 3051
9.9_900_289_hh 10 8.34842 127.65534 1.004 88503 88690 3051
9.9_900_289_hh 12 8.34843 127.65625 0.998 89426 89344 3051
9.9_900_289_hh 14 8.34839 127.65603 0.992 88848 88473 3051
9.9_900_289_hh 16 8.34845 127.65507 0.994 89232 88959 3051
9.9_900_289_hh 1 7.71571 118.75110 0.739 82120 69816 3056
9.9_900_289_hh 3 7.71603 118.74736 1.029 69729 70741 3056
9.9_900_289_hh 5 7.71552 118.75152 1.065 69668 71867 3056
9.9_900_289_hh 7 7.71567 118.75158 1.039 70404 71758 3056
9.9_900_289_hh 9 7.71568 118.75041 1.006 70801 71011 3056
9.9_900_289_hh 11 7.71583 118.74912 0.985 70624 70108 3056
9.9_900_289_hh 13 7.71577 118.74936 0.969 70741 69633 3056
9.9_900_289_hh 15 7.71559 118.74849 1.144 69026 73676 3056
9.9_900_289_hh 17 7.71572 118.74962 0.799 75132 66749 3056
9.9_900_289_hh 2 8.71002 123.43957 1.000 69765 69775 3057
9.9_900_289_hh 4 8.70993 123.43801 0.947 72225 70243 3057
9.9_900_289_hh 6 8.70988 123.43830 1.069 71121 73492 3057
9.9_900_289_hh 8 8.70991 123.43880 1.029 72698 73743 3057
9.9_900_289_hh 10 8.70976 123.43904 1.024 72451 73303 3057
9.9_900_289_hh 12 8.70985 123.43953 0.990 73248 72883 3057
9.9_900_289_hh 14 8.70976 123.43943 0.971 72998 71909 3057
9.9_900_289_hh 16 8.70963 123.43860 1.010 77359 77762 3057
9.9_900_289_hh 1 8.33072 132.76329 0.320 68528 33244 3073
9.9_900_289_hh 3 8.33078 132.76256 1.168 33123 35691 3073
9.9_900_289_hh 5 8.33091 132.76289 0.980 33838 33500 3073
9.9_900_289_hh 7 8.33065 132.76376 0.939 35591 34464 3073
9.9_900_289_hh 9 8.33080 132.76391 1.150 34776 37197 3073
9.9_900_289_hh 11 8.33115 132.76549 0.980 36709 36340 3073
9.9_900_289_hh 13 8.33095 132.76558 1.023 36282 36691 3073
9.9_900_289_hh 15 8.33102 132.76227 1.105 36945 38786 3073
9.9_900_289_hh 17 8.33092 132.76367 0.749 39327 33677 3073
9.9_900_289_hh 2 8.34157 127.18422 0.998 157921 157744 3077
9.9_900_289_hh 4 8.34156 127.18465 0.894 167355 158027 3077
9.9_900_289_hh 6 8.34155 127.18436 1.099 160366 167941 3077
9.9_900_289_hh 8 8.34157 127.18532 1.031 163581 166105 3077
9.9_900_289_hh 10 8.34154 127.18579 1.002 168048 168226 3077
9.9_900_289_hh 12 8.34158 127.18414 0.985 168656 167421 3077
9.9_900_289_hh 14 8.34159 127.18527 0.986 168202 166988 3077
9.9_900_289_hh 16 8.34154 127.18496 1.007 168680 169308 3077
9.9_900_289_hh 1 8.50963 115.13417 0.329 155563 77031 3078
9.9_900_289_hh 3 8.50967 115.13380 0.985 77355 76783 3078
9.9_900_289_hh 5 8.50968 115.13446 1.018 76777 77474 3078
9.9_900_289_hh 7 8.50963 115.13478 1.031 77212 78404 3078
9.9_900_289_hh 9 8.50946 115.13452 1.005 77785 77979 3078
9.9_900_289_hh 11 8.50953 115.13472 0.978 76205 75352 3078
9.9_900_289_hh 13 8.50966 115.13486 0.951 77041 75102 3078
9.9_900_289_hh 15 8.50949 115.13346 1.238 73483 81301 3078
9.9_900_289_hh 17 8.50957 115.13413 0.808 81378 72745 3078
9.9_900_289_hh 2 8.39129 129.51817 0.983 58945 58430 3080
9.9_900_289_hh 4 8.39147 129.51805 0.873 63114 58819 3080
9.9_900_289_hh 6 8.39156 129.51920 1.096 60362 63116 3080
9.9_900_289_hh 8 8.39139 129.52007 1.059 60082 61816 3080
9.9_900_289_hh 10 8.39145 129.51835 0.967 63599 62518 3080
9.9_900_289_hh 12 8.39144 129.51831 1.020 62102 62726 3080
9.9_900_289_hh 14 8.39122 129.51923 0.963 63901 62686 3080
9.9_900_289_hh 16 8.39142 129.51914 1.027 66260 67136 3080
9.9_900_289_hh 1 7.73652 107.26694 1.841 58565 75902 3082
9.9_900_289_hh 3 7.73646 107.26809 1.010 74782 75155 3082
9.9_900_289_hh 5 7.73644 107.26664 0.978 75658 74830 3082
9.9_900_289_hh 7 7.73651 107.26683 0.958 75537 73911 3082
9.9_900_289_hh 9 7.73633 107.26695 1.060 73154 75272 3082
9.9_900_289_hh 11 7.73660 107.26820 0.990 71434 71085 3082
9.9_900_289_hh 13 7.73666 107.26842 0.897 75532 71420 3082
9.9_900_289_hh 15 7.73672 107.26602 1.278 70640 79268 3082
9.9_900_289_hh 17 7.73655 107.26711 0.797 79070 70156 3082
9.9_900_289_hh 2 8.65329 121.71742 1.014 72563 73076 4038
9.9_900_289_hh 4 8.65335 121.71692 0.975 73869 72931 4038
9.9_900_289_hh 6 8.65318 121.71647 0.986 73945 73407 4038
9.9_900_289_hh 8 8.65298 121.71938 1.030 74844 75950 4038
9.9_900_289_hh 10 8.65312 121.71756 1.053 74542 76483 4038
9.9_900_289_hh 12 8.65313 121.71686 0.978 74122 73307 4038
9.9_900_289_hh 14 8.65325 121.71740 0.966 75251 73941 4038
9.9_900_289_hh 16 8.65315 121.71636 0.992 79170 78837 4038
9.9_900_289_hh 1 8.77926 119.46071 0.648 70367 55361 4049
9.9_900_289_hh 3 8.77924 119.45789 1.016 55510 55941 4049
9.9_900_289_hh 5 8.77933 119.45999 1.044 55289 56492 4049
9.9_900_289_hh 7 8.77921 119.46048 0.981 57071 56521 4049
9.9_900_289_hh 9 8.77929 119.45950 0.985 57180 56738 4049
9.9_900_289_hh 11 8.77931 119.46073 0.983 57312 56831 4049
9.9_900_289_hh 13 8.77944 119.45976 1.015 55865 56282 4049
9.9_900_289_hh 15 8.77903 119.45816 1.134 55108 58572 4049
9.9_900_289_hh 17 8.77931 119.45969 0.835 58480 53209 4049
9.9_900_289_hh 2 9.11691 123.55521 1.004 13898 13927 4059
9.9_900_289_hh 4 9.11688 123.55856 0.891 14381 13556 4059
9.9_900_289_hh 6 9.11668 123.55978 0.990 14071 14003 4059
9.9_900_289_hh 8 9.11637 123.55549 1.061 14460 14890 4059
9.9_900_289_hh 10 9.11713 123.55885 1.272 14198 15900 4059
9.9_900_289_hh 12 9.11647 123.56287 0.956 15094 14757 4059
9.9_900_289_hh 14 9.11664 123.56156 1.196 14153 15414 4059
9.9_900_289_hh 16 9.11675 123.56001 0.964 14718 14451 4059
9.9_900_289_hh 1 8.74142 120.62737 -2.869 13639 41873 4071
9.9_900_289_hh 3 8.74123 120.62483 1.044 42227 43144 4071
9.9_900_289_hh 5 8.74152 120.62543 1.044 41601 42491 4071
9.9_900_289_hh 7 8.74125 120.62615 1.041 42838 43693 4071
9.9_900_289_hh 9 8.74135 120.62492 0.981 43363 42946 4071
9.9_900_289_hh 11 8.74147 120.62887 0.960 43700 42798 4071
9.9_900_289_hh 13 8.74159 120.62463 0.990 43110 42892 4071
9.9_900_289_hh 15 8.74196 120.62438 1.102 42374 44422 4071
9.9_900_289_hh 17 8.74149 120.62577 0.833 44517 40470 4071
9.9_900_289_hh 2 7.80139 120.56458 1.064 44969 46358 4080
9.9_900_289_hh 4 7.80138 120.56403 0.985 46837 46479 4080
9.9_900_289_hh 6 7.80126 120.56660 1.013 46399 46710 4080
9.9_900_289_hh 8 7.80151 120.56677 0.988 47220 46929 4080
9.9_900_289_hh 10 7.80139 120.56754 1.030 46641 47336 4080
9.9_900_289_hh 12 7.80139 120.56577 1.004 46234 46325 4080
9.9_900_289_hh 14 7.80109 120.56537 0.968 46932 46163 4080
9.9_900_289_hh 16 7.80098 120.56808 0.947 50101 48733 4080
