F2 Position 0 0
D 71 1 5969
D 71 2 4441
D 71 3 6651
D 71 4 6755
D 71 5 6980
D 71 6 5254
D 71 7 7595
D 71 8 8173
D 71 9 6427
D 71 10 11414
D 71 11 8218
D 71 12 7301
D 71 13 7585
D 71 14 7705
D 71 15 5874
D 71 16 5657
D 71 17 7056
D 71 18 6022
D 71 19 7069
D 71 20 11645
D 71 21 7191
D 71 22 6376
D 71 23 6139
D 71 24 5471
D 71 25 5861
D 71 26 6286
D 71 27 6349
D 71 28 7346
D 71 29 7290
D 71 30 11687
D 71 31 6555
D 71 32 8027
D 71 33 6441
D 71 34 8467
D 71 35 5806
D 71 36 7589
D 71 37 5992
D 71 38 8211
D 71 39 5543
D 71 40 10175
C 82 1 5988
C 82 2 4482
C 82 3 4817
C 82 4 4395
C 82 5 4140
C 82 6 5533
C 82 7 5572
C 82 8 5419
C 82 9 4212
C 82 10 12387
C 82 11 5360
C 82 12 5028
C 82 13 4104
C 82 14 5094
C 82 15 5455
C 82 16 4711
C 82 17 3919
C 82 18 3685
C 82 19 4835
C 82 20 12200
C 82 21 5172
C 82 22 5061
C 82 23 6085
C 82 24 4568
C 82 25 5090
C 82 26 5409
C 82 27 6670
C 82 28 4762
C 82 29 4458
C 82 30 12457
C 82 31 3122
C 82 32 3956
C 82 33 3949
C 82 34 6159
C 82 35 5433
C 82 36 3877
C 82 37 2894
C 82 38 3998
C 82 39 6398
C 82 40 13135
A 72 1 14746
A 72 2 11490
A 72 3 13270
A 72 4 13944
A 72 5 15595
A 72 6 14014
A 72 7 11634
A 72 8 13295
A 72 9 13207
A 72 10 22102
A 72 11 14558
A 72 12 13365
A 72 13 14543
A 72 14 14956
A 72 15 12711
A 72 16 11948
A 72 17 14100
A 72 18 11360
A 72 19 14313
A 72 20 21069
A 72 21 13224
A 72 22 13556
A 72 23 12100
A 72 24 15960
A 72 25 13541
A 72 26 14130
A 72 27 13128
A 72 28 12675
A 72 29 13862
A 72 30 21129
A 72 31 14350
A 72 32 14167
A 72 33 11802
A 72 34 13443
A 72 35 11902
A 72 36 14293
A 72 37 12595
A 72 38 14310
A 72 39 11796
A 72 40 20585
A 34 1 40180
A 34 2 40580
A 34 3 40000
A 34 4 41150
A 34 5 42900
A 34 6 43900
A 34 7 43240
A 34 8 43220
A 34 9 42750
A 34 10 60460
A 34 11 43790
A 34 12 40300
A 34 13 41540
A 34 14 39250
A 34 15 42150
A 34 16 41180
A 34 17 42290
A 34 18 39080
A 34 19 40770
A 34 20 61490
A 34 21 43400
A 34 22 43500
A 34 23 43210
A 34 24 39980
A 34 25 42440
A 34 26 40340
A 34 27 43890
A 34 28 41120
A 34 29 41200
A 34 30 60270
A 34 31 42400
A 34 32 40490
A 34 33 41100
A 34 34 41930
A 34 35 40030
A 34 36 41940
A 34 37 40680
A 34 38 41050
A 34 39 40150
A 34 40 59410
A 48 1 7790
A 48 2 6891
A 48 3 7577
A 48 4 7361
A 48 5 7588
A 48 6 7393
A 48 7 7882
A 48 8 6675
A 48 9 8780
A 48 10 15517
A 48 11 6184
A 48 12 7960
A 48 13 8315
A 48 14 7461
A 48 15 7455
A 48 16 6201
A 48 17 6578
A 48 18 5977
A 48 19 8640
A 48 20 12761
A 48 21 6944
A 48 22 8380
A 48 23 7332
A 48 24 6752
A 48 25 8672
A 48 26 6616
A 48 27 7255
A 48 28 6455
A 48 29 7111
A 48 30 13331
A 48 31 6905
A 48 32 8089
A 48 33 8188
A 48 34 7710
A 48 35 7022
A 48 36 8607
A 48 37 6379
A 48 38 8351
A 48 39 7939
A 48 40 13435
C 73 1 3550
C 73 2 1670
C 73 3 3220
C 73 4 1906
C 73 5 3902
C 73 6 2367
C 73 7 2623
C 73 8 2800
C 73 9 1547
C 73 10 7147
C 73 11 1750
C 73 12 2419
C 73 13 1581
C 73 14 3748
C 73 15 2225
C 73 16 2813
C 73 17 1904
C 73 18 2768
C 73 19 1804
C 73 20 7495
C 73 21 2967
C 73 22 2310
C 73 23 2609
C 73 24 2758
C 73 25 2541
C 73 26 2293
C 73 27 2658
C 73 28 3239
C 73 29 3592
C 73 30 5297
C 73 31 2158
C 73 32 2811
C 73 33 3599
C 73 34 4373
C 73 35 1165
C 73 36 2123
C 73 37 2831
C 73 38 2550
C 73 39 1851
C 73 40 6186
B 83 1 7598
B 83 2 7917
B 83 3 5449
B 83 4 6503
B 83 5 7371
B 83 6 6852
B 83 7 7006
B 83 8 6418
B 83 9 6077
B 83 10 7942
B 83 11 6960
B 83 12 6064
B 83 13 6815
B 83 14 6491
B 83 15 7299
B 83 16 8061
B 83 17 5513
B 83 18 7132
B 83 19 6973
B 83 20 7546
B 83 21 6297
B 83 22 5138
B 83 23 6291
B 83 24 7037
B 83 25 7356
B 83 26 5430
B 83 27 6914
B 83 28 7435
B 83 29 7082
B 83 30 9781
B 83 31 6356
B 83 32 7003
B 83 33 6506
B 83 34 5256
B 83 35 7137
B 83 36 6524
B 83 37 8882
B 83 38 5900
B 83 39 5132
B 83 40 7029
A 33 1 36080
A 33 2 33380
A 33 3 36150
A 33 4 36070
A 33 5 36430
A 33 6 34650
A 33 7 37880
A 33 8 36000
A 33 9 35630
A 33 10 58180
A 33 11 34820
A 33 12 35640
A 33 13 34510
A 33 14 36520
A 33 15 36180
A 33 16 33380
A 33 17 35320
A 33 18 33450
A 33 19 36840
A 33 20 60780
A 33 21 37540
A 33 22 37080
A 33 23 35070
A 33 24 35770
A 33 25 36370
A 33 26 36100
A 33 27 35300
A 33 28 37020
A 33 29 35460
A 33 30 60770
A 33 31 36160
A 33 32 35870
A 33 33 33670
A 33 34 37410
A 33 35 36370
A 33 36 35730
A 33 37 33830
A 33 38 36080
A 33 39 35480
A 33 40 58260
B 98 1 11131
B 98 2 9194
B 98 3 11795
B 98 4 8203
B 98 5 9793
B 98 6 11158
B 98 7 9804
B 98 8 11761
B 98 9 9508
B 98 10 12225
B 98 11 10452
B 98 12 11222
B 98 13 13623
B 98 14 11076
B 98 15 8604
B 98 16 9808
B 98 17 9872
B 98 18 10360
B 98 19 10395
B 98 20 12900
B 98 21 11604
B 98 22 9766
B 98 23 10592
B 98 24 11227
B 98 25 10500
B 98 26 10439
B 98 27 10930
B 98 28 12153
B 98 29 10245
B 98 30 11341
B 98 31 11137
B 98 32 9705
B 98 33 11039
B 98 34 10639
B 98 35 11417
B 98 36 11122
B 98 37 11175
B 98 38 12364
B 98 39 10620
B 98 40 11615
A 37 1 10848
A 37 2 9640
A 37 3 10551
A 37 4 7992
A 37 5 12051
A 37 6 9198
A 37 7 9416
A 37 8 9215
A 37 9 9723
A 37 10 18344
A 37 11 10018
A 37 12 9601
A 37 13 9634
A 37 14 11327
A 37 15 9727
A 37 16 9390
A 37 17 10285
A 37 18 7560
A 37 19 9372
A 37 20 18323
A 37 21 10064
A 37 22 10738
A 37 23 7086
A 37 24 10796
A 37 25 10687
A 37 26 10844
A 37 27 10014
A 37 28 10127
A 37 29 10889
A 37 30 18320
A 37 31 10958
A 37 32 9066
A 37 33 8883
A 37 34 10386
A 37 35 9436
A 37 36 10211
A 37 37 7876
A 37 38 9533
A 37 39 7780
A 37 40 17624
A 59 1 9362
A 59 2 9261
A 59 3 8314
A 59 4 6950
A 59 5 9017
A 59 6 8224
A 59 7 9504
A 59 8 8296
A 59 9 8958
A 59 10 14800
A 59 11 8826
A 59 12 8950
A 59 13 8130
A 59 14 8822
A 59 15 7940
A 59 16 7346
A 59 17 7645
A 59 18 7804
A 59 19 8288
A 59 20 12622
A 59 21 8115
A 59 22 6875
A 59 23 7920
A 59 24 7352
A 59 25 9363
A 59 26 9241
A 59 27 6688
A 59 28 7919
A 59 29 8228
A 59 30 12565
A 59 31 7309
A 59 32 8434
A 59 33 7484
A 59 34 7821
A 59 35 6594
A 59 36 8341
A 59 37 8215
A 59 38 8409
A 59 39 7777
A 59 40 12233
B 94 1 4505
B 94 2 3277
B 94 3 5304
B 94 4 2766
B 94 5 4380
B 94 6 4996
B 94 7 4251
B 94 8 4072
B 94 9 3485
B 94 10 6217
B 94 11 2999
B 94 12 3740
B 94 13 6373
B 94 14 3744
B 94 15 4792
B 94 16 3967
B 94 17 5202
B 94 18 3532
B 94 19 3118
B 94 20 7742
B 94 21 5154
B 94 22 3384
B 94 23 2043
B 94 24 3906
B 94 25 6262
B 94 26 4713
B 94 27 4013
B 94 28 4164
B 94 29 4767
B 94 30 7555
B 94 31 4035
B 94 32 5131
B 94 33 5153
B 94 34 4632
B 94 35 4144
B 94 36 3328
B 94 37 3899
B 94 38 3695
B 94 39 4498
B 94 40 6768
A 90 1 6238
A 90 2 5635
A 90 3 6540
A 90 4 6249
A 90 5 4939
A 90 6 6706
A 90 7 6620
A 90 8 6087
A 90 9 5521
A 90 10 7531
A 90 11 5975
A 90 12 5310
A 90 13 5139
A 90 14 6476
A 90 15 5984
A 90 16 4827
A 90 17 7688
A 90 18 6749
A 90 19 6601
A 90 20 7666
A 90 21 6318
A 90 22 8056
A 90 23 6861
A 90 24 5232
A 90 25 7058
A 90 26 7490
A 90 27 5818
A 90 28 7496
A 90 29 5414
A 90 30 7584
A 90 31 6066
A 90 32 4939
A 90 33 7405
A 90 34 6909
A 90 35 7896
A 90 36 7151
A 90 37 7058
A 90 38 6411
A 90 39 6063
A 90 40 7989
D 49 1 4104
D 49 2 3886
D 49 3 5240
D 49 4 3718
D 49 5 5449
D 49 6 3514
D 49 7 3208
D 49 8 5354
D 49 9 5438
D 49 10 8137
D 49 11 4979
D 49 12 3835
D 49 13 4094
D 49 14 3958
D 49 15 4858
D 49 16 2885
D 49 17 3576
D 49 18 2410
D 49 19 3783
D 49 20 7660
D 49 21 4429
D 49 22 5262
D 49 23 2937
D 49 24 4749
D 49 25 3349
D 49 26 3364
D 49 27 5068
D 49 28 5037
D 49 29 5214
D 49 30 7594
D 49 31 4973
D 49 32 4769
D 49 33 4006
D 49 34 4114
D 49 35 4192
D 49 36 3773
D 49 37 4338
D 49 38 3665
D 49 39 3545
D 49 40 8671
A 43 1 19991
A 43 2 16596
A 43 3 19641
A 43 4 17198
A 43 5 19610
A 43 6 17438
A 43 7 17142
A 43 8 20004
A 43 9 19165
A 43 10 32312
A 43 11 17139
A 43 12 18733
A 43 13 16595
A 43 14 19419
A 43 15 18495
A 43 16 15698
A 43 17 16821
A 43 18 15334
A 43 19 19365
A 43 20 31552
A 43 21 18474
A 43 22 19071
A 43 23 16227
A 43 24 17627
A 43 25 18587
A 43 26 18374
A 43 27 17486
A 43 28 16773
A 43 29 18100
A 43 30 30662
A 43 31 19505
A 43 32 18799
A 43 33 18968
A 43 34 20249
A 43 35 17512
A 43 36 18651
A 43 37 16024
A 43 38 19724
A 43 39 16845
A 43 40 31940
A 82 1 20116
A 82 2 17181
A 82 3 18082
A 82 4 18626
A 82 5 18989
A 82 6 18849
A 82 7 18399
A 82 8 20050
A 82 9 19736
A 82 10 32011
A 82 11 18735
A 82 12 22041
A 82 13 18826
A 82 14 17218
A 82 15 18171
A 82 16 17756
A 82 17 17298
A 82 18 17759
A 82 19 18687
A 82 20 30991
A 82 21 16496
A 82 22 17975
A 82 23 17566
A 82 24 17066
A 82 25 19173
A 82 26 17986
A 82 27 19126
A 82 28 17584
A 82 29 19220
A 82 30 30756
A 82 31 18598
A 82 32 20829
A 82 33 19382
A 82 34 19113
A 82 35 16507
A 82 36 20318
A 82 37 19009
A 82 38 16990
A 82 39 17351
A 82 40 29694
B 95 1 3482
B 95 2 4051
B 95 3 2326
B 95 4 3741
B 95 5 3310
B 95 6 2784
B 95 7 4412
B 95 8 4136
B 95 9 3818
B 95 10 4100
B 95 11 1981
B 95 12 3681
B 95 13 3731
B 95 14 2060
B 95 15 2405
B 95 16 3115
B 95 17 5861
B 95 18 4292
B 95 19 5004
B 95 20 4239
B 95 21 3462
B 95 22 3141
B 95 23 3163
B 95 24 3922
B 95 25 4174
B 95 26 3815
B 95 27 3258
B 95 28 3751
B 95 29 3742
B 95 30 4235
B 95 31 2005
B 95 32 2868
B 95 33 5151
B 95 34 3601
B 95 35 4291
B 95 36 2111
B 95 37 3563
B 95 38 4832
B 95 39 3281
B 95 40 5299
D 80 1 4248
D 80 2 3594
D 80 3 5815
D 80 4 4718
D 80 5 3439
D 80 6 4297
D 80 7 4676
D 80 8 3818
D 80 9 4641
D 80 10 7597
D 80 11 4042
D 80 12 4482
D 80 13 4269
D 80 14 4348
D 80 15 4421
D 80 16 3638
D 80 17 4139
D 80 18 4857
D 80 19 3452
D 80 20 7404
D 80 21 3395
D 80 22 4637
D 80 23 3897
D 80 24 3946
D 80 25 5282
D 80 26 5218
D 80 27 5454
D 80 28 4011
D 80 29 4235
D 80 30 8666
D 80 31 4584
D 80 32 4584
D 80 33 4270
D 80 34 4700
D 80 35 2763
D 80 36 4365
D 80 37 2481
D 80 38 4696
D 80 39 2597
D 80 40 8804
A 79 1 19142
A 79 2 16195
A 79 3 21076
A 79 4 17611
A 79 5 17314
A 79 6 18503
A 79 7 18844
A 79 8 19669
A 79 9 19360
A 79 10 32914
A 79 11 19339
A 79 12 18259
A 79 13 20499
A 79 14 18683
A 79 15 18790
A 79 16 17037
A 79 17 18023
A 79 18 15757
A 79 19 18684
A 79 20 30216
A 79 21 17502
A 79 22 22587
A 79 23 14752
A 79 24 19106
A 79 25 19904
A 79 26 20027
A 79 27 18763
A 79 28 17523
A 79 29 19639
A 79 30 29204
A 79 31 20492
A 79 32 18936
A 79 33 17254
A 79 34 18327
A 79 35 15872
A 79 36 19497
A 79 37 15588
A 79 38 16739
A 79 39 14883
A 79 40 31837
A 42 1 5828
A 42 2 4376
A 42 3 7406
A 42 4 5039
A 42 5 8100
A 42 6 4400
A 42 7 4806
A 42 8 5610
A 42 9 5780
A 42 10 15095
A 42 11 5460
A 42 12 5385
A 42 13 6358
A 42 14 5400
A 42 15 6575
A 42 16 6127
A 42 17 4483
A 42 18 4122
A 42 19 5388
A 42 20 14330
A 42 21 2891
A 42 22 8237
A 42 23 3681
A 42 24 4807
A 42 25 6685
A 42 26 5339
A 42 27 5063
A 42 28 6480
A 42 29 6061
A 42 30 14268
A 42 31 5473
A 42 32 6122
A 42 33 4394
A 42 34 6070
A 42 35 3913
A 42 36 5183
A 42 37 4206
A 42 38 6364
A 42 39 3162
A 42 40 13592
B 78 1 7212
B 78 2 6917
B 78 3 7264
B 78 4 5465
B 78 5 5671
B 78 6 7927
B 78 7 6718
B 78 8 6174
B 78 9 7282
B 78 10 8048
B 78 11 6381
B 78 12 6443
B 78 13 6524
B 78 14 6166
B 78 15 8557
B 78 16 4476
B 78 17 5625
B 78 18 6166
B 78 19 8306
B 78 20 6672
B 78 21 5539
B 78 22 7382
B 78 23 6821
B 78 24 5454
B 78 25 5203
B 78 26 7048
B 78 27 5134
B 78 28 5095
B 78 29 7494
B 78 30 7491
B 78 31 6106
B 78 32 8138
B 78 33 7107
B 78 34 6053
B 78 35 7479
B 78 36 4819
B 78 37 6400
B 78 38 6854
B 78 39 6666
B 78 40 8468
C 36 1 2653
C 36 2 874
C 36 3 2372
C 36 4 3414
C 36 5 2570
C 36 6 2310
C 36 7 1536
C 36 8 2699
C 36 9 2013
C 36 10 5441
C 36 11 2034
C 36 12 2712
C 36 13 2450
C 36 14 1652
C 36 15 3519
C 36 16 1628
C 36 17 2190
C 36 18 2701
C 36 19 2525
C 36 20 5438
C 36 21 2267
C 36 22 2639
C 36 23 1804
C 36 24 1310
C 36 25 2813
C 36 26 2696
C 36 27 2537
C 36 28 1562
C 36 29 3177
C 36 30 5142
C 36 31 1928
C 36 32 2874
C 36 33 2511
C 36 34 2770
C 36 35 1629
C 36 36 2264
C 36 37 2326
C 36 38 3651
C 36 39 2746
C 36 40 6314
A 30 1 7898
A 30 2 8083
A 30 3 9849
A 30 4 7143
A 30 5 8806
A 30 6 8733
A 30 7 7418
A 30 8 7450
A 30 9 9311
A 30 10 15513
A 30 11 8140
A 30 12 9858
A 30 13 9246
A 30 14 6747
A 30 15 8520
A 30 16 6325
A 30 17 7722
A 30 18 8158
A 30 19 9824
A 30 20 15261
A 30 21 8258
A 30 22 11468
A 30 23 7507
A 30 24 7359
A 30 25 9522
A 30 26 8053
A 30 27 10696
A 30 28 9365
A 30 29 11021
A 30 30 16755
A 30 31 7307
A 30 32 9453
A 30 33 6542
A 30 34 10379
A 30 35 6934
A 30 36 7988
A 30 37 6114
A 30 38 10527
A 30 39 6970
A 30 40 15681
1961 1962 1 694
1961 1962 2 136
1961 1962 3 891
1961 1962 4 1001
1961 1962 5 1433
1961 1962 6 1215
1961 1962 7 482
1961 1962 8 1259
1961 1962 9 2152
1961 1962 10 2850
1961 1962 11 1731
1961 1962 12 1362
1961 1962 13 511
1961 1962 14 1756
1961 1962 15 1715
1961 1962 16 655
1961 1962 17 1786
1961 1962 18 307
1961 1962 19 1546
1961 1962 20 2976
1961 1962 21 1366
1961 1962 22 1076
1961 1962 23 1924
1961 1962 24 1206
1961 1962 25 813
1961 1962 26 1437
1961 1962 27 652
1961 1962 28 797
1961 1962 29 956
1961 1962 30 2731
1961 1962 31 1697
1961 1962 32 958
1961 1962 33 782
1961 1962 34 2088
1961 1962 35 1351
1961 1962 36 827
1961 1962 37 1725
1961 1962 38 2082
1961 1962 39 1248
1961 1962 40 2544
A 52 1 33980
A 52 2 29780
A 52 3 33430
A 52 4 32210
A 52 5 32780
A 52 6 32160
A 52 7 33180
A 52 8 34730
A 52 9 33510
A 52 10 59050
A 52 11 31950
A 52 12 35030
A 52 13 31340
A 52 14 33040
A 52 15 34660
A 52 16 30960
A 52 17 32870
A 52 18 30500
A 52 19 33500
A 52 20 58130
A 52 21 34300
A 52 22 35520
A 52 23 32500
A 52 24 34630
A 52 25 31710
A 52 26 33560
A 52 27 33090
A 52 28 33180
A 52 29 31990
A 52 30 57860
A 52 31 32990
A 52 32 34320
A 52 33 31850
A 52 34 33620
A 52 35 30590
A 52 36 33700
A 52 37 30960
A 52 38 33250
A 52 39 33660
A 52 40 58630
A 36 1 19264
A 36 2 16763
A 36 3 19379
A 36 4 18199
A 36 5 19626
A 36 6 17565
A 36 7 18017
A 36 8 17095
A 36 9 18234
A 36 10 30373
A 36 11 17568
A 36 12 16208
A 36 13 18314
A 36 14 18192
A 36 15 19550
A 36 16 16430
A 36 17 17584
A 36 18 16569
A 36 19 20473
A 36 20 28846
A 36 21 19930
A 36 22 17943
A 36 23 16612
A 36 24 16516
A 36 25 18493
A 36 26 16248
A 36 27 17937
A 36 28 18007
A 36 29 18339
A 36 30 29049
A 36 31 18152
A 36 32 16845
A 36 33 17508
A 36 34 19191
A 36 35 18935
A 36 36 17753
A 36 37 16954
A 36 38 18712
A 36 39 16894
A 36 40 29110
C 34 1 13048
C 34 2 11710
C 34 3 14693
C 34 4 12012
C 34 5 13719
C 34 6 11628
C 34 7 11699
C 34 8 12446
C 34 9 11509
C 34 10 24627
C 34 11 12081
C 34 12 12188
C 34 13 11413
C 34 14 11636
C 34 15 11809
C 34 16 12291
C 34 17 12554
C 34 18 12179
C 34 19 13042
C 34 20 24789
C 34 21 11784
C 34 22 12414
C 34 23 12414
C 34 24 11384
C 34 25 14072
C 34 26 14308
C 34 27 12160
C 34 28 11449
C 34 29 11273
C 34 30 24224
C 34 31 12709
C 34 32 13157
C 34 33 12206
C 34 34 11224
C 34 35 11733
C 34 36 11572
C 34 37 11596
C 34 38 13425
C 34 39 11439
C 34 40 23675
D 59 1 3259
D 59 2 2002
D 59 3 2828
D 59 4 1833
D 59 5 2821
D 59 6 1506
D 59 7 4974
D 59 8 1520
D 59 9 2903
D 59 10 5623
D 59 11 4145
D 59 12 3386
D 59 13 2621
D 59 14 2130
D 59 15 1832
D 59 16 2994
D 59 17 963
D 59 18 1092
D 59 19 2052
D 59 20 6037
D 59 21 2404
D 59 22 1786
D 59 23 2546
D 59 24 2614
D 59 25 3315
D 59 26 2231
D 59 27 2933
D 59 28 3334
D 59 29 3134
D 59 30 4796
D 59 31 3919
D 59 32 3545
D 59 33 4171
D 59 34 2802
D 59 35 2060
D 59 36 2891
D 59 37 2581
D 59 38 3779
D 59 39 1976
D 59 40 3833
B 43 1 1820
B 43 2 1006
B 43 3 1010
B 43 4 1010
B 43 5 515
B 43 6 908
B 43 7 1251
B 43 8 2052
B 43 9 1843
B 43 10 2674
B 43 11 2248
B 43 12 823
B 43 13 2188
B 43 14 1204
B 43 15 1394
B 43 16 1402
B 43 17 1836
B 43 18 1282
B 43 19 677
B 43 20 603
B 43 21 1886
B 43 22 1569
B 43 23 1113
B 43 24 1607
B 43 25 1412
B 43 26 799
B 43 27 923
B 43 28 2209
B 43 29 2022
B 43 30 1585
B 43 31 114
B 43 32 1958
B 43 33 1596
B 43 34 1460
B 43 35 824
B 43 36 1892
B 43 37 1988
B 43 38 948
B 43 39 1889
B 43 40 1460
C 35 1 5795
C 35 2 4555
C 35 3 3280
C 35 4 3646
C 35 5 6154
C 35 6 3932
C 35 7 3131
C 35 8 3832
C 35 9 6218
C 35 10 7432
C 35 11 3883
C 35 12 3024
C 35 13 3588
C 35 14 2636
C 35 15 4097
C 35 16 6483
C 35 17 5220
C 35 18 3429
C 35 19 4207
C 35 20 6484
C 35 21 2326
C 35 22 3621
C 35 23 4618
C 35 24 4865
C 35 25 4424
C 35 26 4838
C 35 27 4344
C 35 28 1956
C 35 29 3454
C 35 30 6258
C 35 31 6352
C 35 32 3958
C 35 33 5827
C 35 34 3733
C 35 35 4023
C 35 36 3624
C 35 37 4003
C 35 38 6176
C 35 39 2163
C 35 40 6384
A 80 1 6112
A 80 2 4556
A 80 3 7549
A 80 4 5274
A 80 5 7387
A 80 6 5408
A 80 7 6173
A 80 8 4986
A 80 9 5833
A 80 10 11331
A 80 11 6456
A 80 12 5215
A 80 13 5680
A 80 14 5735
A 80 15 7797
A 80 16 4791
A 80 17 5241
A 80 18 5354
A 80 19 6497
A 80 20 11267
A 80 21 6368
A 80 22 5205
A 80 23 5718
A 80 24 7064
A 80 25 7099
A 80 26 6689
A 80 27 6327
A 80 28 7323
A 80 29 5370
A 80 30 10596
A 80 31 6015
A 80 32 8098
A 80 33 4939
A 80 34 7188
A 80 35 5795
A 80 36 4484
A 80 37 4415
A 80 38 6409
A 80 39 5724
A 80 40 10802
D 38 1 9282
D 38 2 6325
D 38 3 10060
D 38 4 5973
D 38 5 9321
D 38 6 8440
D 38 7 6895
D 38 8 7909
D 38 9 9834
D 38 10 18023
D 38 11 9533
D 38 12 9189
D 38 13 8176
D 38 14 8895
D 38 15 10079
D 38 16 5989
D 38 17 8991
D 38 18 5356
D 38 19 12019
D 38 20 17376
D 38 21 7817
D 38 22 10262
D 38 23 4516
D 38 24 7131
D 38 25 10001
D 38 26 8478
D 38 27 7599
D 38 28 7832
D 38 29 8921
D 38 30 18378
D 38 31 9107
D 38 32 9541
D 38 33 6743
D 38 34 8928
D 38 35 6897
D 38 36 7426
D 38 37 4820
D 38 38 10903
D 38 39 5452
D 38 40 17831
A 14 1 9929
A 14 2 5681
A 14 3 10717
A 14 4 8374
A 14 5 9770
A 14 6 7677
A 14 7 7629
A 14 8 8151
A 14 9 9786
A 14 10 21856
A 14 11 7630
A 14 12 9243
A 14 13 9129
A 14 14 8961
A 14 15 10900
A 14 16 7196
A 14 17 8807
A 14 18 6347
A 14 19 13593
A 14 20 22935
A 14 21 7610
A 14 22 11541
A 14 23 8682
A 14 24 7867
A 14 25 12318
A 14 26 9650
A 14 27 10458
A 14 28 8331
A 14 29 10444
A 14 30 21033
A 14 31 8030
A 14 32 8828
A 14 33 7151
A 14 34 11688
A 14 35 8608
A 14 36 7889
A 14 37 8329
A 14 38 12222
A 14 39 6904
A 14 40 20249
B 76 1 7933
B 76 2 6367
B 76 3 7897
B 76 4 10142
B 76 5 8513
B 76 6 8644
B 76 7 7804
B 76 8 7958
B 76 9 7623
B 76 10 10581
B 76 11 7673
B 76 12 8893
B 76 13 7348
B 76 14 7096
B 76 15 8595
B 76 16 8382
B 76 17 7395
B 76 18 6287
B 76 19 8044
B 76 20 9835
B 76 21 6972
B 76 22 9574
B 76 23 8142
B 76 24 7841
B 76 25 6238
B 76 26 7090
B 76 27 8130
B 76 28 7699
B 76 29 8702
B 76 30 9786
B 76 31 7929
B 76 32 7164
B 76 33 8026
B 76 34 8011
B 76 35 9661
B 76 36 7052
B 76 37 7137
B 76 38 7516
B 76 39 8269
B 76 40 9427
A 46 1 14581
A 46 2 14270
A 46 3 16034
A 46 4 16557
A 46 5 16254
A 46 6 16188
A 46 7 16540
A 46 8 14424
A 46 9 16145
A 46 10 26339
A 46 11 16781
A 46 12 16555
A 46 13 16796
A 46 14 16941
A 46 15 18903
A 46 16 14479
A 46 17 17890
A 46 18 15959
A 46 19 18827
A 46 20 24527
A 46 21 18273
A 46 22 17904
A 46 23 16744
A 46 24 17136
A 46 25 18627
A 46 26 17256
A 46 27 17530
A 46 28 16807
A 46 29 15273
A 46 30 27423
A 46 31 15309
A 46 32 18413
A 46 33 15731
A 46 34 16719
A 46 35 18046
A 46 36 15558
A 46 37 16361
A 46 38 18130
A 46 39 16280
A 46 40 28375
A 45 1 16193
A 45 2 13478
A 45 3 15113
A 45 4 13697
A 45 5 16209
A 45 6 17824
A 45 7 14946
A 45 8 12692
A 45 9 15829
A 45 10 25884
A 45 11 14405
A 45 12 14502
A 45 13 15954
A 45 14 16777
A 45 15 15115
A 45 16 12097
A 45 17 15148
A 45 18 12894
A 45 19 16305
A 45 20 26918
A 45 21 14561
A 45 22 15686
A 45 23 14033
A 45 24 13231
A 45 25 14252
A 45 26 14479
A 45 27 15497
A 45 28 16403
A 45 29 14117
A 45 30 27421
A 45 31 14197
A 45 32 15240
A 45 33 13639
A 45 34 15297
A 45 35 13616
A 45 36 14886
A 45 37 12413
A 45 38 15670
A 45 39 12875
A 45 40 26325
B 33 1 958
B 33 2 2596
B 33 3 1917
B 33 4 2547
B 33 5 2098
B 33 6 1714
B 33 7 2296
B 33 8 1955
B 33 9 2613
B 33 10 3115
B 33 11 1640
B 33 12 415
B 33 13 1330
B 33 14 1399
B 33 15 1195
B 33 16 2773
B 33 17 1668
B 33 18 2423
B 33 19 3000
B 33 20 2170
B 33 21 1240
B 33 22 1223
B 33 23 93
B 33 24 1328
B 33 25 2412
B 33 26 1144
B 33 27 1182
B 33 28 2142
B 33 29 1626
B 33 30 2318
B 33 31 1324
B 33 32 781
B 33 33 2098
B 33 34 1917
B 33 35 3284
B 33 36 1552
B 33 37 2698
B 33 38 891
B 33 39 2123
B 33 40 3404
C 41 1 10700
C 41 2 7280
C 41 3 8257
C 41 4 7550
C 41 5 8586
C 41 6 7791
C 41 7 7784
C 41 8 7874
C 41 9 6987
C 41 10 16343
C 41 11 7976
C 41 12 7298
C 41 13 8715
C 41 14 8541
C 41 15 9242
C 41 16 6780
C 41 17 7365
C 41 18 6907
C 41 19 7617
C 41 20 16287
C 41 21 8517
C 41 22 9024
C 41 23 6772
C 41 24 8210
C 41 25 8541
C 41 26 7639
C 41 27 6013
C 41 28 7096
C 41 29 7965
C 41 30 17010
C 41 31 9456
C 41 32 8355
C 41 33 9037
C 41 34 9420
C 41 35 8401
C 41 36 8015
C 41 37 9297
C 41 38 8397
C 41 39 7954
C 41 40 17948
C 51 1 3215
C 51 2 2714
C 51 3 3549
C 51 4 4547
C 51 5 2455
C 51 6 3216
C 51 7 3864
C 51 8 3331
C 51 9 2323
C 51 10 2592
C 51 11 3023
C 51 12 3580
C 51 13 2172
C 51 14 2436
C 51 15 3544
C 51 16 2413
C 51 17 3517
C 51 18 4657
C 51 19 3320
C 51 20 2661
C 51 21 2572
C 51 22 3264
C 51 23 3761
C 51 24 3489
C 51 25 3333
C 51 26 1249
C 51 27 2699
C 51 28 3180
C 51 29 3667
C 51 30 3376
C 51 31 2777
C 51 32 3092
C 51 33 2592
C 51 34 1874
C 51 35 3674
C 51 36 2916
C 51 37 4046
C 51 38 2521
C 51 39 3177
C 51 40 4157
A 38 1 9673
A 38 2 3300
A 38 3 9018
A 38 4 5467
A 38 5 9118
A 38 6 7722
A 38 7 4413
A 38 8 7457
A 38 9 9215
A 38 10 16870
A 38 11 7773
A 38 12 8683
A 38 13 6473
A 38 14 9128
A 38 15 7798
A 38 16 4664
A 38 17 7352
A 38 18 5856
A 38 19 9488
A 38 20 17064
A 38 21 6359
A 38 22 9498
A 38 23 5153
A 38 24 7437
A 38 25 9567
A 38 26 6177
A 38 27 8657
A 38 28 7454
A 38 29 9104
A 38 30 16893
A 38 31 6996
A 38 32 7442
A 38 33 4667
A 38 34 9573
A 38 35 4437
A 38 36 6701
A 38 37 5041
A 38 38 9564
A 38 39 4525
A 38 40 17432
C 57 1 5617
C 57 2 5297
C 57 3 6328
C 57 4 5421
C 57 5 6016
C 57 6 5826
C 57 7 5352
C 57 8 5127
C 57 9 6368
C 57 10 14425
C 57 11 5082
C 57 12 5898
C 57 13 4490
C 57 14 6529
C 57 15 5877
C 57 16 4522
C 57 17 7426
C 57 18 6317
C 57 19 5494
C 57 20 15210
C 57 21 5426
C 57 22 6976
C 57 23 3307
C 57 24 5048
C 57 25 7279
C 57 26 6089
C 57 27 5126
C 57 28 5801
C 57 29 5701
C 57 30 15418
C 57 31 5331
C 57 32 6805
C 57 33 5792
C 57 34 6577
C 57 35 6085
C 57 36 6880
C 57 37 5114
C 57 38 5539
C 57 39 4530
C 57 40 14478
A 54 1 15949
A 54 2 16325
A 54 3 16586
A 54 4 16564
A 54 5 16828
A 54 6 15603
A 54 7 14774
A 54 8 16538
A 54 9 16601
A 54 10 27756
A 54 11 15006
A 54 12 14805
A 54 13 16923
A 54 14 16304
A 54 15 17820
A 54 16 13240
A 54 17 15640
A 54 18 12805
A 54 19 16367
A 54 20 28026
A 54 21 15804
A 54 22 17779
A 54 23 14103
A 54 24 16503
A 54 25 17346
A 54 26 15223
A 54 27 17691
A 54 28 15553
A 54 29 17807
A 54 30 28237
A 54 31 16118
A 54 32 15536
A 54 33 14888
A 54 34 16156
A 54 35 14296
A 54 36 14690
A 54 37 14365
A 54 38 17309
A 54 39 12967
A 54 40 27976
A 71 1 9290
A 71 2 4901
A 71 3 9345
A 71 4 8465
A 71 5 10006
A 71 6 8816
A 71 7 8921
A 71 8 7939
A 71 9 10524
A 71 10 19510
A 71 11 8315
A 71 12 8412
A 71 13 7553
A 71 14 10643
A 71 15 10102
A 71 16 5520
A 71 17 9179
A 71 18 7179
A 71 19 10760
A 71 20 19762
A 71 21 9241
A 71 22 10017
A 71 23 7852
A 71 24 10874
A 71 25 10986
A 71 26 8528
A 71 27 10295
A 71 28 10705
A 71 29 9470
A 71 30 21059
A 71 31 8601
A 71 32 10302
A 71 33 9987
A 71 34 10130
A 71 35 11001
A 71 36 12478
A 71 37 7317
A 71 38 9839
A 71 39 7728
A 71 40 20004
A 35 1 3199
A 35 2 4887
A 35 3 3565
A 35 4 5228
A 35 5 4666
A 35 6 4423
A 35 7 3842
A 35 8 2374
A 35 9 3752
A 35 10 7711
A 35 11 5370
A 35 12 3782
A 35 13 3445
A 35 14 3518
A 35 15 3833
A 35 16 3007
A 35 17 5578
A 35 18 3885
A 35 19 5043
A 35 20 6209
A 35 21 4344
A 35 22 4778
A 35 23 4938
A 35 24 5378
A 35 25 4370
A 35 26 4195
A 35 27 4301
A 35 28 5444
A 35 29 5271
A 35 30 8753
A 35 31 3743
A 35 32 5071
A 35 33 3927
A 35 34 6218
A 35 35 3860
A 35 36 3926
A 35 37 2899
A 35 38 5451
A 35 39 2762
A 35 40 5628
A 66 1 9610
A 66 2 9163
A 66 3 11991
A 66 4 7619
A 66 5 10085
A 66 6 9355
A 66 7 8923
A 66 8 10445
A 66 9 10175
A 66 10 16839
A 66 11 9448
A 66 12 9560
A 66 13 8959
A 66 14 9249
A 66 15 9688
A 66 16 6164
A 66 17 8167
A 66 18 8725
A 66 19 8910
A 66 20 15808
A 66 21 9059
A 66 22 11540
A 66 23 7157
A 66 24 8701
A 66 25 10541
A 66 26 11680
A 66 27 8914
A 66 28 8850
A 66 29 9863
A 66 30 16910
A 66 31 9739
A 66 32 7787
A 66 33 9968
A 66 34 8971
A 66 35 7909
A 66 36 11125
A 66 37 8984
A 66 38 8516
A 66 39 8063
A 66 40 17409
A 73 1 8223
A 73 2 7460
A 73 3 10394
A 73 4 7825
A 73 5 10191
A 73 6 8224
A 73 7 7894
A 73 8 8027
A 73 9 9560
A 73 10 15927
A 73 11 9974
A 73 12 10090
A 73 13 8438
A 73 14 9049
A 73 15 8893
A 73 16 8836
A 73 17 7671
A 73 18 7189
A 73 19 11346
A 73 20 17936
A 73 21 8447
A 73 22 12202
A 73 23 8466
A 73 24 8579
A 73 25 8288
A 73 26 6939
A 73 27 8645
A 73 28 8517
A 73 29 10210
A 73 30 17558
A 73 31 9128
A 73 32 8555
A 73 33 8649
A 73 34 10714
A 73 35 8492
A 73 36 8497
A 73 37 8825
A 73 38 9097
A 73 39 7498
A 73 40 17059
C 56 1 3917
C 56 2 3973
C 56 3 5861
C 56 4 2662
C 56 5 4939
C 56 6 4390
C 56 7 4195
C 56 8 3193
C 56 9 4457
C 56 10 14477
C 56 11 4264
C 56 12 5636
C 56 13 5010
C 56 14 3516
C 56 15 3521
C 56 16 2802
C 56 17 3021
C 56 18 2805
C 56 19 6545
C 56 20 12851
C 56 21 4251
C 56 22 5417
C 56 23 4051
C 56 24 3348
C 56 25 5006
C 56 26 5578
C 56 27 4717
C 56 28 5680
C 56 29 3532
C 56 30 14038
C 56 31 5893
C 56 32 3935
C 56 33 6407
C 56 34 6641
C 56 35 3035
C 56 36 6186
C 56 37 5615
C 56 38 4784
C 56 39 3942
C 56 40 12385
B 55 1 1465
B 55 2 502
B 55 3 755
B 55 4 2106
B 55 5 1181
B 55 6 1186
B 55 7 1209
B 55 8 2336
B 55 9 714
B 55 10 1826
B 55 11 1142
B 55 12 488
B 55 13 901
B 55 14 1704
B 55 15 1681
B 55 16 33
B 55 17 1371
B 55 18 2521
B 55 19 2201
B 55 20 820
B 55 21 227
B 55 22 1568
B 55 23 1983
B 55 24 1531
B 55 25 1069
B 55 26 421
B 55 27 1895
B 55 28 562
B 55 29 1142
B 55 30 1274
B 55 31 1162
B 55 32 1511
B 55 33 310
B 55 34 985
B 55 35 1050
B 55 36 2009
B 55 37 1041
B 55 38 2348
B 55 39 974
B 55 40 1970
A 84 1 29970
A 84 2 28540
A 84 3 29110
A 84 4 28060
A 84 5 30270
A 84 6 30750
A 84 7 30460
A 84 8 28210
A 84 9 29300
A 84 10 47790
A 84 11 30900
A 84 12 30600
A 84 13 29190
A 84 14 30280
A 84 15 30620
A 84 16 28300
A 84 17 31100
A 84 18 28850
A 84 19 31160
A 84 20 46990
A 84 21 29480
A 84 22 31240
A 84 23 28280
A 84 24 29030
A 84 25 29920
A 84 26 28930
A 84 27 32320
A 84 28 28450
A 84 29 29300
A 84 30 46380
A 84 31 28880
A 84 32 31700
A 84 33 29790
A 84 34 29740
A 84 35 29510
A 84 36 27070
A 84 37 27750
A 84 38 30010
A 84 39 27890
A 84 40 47400
C 77 1 9631
C 77 2 10386
C 77 3 12165
C 77 4 11464
C 77 5 10091
C 77 6 10904
C 77 7 12055
C 77 8 10667
C 77 9 9496
C 77 10 15034
C 77 11 10504
C 77 12 10934
C 77 13 12012
C 77 14 10994
C 77 15 12146
C 77 16 9918
C 77 17 9780
C 77 18 9704
C 77 19 10754
C 77 20 16391
C 77 21 10667
C 77 22 11673
C 77 23 11005
C 77 24 10510
C 77 25 11357
C 77 26 10657
C 77 27 9775
C 77 28 11387
C 77 29 10496
C 77 30 13766
C 77 31 11148
C 77 32 11776
C 77 33 10530
C 77 34 11585
C 77 35 10536
C 77 36 11189
C 77 37 9296
C 77 38 10164
C 77 39 12311
C 77 40 14930
A 20 1 19223
A 20 2 18145
A 20 3 19789
A 20 4 18189
A 20 5 18555
A 20 6 18987
A 20 7 18178
A 20 8 19372
A 20 9 19512
A 20 10 32235
A 20 11 18188
A 20 12 19797
A 20 13 18760
A 20 14 18288
A 20 15 18860
A 20 16 18110
A 20 17 18482
A 20 18 17874
A 20 19 18985
A 20 20 31955
A 20 21 19036
A 20 22 19577
A 20 23 16949
A 20 24 20367
A 20 25 17731
A 20 26 17728
A 20 27 19619
A 20 28 17495
A 20 29 18544
A 20 30 31705
A 20 31 18569
A 20 32 19316
A 20 33 19548
A 20 34 19802
A 20 35 19019
A 20 36 17712
A 20 37 16865
A 20 38 20262
A 20 39 19271
A 20 40 32831
A 69 1 18388
A 69 2 15699
A 69 3 19998
A 69 4 16494
A 69 5 18292
A 69 6 16629
A 69 7 17508
A 69 8 15900
A 69 9 19308
A 69 10 40147
A 69 11 18649
A 69 12 18205
A 69 13 17416
A 69 14 18561
A 69 15 18927
A 69 16 15024
A 69 17 16033
A 69 18 15766
A 69 19 20148
A 69 20 41071
A 69 21 17524
A 69 22 20975
A 69 23 14251
A 69 24 16895
A 69 25 18730
A 69 26 16168
A 69 27 18512
A 69 28 16470
A 69 29 17530
A 69 30 40324
A 69 31 17663
A 69 32 17563
A 69 33 16731
A 69 34 18507
A 69 35 17723
A 69 36 15843
A 69 37 16276
A 69 38 20102
A 69 39 15636
A 69 40 40459
A 78 1 10078
A 78 2 6645
A 78 3 11210
A 78 4 8308
A 78 5 11904
A 78 6 9168
A 78 7 9015
A 78 8 7979
A 78 9 10475
A 78 10 18110
A 78 11 10057
A 78 12 11258
A 78 13 9419
A 78 14 8094
A 78 15 8306
A 78 16 8609
A 78 17 8921
A 78 18 6572
A 78 19 11236
A 78 20 19037
A 78 21 7198
A 78 22 11353
A 78 23 6532
A 78 24 9569
A 78 25 11181
A 78 26 9065
A 78 27 10944
A 78 28 8436
A 78 29 10372
A 78 30 21226
A 78 31 9474
A 78 32 11134
A 78 33 8253
A 78 34 10488
A 78 35 8517
A 78 36 7738
A 78 37 7247
A 78 38 12106
A 78 39 7303
A 78 40 17589
A 77 1 8176
A 77 2 5647
A 77 3 11243
A 77 4 6559
A 77 5 10220
A 77 6 7997
A 77 7 6701
A 77 8 8040
A 77 9 9666
A 77 10 17119
A 77 11 10455
A 77 12 8888
A 77 13 8505
A 77 14 9589
A 77 15 10475
A 77 16 6312
A 77 17 8479
A 77 18 5920
A 77 19 10725
A 77 20 16549
A 77 21 6916
A 77 22 10014
A 77 23 6338
A 77 24 6820
A 77 25 11224
A 77 26 7182
A 77 27 10271
A 77 28 8622
A 77 29 8835
A 77 30 18301
A 77 31 9149
A 77 32 10063
A 77 33 7640
A 77 34 11992
A 77 35 6973
A 77 36 8500
A 77 37 6203
A 77 38 11027
A 77 39 5713
A 77 40 19266
A 50 1 7097
A 50 2 6109
A 50 3 8500
A 50 4 6465
A 50 5 8345
A 50 6 7959
A 50 7 6610
A 50 8 8600
A 50 9 8830
A 50 10 17073
A 50 11 8185
A 50 12 7324
A 50 13 8358
A 50 14 8470
A 50 15 8119
A 50 16 6538
A 50 17 6695
A 50 18 6724
A 50 19 9001
A 50 20 17616
A 50 21 7674
A 50 22 7919
A 50 23 7180
A 50 24 6101
A 50 25 8229
A 50 26 6183
A 50 27 7838
A 50 28 7600
A 50 29 7631
A 50 30 18207
A 50 31 7748
A 50 32 7483
A 50 33 7639
A 50 34 10595
A 50 35 8029
A 50 36 6022
A 50 37 5443
A 50 38 8969
A 50 39 4948
A 50 40 15338
C 45 1 5721
C 45 2 5319
C 45 3 6102
C 45 4 6601
C 45 5 5849
C 45 6 3487
C 45 7 3564
C 45 8 4785
C 45 9 4186
C 45 10 11319
C 45 11 5897
C 45 12 7647
C 45 13 6715
C 45 14 5954
C 45 15 5114
C 45 16 3543
C 45 17 4839
C 45 18 5293
C 45 19 5915
C 45 20 10934
C 45 21 6201
C 45 22 7235
C 45 23 4856
C 45 24 4614
C 45 25 6906
C 45 26 6159
C 45 27 5261
C 45 28 4078
C 45 29 5652
C 45 30 11189
C 45 31 5224
C 45 32 5121
C 45 33 4522
C 45 34 5807
C 45 35 4977
C 45 36 5615
C 45 37 4362
C 45 38 4872
C 45 39 5421
C 45 40 12080
B 45 1 1646
B 45 2 1957
B 45 3 728
B 45 4 1282
B 45 5 1552
B 45 6 1080
B 45 7 1223
B 45 8 938
B 45 9 1093
B 45 10 2171
B 45 11 1860
B 45 12 1092
B 45 13 1402
B 45 14 1231
B 45 15 1671
B 45 16 800
B 45 17 1087
B 45 18 2411
B 45 19 817
B 45 20 2197
B 45 21 1610
B 45 22 1345
B 45 23 2946
B 45 24 738
B 45 25 1264
B 45 26 1436
B 45 27 1664
B 45 28 1111
B 45 29 1911
B 45 30 1784
B 45 31 1891
B 45 32 165
B 45 33 817
B 45 34 1118
B 45 35 1046
B 45 36 1992
B 45 37 1010
B 45 38 -189
B 45 39 1212
B 45 40 1560
A 32 1 27180
A 32 2 25550
A 32 3 28210
A 32 4 24860
A 32 5 27130
A 32 6 23950
A 32 7 25590
A 32 8 25340
A 32 9 25610
A 32 10 39380
A 32 11 27050
A 32 12 27380
A 32 13 25160
A 32 14 24880
A 32 15 28140
A 32 16 25090
A 32 17 24470
A 32 18 23690
A 32 19 27560
A 32 20 39200
A 32 21 25040
A 32 22 27790
A 32 23 21730
A 32 24 24720
A 32 25 26850
A 32 26 26860
A 32 27 27310
A 32 28 27180
A 32 29 28290
A 32 30 37740
A 32 31 27410
A 32 32 26280
A 32 33 25770
A 32 34 27810
A 32 35 26370
A 32 36 26140
A 32 37 22710
A 32 38 25470
A 32 39 21930
A 32 40 39340
B 81 1 6837
B 81 2 6808
B 81 3 5929
B 81 4 7734
B 81 5 8482
B 81 6 8071
B 81 7 6466
B 81 8 7469
B 81 9 8586
B 81 10 8539
B 81 11 6857
B 81 12 9172
B 81 13 9401
B 81 14 8802
B 81 15 7103
B 81 16 9166
B 81 17 6881
B 81 18 7206
B 81 19 6553
B 81 20 8796
B 81 21 6470
B 81 22 7367
B 81 23 7406
B 81 24 7619
B 81 25 9738
B 81 26 5823
B 81 27 8633
B 81 28 8539
B 81 29 7660
B 81 30 9894
B 81 31 7983
B 81 32 7524
B 81 33 8170
B 81 34 8326
B 81 35 8588
B 81 36 8368
B 81 37 8503
B 81 38 7546
B 81 39 9104
B 81 40 7879
C 32 1 25910
C 32 2 25760
C 32 3 29520
C 32 4 23740
C 32 5 26340
C 32 6 25870
C 32 7 26880
C 32 8 25800
C 32 9 24960
C 32 10 42460
C 32 11 26280
C 32 12 28530
C 32 13 26680
C 32 14 28520
C 32 15 26170
C 32 16 24890
C 32 17 26600
C 32 18 23940
C 32 19 28670
C 32 20 41790
C 32 21 26340
C 32 22 29510
C 32 23 22570
C 32 24 26830
C 32 25 27770
C 32 26 25100
C 32 27 26840
C 32 28 27980
C 32 29 26900
C 32 30 41910
C 32 31 26150
C 32 32 26280
C 32 33 26240
C 32 34 26320
C 32 35 25880
C 32 36 28440
C 32 37 24870
C 32 38 27900
C 32 39 24030
C 32 40 40320
C 44 1 12078
C 44 2 10238
C 44 3 10580
C 44 4 9375
C 44 5 10491
C 44 6 9425
C 44 7 7780
C 44 8 10358
C 44 9 10131
C 44 10 19083
C 44 11 11352
C 44 12 9672
C 44 13 10198
C 44 14 10100
C 44 15 10365
C 44 16 8215
C 44 17 8246
C 44 18 9784
C 44 19 9837
C 44 20 18073
C 44 21 10677
C 44 22 11476
C 44 23 10679
C 44 24 8425
C 44 25 10094
C 44 26 11084
C 44 27 9612
C 44 28 9636
C 44 29 12422
C 44 30 20192
C 44 31 11091
C 44 32 12085
C 44 33 10916
C 44 34 11760
C 44 35 10559
C 44 36 11710
C 44 37 9633
C 44 38 11248
C 44 39 9769
C 44 40 20687
B 77 1 8858
B 77 2 9482
B 77 3 9286
B 77 4 13663
B 77 5 11463
B 77 6 9389
B 77 7 10643
B 77 8 8513
B 77 9 9670
B 77 10 9053
B 77 11 10081
B 77 12 10099
B 77 13 10877
B 77 14 10536
B 77 15 10844
B 77 16 11905
B 77 17 9531
B 77 18 10428
B 77 19 8486
B 77 20 11439
B 77 21 10218
B 77 22 9013
B 77 23 10278
B 77 24 9141
B 77 25 10380
B 77 26 10483
B 77 27 9708
B 77 28 11282
B 77 29 10543
B 77 30 11393
B 77 31 11226
B 77 32 8949
B 77 33 11871
B 77 34 9544
B 77 35 11937
B 77 36 11099
B 77 37 10936
B 77 38 9233
B 77 39 10934
B 77 40 12241
A 29 1 9063
A 29 2 7910
A 29 3 8803
A 29 4 6474
A 29 5 10411
A 29 6 7611
A 29 7 8409
A 29 8 8535
A 29 9 7878
A 29 10 13291
A 29 11 8176
A 29 12 8674
A 29 13 9732
A 29 14 8741
A 29 15 9485
A 29 16 7581
A 29 17 9079
A 29 18 8583
A 29 19 8898
A 29 20 14801
A 29 21 8931
A 29 22 9902
A 29 23 6079
A 29 24 8056
A 29 25 8746
A 29 26 9355
A 29 27 9757
A 29 28 8500
A 29 29 8786
A 29 30 14117
A 29 31 6792
A 29 32 7321
A 29 33 5999
A 29 34 10022
A 29 35 7513
A 29 36 10532
A 29 37 8628
A 29 38 9906
A 29 39 7788
A 29 40 14897
A 56 1 13728
A 56 2 9742
A 56 3 14379
A 56 4 11274
A 56 5 14421
A 56 6 12851
A 56 7 11858
A 56 8 12627
A 56 9 12829
A 56 10 22460
A 56 11 14437
A 56 12 12854
A 56 13 14484
A 56 14 13322
A 56 15 12650
A 56 16 13204
A 56 17 13452
A 56 18 12780
A 56 19 15150
A 56 20 22648
A 56 21 11581
A 56 22 14538
A 56 23 10051
A 56 24 12046
A 56 25 12922
A 56 26 12677
A 56 27 14323
A 56 28 15370
A 56 29 13206
A 56 30 22667
A 56 31 14267
A 56 32 13238
A 56 33 11994
A 56 34 12971
A 56 35 10859
A 56 36 13549
A 56 37 11494
A 56 38 13476
A 56 39 12749
A 56 40 23438
C 20 1 5127
C 20 2 3573
C 20 3 6496
C 20 4 5079
C 20 5 4667
C 20 6 4540
C 20 7 4054
C 20 8 4641
C 20 9 4498
C 20 10 9279
C 20 11 5430
C 20 12 5405
C 20 13 5335
C 20 14 4902
C 20 15 4288
C 20 16 3224
C 20 17 5942
C 20 18 3795
C 20 19 3728
C 20 20 8692
C 20 21 3834
C 20 22 5797
C 20 23 3876
C 20 24 4830
C 20 25 4050
C 20 26 3360
C 20 27 4715
C 20 28 5179
C 20 29 5142
C 20 30 7642
C 20 31 4959
C 20 32 4729
C 20 33 4162
C 20 34 4316
C 20 35 6008
C 20 36 4357
C 20 37 3776
C 20 38 5392
C 20 39 5652
C 20 40 8800
C 30 1 7636
C 30 2 5599
C 30 3 7854
C 30 4 7316
C 30 5 5401
C 30 6 7328
C 30 7 6595
C 30 8 6948
C 30 9 8643
C 30 10 13928
C 30 11 5993
C 30 12 7019
C 30 13 6378
C 30 14 7152
C 30 15 5084
C 30 16 5652
C 30 17 6132
C 30 18 6179
C 30 19 7464
C 30 20 15834
C 30 21 4463
C 30 22 7115
C 30 23 6831
C 30 24 7970
C 30 25 8983
C 30 26 7635
C 30 27 5574
C 30 28 7394
C 30 29 5982
C 30 30 15503
C 30 31 6523
C 30 32 6304
C 30 33 5780
C 30 34 7397
C 30 35 5467
C 30 36 6365
C 30 37 5613
C 30 38 6133
C 30 39 6076
C 30 40 13249
2347 2348 1 2273
2347 2348 2 1195
2347 2348 3 3453
2347 2348 4 2707
2347 2348 5 4893
2347 2348 6 2527
2347 2348 7 2676
2347 2348 8 2280
2347 2348 9 1718
2347 2348 10 5747
2347 2348 11 3163
2347 2348 12 2679
2347 2348 13 2627
2347 2348 14 3318
2347 2348 15 3927
2347 2348 16 2526
2347 2348 17 3832
2347 2348 18 3023
2347 2348 19 4952
2347 2348 20 7037
2347 2348 21 1601
2347 2348 22 4327
2347 2348 23 2892
2347 2348 24 4474
2347 2348 25 4284
2347 2348 26 2805
2347 2348 27 1754
2347 2348 28 2322
2347 2348 29 970
2347 2348 30 5805
2347 2348 31 2504
2347 2348 32 3006
2347 2348 33 1461
2347 2348 34 3955
2347 2348 35 3625
2347 2348 36 2356
2347 2348 37 2075
2347 2348 38 2965
2347 2348 39 2183
2347 2348 40 8602
A 44 1 30070
A 44 2 26030
A 44 3 31610
A 44 4 26430
A 44 5 29270
A 44 6 26990
A 44 7 28860
A 44 8 28890
A 44 9 28860
A 44 10 41670
A 44 11 30010
A 44 12 30120
A 44 13 27730
A 44 14 27130
A 44 15 28330
A 44 16 25800
A 44 17 26110
A 44 18 27310
A 44 19 30110
A 44 20 40640
A 44 21 28200
A 44 22 29190
A 44 23 26080
A 44 24 29790
A 44 25 30820
A 44 26 28100
A 44 27 33060
A 44 28 28750
A 44 29 30930
A 44 30 42120
A 44 31 27220
A 44 32 30150
A 44 33 28920
A 44 34 30000
A 44 35 27650
A 44 36 25930
A 44 37 27120
A 44 38 29710
A 44 39 27660
A 44 40 40900
A 83 1 35380
A 83 2 36510
A 83 3 36720
A 83 4 33500
A 83 5 36800
A 83 6 35380
A 83 7 36920
A 83 8 35670
A 83 9 35530
A 83 10 63000
A 83 11 36930
A 83 12 37990
A 83 13 36420
A 83 14 35870
A 83 15 36670
A 83 16 35460
A 83 17 35790
A 83 18 32160
A 83 19 37200
A 83 20 60860
A 83 21 35710
A 83 22 38490
A 83 23 34570
A 83 24 36140
A 83 25 36820
A 83 26 35620
A 83 27 37150
A 83 28 37610
A 83 29 37800
A 83 30 64340
A 83 31 37480
A 83 32 37500
A 83 33 34970
A 83 34 37040
A 83 35 35150
A 83 36 35350
A 83 37 33210
A 83 38 36700
A 83 39 34410
A 83 40 60820
A 86 1 11676
A 86 2 10695
A 86 3 11997
A 86 4 10600
A 86 5 12614
A 86 6 11052
A 86 7 10980
A 86 8 13014
A 86 9 10665
A 86 10 21024
A 86 11 10817
A 86 12 10070
A 86 13 10366
A 86 14 11199
A 86 15 10276
A 86 16 9591
A 86 17 11505
A 86 18 8504
A 86 19 10649
A 86 20 21086
A 86 21 9751
A 86 22 9398
A 86 23 9171
A 86 24 9197
A 86 25 10438
A 86 26 9951
A 86 27 12176
A 86 28 10391
A 86 29 9453
A 86 30 21478
A 86 31 10690
A 86 32 12099
A 86 33 9648
A 86 34 11399
A 86 35 10636
A 86 36 10285
A 86 37 10091
A 86 38 9438
A 86 39 8168
A 86 40 21222
B 31 1 4372
B 31 2 1554
B 31 3 1807
B 31 4 1838
B 31 5 1003
B 31 6 1351
B 31 7 1412
B 31 8 124
B 31 9 1503
B 31 10 3218
B 31 11 2280
B 31 12 4294
B 31 13 2609
B 31 14 1153
B 31 15 1294
B 31 16 2046
B 31 17 2741
B 31 18 686
B 31 19 2309
B 31 20 1707
B 31 21 2281
B 31 22 2915
B 31 23 2849
B 31 24 2009
B 31 25 2471
B 31 26 3744
B 31 27 2682
B 31 28 2836
B 31 29 1219
B 31 30 1926
B 31 31 1281
B 31 32 1934
B 31 33 1277
B 31 34 1776
B 31 35 2633
B 31 36 2062
B 31 37 2034
B 31 38 1087
B 31 39 3212
B 31 40 2411
A 55 1 12753
A 55 2 7254
A 55 3 13171
A 55 4 9680
A 55 5 11686
A 55 6 10987
A 55 7 11330
A 55 8 10528
A 55 9 14151
A 55 10 24193
A 55 11 11658
A 55 12 11586
A 55 13 11413
A 55 14 11085
A 55 15 13634
A 55 16 8448
A 55 17 10839
A 55 18 9533
A 55 19 14947
A 55 20 23136
A 55 21 11571
A 55 22 14196
A 55 23 11331
A 55 24 9905
A 55 25 13680
A 55 26 10246
A 55 27 12485
A 55 28 9919
A 55 29 13109
A 55 30 23746
A 55 31 13739
A 55 32 11025
A 55 33 9927
A 55 34 13595
A 55 35 9807
A 55 36 9706
A 55 37 7417
A 55 38 14565
A 55 39 9618
A 55 40 23445
C 80 1 4813
C 80 2 3307
C 80 3 5367
C 80 4 4307
C 80 5 3750
C 80 6 3728
C 80 7 5974
C 80 8 4552
C 80 9 4527
C 80 10 10775
C 80 11 6429
C 80 12 3256
C 80 13 4014
C 80 14 3436
C 80 15 3476
C 80 16 2170
C 80 17 4933
C 80 18 3327
C 80 19 3183
C 80 20 9060
C 80 21 4273
C 80 22 4040
C 80 23 2927
C 80 24 3832
C 80 25 3520
C 80 26 3471
C 80 27 4088
C 80 28 3148
C 80 29 4644
C 80 30 11551
C 80 31 4420
C 80 32 2286
C 80 33 5838
C 80 34 3990
C 80 35 3688
C 80 36 3971
C 80 37 3101
C 80 38 2862
C 80 39 4182
C 80 40 9860
C 40 1 4575
C 40 2 2485
C 40 3 4807
C 40 4 3809
C 40 5 3964
C 40 6 3877
C 40 7 3958
C 40 8 5327
C 40 9 6217
C 40 10 10628
C 40 11 3730
C 40 12 4067
C 40 13 6676
C 40 14 4919
C 40 15 4388
C 40 16 4077
C 40 17 4558
C 40 18 3405
C 40 19 5050
C 40 20 10041
C 40 21 4755
C 40 22 3175
C 40 23 4864
C 40 24 4845
C 40 25 4811
C 40 26 4044
C 40 27 5189
C 40 28 5509
C 40 29 4530
C 40 30 10013
C 40 31 3615
C 40 32 5201
C 40 33 5111
C 40 34 4426
C 40 35 3786
C 40 36 3508
C 40 37 5389
C 40 38 4374
C 40 39 4612
C 40 40 9560
A 81 1 46550
A 81 2 44000
A 81 3 47550
A 81 4 44290
A 81 5 46650
A 81 6 44240
A 81 7 46640
A 81 8 46100
A 81 9 45170
A 81 10 68860
A 81 11 47220
A 81 12 45630
A 81 13 44860
A 81 14 44760
A 81 15 46400
A 81 16 43920
A 81 17 44130
A 81 18 42880
A 81 19 45240
A 81 20 67750
A 81 21 43590
A 81 22 48570
A 81 23 44900
A 81 24 45300
A 81 25 47380
A 81 26 46970
A 81 27 46760
A 81 28 44620
A 81 29 47650
A 81 30 69800
A 81 31 45150
A 81 32 47450
A 81 33 44350
A 81 34 46900
A 81 35 43510
A 81 36 48020
A 81 37 45670
A 81 38 47360
A 81 39 44260
A 81 40 68280
A 53 1 17142
A 53 2 11957
A 53 3 16673
A 53 4 15134
A 53 5 18558
A 53 6 15734
A 53 7 16132
A 53 8 15747
A 53 9 19089
A 53 10 27278
A 53 11 16425
A 53 12 17570
A 53 13 16636
A 53 14 14615
A 53 15 18276
A 53 16 12655
A 53 17 16625
A 53 18 11920
A 53 19 18713
A 53 20 29671
A 53 21 12247
A 53 22 20053
A 53 23 13727
A 53 24 15114
A 53 25 17585
A 53 26 17589
A 53 27 16042
A 53 28 15511
A 53 29 16283
A 53 30 28824
A 53 31 14965
A 53 32 16393
A 53 33 14193
A 53 34 18931
A 53 35 12280
A 53 36 16138
A 53 37 12785
A 53 38 17963
A 53 39 11772
A 53 40 27176
A 62 1 11613
A 62 2 9548
A 62 3 14132
A 62 4 12105
A 62 5 12953
A 62 6 13261
A 62 7 13570
A 62 8 12685
A 62 9 11987
A 62 10 23946
A 62 11 10129
A 62 12 12212
A 62 13 11255
A 62 14 14262
A 62 15 12417
A 62 16 10914
A 62 17 11400
A 62 18 11295
A 62 19 11980
A 62 20 24725
A 62 21 12332
A 62 22 13803
A 62 23 11281
A 62 24 11869
A 62 25 11861
A 62 26 12542
A 62 27 12567
A 62 28 11968
A 62 29 13601
A 62 30 24653
A 62 31 11002
A 62 32 11931
A 62 33 10843
A 62 34 13543
A 62 35 12568
A 62 36 11668
A 62 37 11385
A 62 38 11381
A 62 39 10596
A 62 40 24240
A 49 1 8059
A 49 2 7819
A 49 3 8782
A 49 4 7659
A 49 5 9444
A 49 6 7832
A 49 7 6834
A 49 8 6777
A 49 9 9281
A 49 10 13216
A 49 11 9491
A 49 12 7843
A 49 13 6380
A 49 14 8410
A 49 15 9053
A 49 16 7402
A 49 17 7298
A 49 18 7977
A 49 19 9084
A 49 20 14130
A 49 21 7487
A 49 22 6321
A 49 23 7441
A 49 24 8415
A 49 25 8280
A 49 26 8712
A 49 27 7941
A 49 28 8218
A 49 29 6873
A 49 30 15462
A 49 31 9783
A 49 32 7551
A 49 33 7085
A 49 34 7626
A 49 35 7404
A 49 36 8540
A 49 37 6712
A 49 38 8557
A 49 39 4740
A 49 40 13228
A 31 1 28210
A 31 2 27040
A 31 3 30480
A 31 4 28910
A 31 5 31070
A 31 6 29870
A 31 7 30590
A 31 8 32250
A 31 9 30730
A 31 10 46070
A 31 11 31520
A 31 12 29130
A 31 13 31250
A 31 14 30750
A 31 15 30290
A 31 16 30220
A 31 17 28890
A 31 18 28790
A 31 19 31940
A 31 20 48180
A 31 21 28280
A 31 22 32210
A 31 23 30500
A 31 24 29370
A 31 25 32380
A 31 26 29130
A 31 27 29970
A 31 28 29030
A 31 29 28920
A 31 30 48970
A 31 31 29980
A 31 32 31740
A 31 33 30840
A 31 34 30520
A 31 35 27750
A 31 36 28560
A 31 37 30140
A 31 38 30530
A 31 39 31820
A 31 40 48360
A 41 1 19676
A 41 2 18377
A 41 3 20136
A 41 4 20469
A 41 5 21368
A 41 6 18759
A 41 7 19249
A 41 8 20626
A 41 9 20107
A 41 10 30277
A 41 11 21345
A 41 12 20882
A 41 13 20620
A 41 14 20851
A 41 15 19650
A 41 16 18944
A 41 17 19516
A 41 18 19765
A 41 19 20371
A 41 20 30342
A 41 21 20707
A 41 22 20834
A 41 23 18342
A 41 24 19665
A 41 25 22133
A 41 26 19660
A 41 27 20996
A 41 28 20114
A 41 29 21801
A 41 30 29844
A 41 31 21601
A 41 32 20412
A 41 33 19529
A 41 34 17217
A 41 35 20247
A 41 36 18598
A 41 37 19206
A 41 38 19176
A 41 39 19234
A 41 40 30437
C 43 1 7246
C 43 2 5753
C 43 3 7897
C 43 4 6395
C 43 5 6064
C 43 6 6530
C 43 7 6473
C 43 8 7275
C 43 9 4872
C 43 10 12620
C 43 11 7001
C 43 12 5783
C 43 13 6220
C 43 14 7370
C 43 15 6773
C 43 16 4357
C 43 17 5872
C 43 18 4869
C 43 19 6011
C 43 20 13471
C 43 21 6293
C 43 22 4849
C 43 23 4940
C 43 24 6028
C 43 25 6905
C 43 26 7758
C 43 27 6299
C 43 28 6358
C 43 29 5305
C 43 30 12427
C 43 31 6328
C 43 32 6004
C 43 33 7237
C 43 34 7661
C 43 35 6516
C 43 36 6943
C 43 37 5487
C 43 38 5949
C 43 39 5679
C 43 40 13669
C 78 1 3727
C 78 2 4389
C 78 3 5253
C 78 4 3868
C 78 5 3782
C 78 6 4703
C 78 7 4243
C 78 8 3879
C 78 9 3917
C 78 10 10231
C 78 11 4450
C 78 12 2789
C 78 13 4662
C 78 14 4395
C 78 15 4525
C 78 16 5041
C 78 17 3494
C 78 18 2827
C 78 19 4617
C 78 20 8493
C 78 21 4325
C 78 22 5492
C 78 23 3331
C 78 24 3467
C 78 25 3586
C 78 26 4405
C 78 27 3241
C 78 28 4247
C 78 29 3954
C 78 30 9081
C 78 31 3680
C 78 32 3628
C 78 33 5676
C 78 34 5140
C 78 35 4190
C 78 36 2695
C 78 37 4229
C 78 38 3537
C 78 39 5227
C 78 40 10453
2070 2071 1 4079
2070 2071 2 4123
2070 2071 3 2834
2070 2071 4 2000
2070 2071 5 3233
2070 2071 6 1434
2070 2071 7 2650
2070 2071 8 3747
2070 2071 9 2240
2070 2071 10 7700
2070 2071 11 3596
2070 2071 12 4513
2070 2071 13 3773
2070 2071 14 5189
2070 2071 15 2885
2070 2071 16 1916
2070 2071 17 2983
2070 2071 18 2555
2070 2071 19 4944
2070 2071 20 7349
2070 2071 21 949
2070 2071 22 4183
2070 2071 23 3787
2070 2071 24 3294
2070 2071 25 4300
2070 2071 26 2763
2070 2071 27 5348
2070 2071 28 2966
2070 2071 29 2508
2070 2071 30 6428
2070 2071 31 2329
2070 2071 32 4032
2070 2071 33 1700
2070 2071 34 2115
2070 2071 35 3501
2070 2071 36 3588
2070 2071 37 3215
2070 2071 38 4053
2070 2071 39 2894
2070 2071 40 5686
B 84 1 7460
B 84 2 5258
B 84 3 6889
B 84 4 7717
B 84 5 6192
B 84 6 7192
B 84 7 7249
B 84 8 8409
B 84 9 7044
B 84 10 8122
B 84 11 5759
B 84 12 5774
B 84 13 8781
B 84 14 7975
B 84 15 6971
B 84 16 7506
B 84 17 6032
B 84 18 5888
B 84 19 5683
B 84 20 6477
B 84 21 6521
B 84 22 6373
B 84 23 6974
B 84 24 7057
B 84 25 8479
B 84 26 6618
B 84 27 8469
B 84 28 7704
B 84 29 7843
B 84 30 7603
B 84 31 7651
B 84 32 5518
B 84 33 7159
B 84 34 6605
B 84 35 7083
B 84 36 8646
B 84 37 6933
B 84 38 5531
B 84 39 5562
B 84 40 7695
B 82 1 6903
B 82 2 7358
B 82 3 5521
B 82 4 9732
B 82 5 6241
B 82 6 9121
B 82 7 5865
B 82 8 6634
B 82 9 6355
B 82 10 7645
B 82 11 8362
B 82 12 5880
B 82 13 7422
B 82 14 6799
B 82 15 6939
B 82 16 6645
B 82 17 7887
B 82 18 6081
B 82 19 6943
B 82 20 6615
B 82 21 7949
B 82 22 6896
B 82 23 8150
B 82 24 6064
B 82 25 7977
B 82 26 6959
B 82 27 7080
B 82 28 5887
B 82 29 7897
B 82 30 7307
B 82 31 5638
B 82 32 8684
B 82 33 6794
B 82 34 7041
B 82 35 6883
B 82 36 7614
B 82 37 6582
B 82 38 7354
B 82 39 8081
B 82 40 7872
