ref
39659
39659
39659
39659
39659
39659
39659
39659
39659
39659
39659
39659
39659
39659
39659
39659
39659
39659
39659
39659
39659
39659
39659
39659
39659
39659
39659
39659
39659
39659
39659
39659
39659
39659
39659
39659
39659
39659
39659
39659
120854
120854
120854
120854
120854
120854
120854
120854
120854
120854
120854
120854
120854
120854
120854
120854
120854
120854
120854
120854
120854
120854
120854
120854
120854
120854
120854
120854
120854
120854
120854
120854
120854
120854
120854
120854
120854
120854
120854
120854
75242
75242
75242
75242
75242
75242
75242
75242
75242
75242
75242
75242
75242
75242
75242
75242
75242
75242
75242
75242
75242
75242
75242
75242
75242
75242
75242
75242
75242
75242
75242
75242
75242
75242
75242
75242
75242
75242
75242
75242
36091
36091
36091
36091
36091
36091
36091
36091
36091
36091
36091
36091
36091
36091
36091
36091
36091
36091
36091
36091
36091
36091
36091
36091
36091
36091
36091
36091
36091
36091
36091
36091
36091
36091
36091
36091
36091
36091
36091
36091
180339
180339
180339
180339
180339
180339
180339
180339
180339
180339
180339
180339
180339
180339
180339
180339
180339
180339
180339
180339
180339
180339
180339
180339
180339
180339
180339
180339
180339
180339
180339
180339
180339
180339
180339
180339
180339
180339
180339
180339
227795
227795
227795
227795
227795
227795
227795
227795
227795
227795
227795
227795
227795
227795
227795
227795
227795
227795
227795
227795
227795
227795
227795
227795
227795
227795
227795
227795
227795
227795
227795
227795
227795
227795
227795
227795
227795
227795
227795
227795
241654
241654
241654
241654
241654
241654
241654
241654
241654
241654
241654
241654
241654
241654
241654
241654
241654
241654
241654
241654
241654
241654
241654
241654
241654
241654
241654
241654
241654
241654
241654
241654
241654
241654
241654
241654
241654
241654
241654
241654
442678
442678
442678
442678
442678
442678
442678
442678
442678
442678
442678
442678
442678
442678
442678
442678
442678
442678
442678
442678
442678
442678
442678
442678
442678
442678
442678
442678
442678
442678
442678
442678
442678
442678
442678
442678
442678
442678
442678
442678
31910
31910
31910
31910
31910
31910
31910
31910
31910
31910
31910
31910
31910
31910
31910
31910
31910
31910
31910
31910
31910
31910
31910
31910
31910
31910
31910
31910
31910
31910
31910
31910
31910
31910
31910
31910
31910
31910
31910
31910
196880
196880
196880
196880
196880
196880
196880
196880
196880
196880
196880
196880
196880
196880
196880
196880
196880
196880
196880
196880
196880
196880
196880
196880
196880
196880
196880
196880
196880
196880
196880
196880
196880
196880
196880
196880
196880
196880
196880
196880
77882
77882
77882
77882
77882
77882
77882
77882
77882
77882
77882
77882
77882
77882
77882
77882
77882
77882
77882
77882
77882
77882
77882
77882
77882
77882
77882
77882
77882
77882
77882
77882
77882
77882
77882
77882
77882
77882
77882
77882
71434
71434
71434
71434
71434
71434
71434
71434
71434
71434
71434
71434
71434
71434
71434
71434
71434
71434
71434
71434
71434
71434
71434
71434
71434
71434
71434
71434
71434
71434
71434
71434
71434
71434
71434
71434
71434
71434
71434
71434
139241
139241
139241
139241
139241
139241
139241
139241
139241
139241
139241
139241
139241
139241
139241
139241
139241
139241
139241
139241
139241
139241
139241
139241
139241
139241
139241
139241
139241
139241
139241
139241
139241
139241
139241
139241
139241
139241
139241
139241
290424
290424
290424
290424
290424
290424
290424
290424
290424
290424
290424
290424
290424
290424
290424
290424
290424
290424
290424
290424
290424
290424
290424
290424
290424
290424
290424
290424
290424
290424
290424
290424
290424
290424
290424
290424
290424
290424
290424
290424
131370
131370
131370
131370
131370
131370
131370
131370
131370
131370
131370
131370
131370
131370
131370
131370
131370
131370
131370
131370
131370
131370
131370
131370
131370
131370
131370
131370
131370
131370
131370
131370
131370
131370
131370
131370
131370
131370
131370
131370
226077
226077
226077
226077
226077
226077
226077
226077
226077
226077
226077
226077
226077
226077
226077
226077
226077
226077
226077
226077
226077
226077
226077
226077
226077
226077
226077
226077
226077
226077
226077
226077
226077
226077
226077
226077
226077
226077
226077
226077
143362
143362
143362
143362
143362
143362
143362
143362
143362
143362
143362
143362
143362
143362
143362
143362
143362
143362
143362
143362
143362
143362
143362
143362
143362
143362
143362
143362
143362
143362
143362
143362
143362
143362
143362
143362
143362
143362
143362
143362
145944
145944
145944
145944
145944
145944
145944
145944
145944
145944
145944
145944
145944
145944
145944
145944
145944
145944
145944
145944
145944
145944
145944
145944
145944
145944
145944
145944
145944
145944
145944
145944
145944
145944
145944
145944
145944
145944
145944
145944
64911
64911
64911
64911
64911
64911
64911
64911
64911
64911
64911
64911
64911
64911
64911
64911
64911
64911
64911
64911
64911
64911
64911
64911
64911
64911
64911
64911
64911
64911
64911
64911
64911
64911
64911
64911
64911
64911
64911
64911
65474
65474
65474
65474
65474
65474
65474
65474
65474
65474
65474
65474
65474
65474
65474
65474
65474
65474
65474
65474
65474
65474
65474
65474
65474
65474
65474
65474
65474
65474
65474
65474
65474
65474
65474
65474
65474
65474
65474
65474
25597
25597
25597
25597
25597
25597
25597
25597
25597
25597
25597
25597
25597
25597
25597
25597
25597
25597
25597
25597
25597
25597
25597
25597
25597
25597
25597
25597
25597
25597
25597
25597
25597
25597
25597
25597
25597
25597
25597
25597
21800
21800
21800
21800
21800
21800
21800
21800
21800
21800
21800
21800
21800
21800
21800
21800
21800
21800
21800
21800
21800
21800
21800
21800
21800
21800
21800
21800
21800
21800
21800
21800
21800
21800
21800
21800
21800
21800
21800
21800
238803
238803
238803
238803
238803
238803
238803
238803
238803
238803
238803
238803
238803
238803
238803
238803
238803
238803
238803
238803
238803
238803
238803
238803
238803
238803
238803
238803
238803
238803
238803
238803
238803
238803
238803
238803
238803
238803
238803
238803
111926
111926
111926
111926
111926
111926
111926
111926
111926
111926
111926
111926
111926
111926
111926
111926
111926
111926
111926
111926
111926
111926
111926
111926
111926
111926
111926
111926
111926
111926
111926
111926
111926
111926
111926
111926
111926
111926
111926
111926
93008
93008
93008
93008
93008
93008
93008
93008
93008
93008
93008
93008
93008
93008
93008
93008
93008
93008
93008
93008
93008
93008
93008
93008
93008
93008
93008
93008
93008
93008
93008
93008
93008
93008
93008
93008
93008
93008
93008
93008
31456
31456
31456
31456
31456
31456
31456
31456
31456
31456
31456
31456
31456
31456
31456
31456
31456
31456
31456
31456
31456
31456
31456
31456
31456
31456
31456
31456
31456
31456
31456
31456
31456
31456
31456
31456
31456
31456
31456
31456
129661
129661
129661
129661
129661
129661
129661
129661
129661
129661
129661
129661
129661
129661
129661
129661
129661
129661
129661
129661
129661
129661
129661
129661
129661
129661
129661
129661
129661
129661
129661
129661
129661
129661
129661
129661
129661
129661
129661
129661
51251
51251
51251
51251
51251
51251
51251
51251
51251
51251
51251
51251
51251
51251
51251
51251
51251
51251
51251
51251
51251
51251
51251
51251
51251
51251
51251
51251
51251
51251
51251
51251
51251
51251
51251
51251
51251
51251
51251
51251
34577
34577
34577
34577
34577
34577
34577
34577
34577
34577
34577
34577
34577
34577
34577
34577
34577
34577
34577
34577
34577
34577
34577
34577
34577
34577
34577
34577
34577
34577
34577
34577
34577
34577
34577
34577
34577
34577
34577
34577
44853
44853
44853
44853
44853
44853
44853
44853
44853
44853
44853
44853
44853
44853
44853
44853
44853
44853
44853
44853
44853
44853
44853
44853
44853
44853
44853
44853
44853
44853
44853
44853
44853
44853
44853
44853
44853
44853
44853
44853
52648
52648
52648
52648
52648
52648
52648
52648
52648
52648
52648
52648
52648
52648
52648
52648
52648
52648
52648
52648
52648
52648
52648
52648
52648
52648
52648
52648
52648
52648
52648
52648
52648
52648
52648
52648
52648
52648
52648
52648
27439
27439
27439
27439
27439
27439
27439
27439
27439
27439
27439
27439
27439
27439
27439
27439
27439
27439
27439
27439
27439
27439
27439
27439
27439
27439
27439
27439
27439
27439
27439
27439
27439
27439
27439
27439
27439
27439
27439
27439
100180
100180
100180
100180
100180
100180
100180
100180
100180
100180
100180
100180
100180
100180
100180
100180
100180
100180
100180
100180
100180
100180
100180
100180
100180
100180
100180
100180
100180
100180
100180
100180
100180
100180
100180
100180
100180
100180
100180
100180
61386
61386
61386
61386
61386
61386
61386
61386
61386
61386
61386
61386
61386
61386
61386
61386
61386
61386
61386
61386
61386
61386
61386
61386
61386
61386
61386
61386
61386
61386
61386
61386
61386
61386
61386
61386
61386
61386
61386
61386
74720
74720
74720
74720
74720
74720
74720
74720
74720
74720
74720
74720
74720
74720
74720
74720
74720
74720
74720
74720
74720
74720
74720
74720
74720
74720
74720
74720
74720
74720
74720
74720
74720
74720
74720
74720
74720
74720
74720
74720
67648
67648
67648
67648
67648
67648
67648
67648
67648
67648
67648
67648
67648
67648
67648
67648
67648
67648
67648
67648
67648
67648
67648
67648
67648
67648
67648
67648
67648
67648
67648
67648
67648
67648
67648
67648
67648
67648
67648
67648
180910
180910
180910
180910
180910
180910
180910
180910
180910
180910
180910
180910
180910
180910
180910
180910
180910
180910
180910
180910
180910
180910
180910
180910
180910
180910
180910
180910
180910
180910
180910
180910
180910
180910
180910
180910
180910
180910
180910
180910
32899
32899
32899
32899
32899
32899
32899
32899
32899
32899
32899
32899
32899
32899
32899
32899
32899
32899
32899
32899
32899
32899
32899
32899
32899
32899
32899
32899
32899
32899
32899
32899
32899
32899
32899
32899
32899
32899
32899
32899
471154
471154
471154
471154
471154
471154
471154
471154
471154
471154
471154
471154
471154
471154
471154
471154
471154
471154
471154
471154
471154
471154
471154
471154
471154
471154
471154
471154
471154
471154
471154
471154
471154
471154
471154
471154
471154
471154
471154
471154
167108
167108
167108
167108
167108
167108
167108
167108
167108
167108
167108
167108
167108
167108
167108
167108
167108
167108
167108
167108
167108
167108
167108
167108
167108
167108
167108
167108
167108
167108
167108
167108
167108
167108
167108
167108
167108
167108
167108
167108
428272
428272
428272
428272
428272
428272
428272
428272
428272
428272
428272
428272
428272
428272
428272
428272
428272
428272
428272
428272
428272
428272
428272
428272
428272
428272
428272
428272
428272
428272
428272
428272
428272
428272
428272
428272
428272
428272
428272
428272
393907
393907
393907
393907
393907
393907
393907
393907
393907
393907
393907
393907
393907
393907
393907
393907
393907
393907
393907
393907
393907
393907
393907
393907
393907
393907
393907
393907
393907
393907
393907
393907
393907
393907
393907
393907
393907
393907
393907
393907
109888
109888
109888
109888
109888
109888
109888
109888
109888
109888
109888
109888
109888
109888
109888
109888
109888
109888
109888
109888
109888
109888
109888
109888
109888
109888
109888
109888
109888
109888
109888
109888
109888
109888
109888
109888
109888
109888
109888
109888
56740
56740
56740
56740
56740
56740
56740
56740
56740
56740
56740
56740
56740
56740
56740
56740
56740
56740
56740
56740
56740
56740
56740
56740
56740
56740
56740
56740
56740
56740
56740
56740
56740
56740
56740
56740
56740
56740
56740
56740
26033
26033
26033
26033
26033
26033
26033
26033
26033
26033
26033
26033
26033
26033
26033
26033
26033
26033
26033
26033
26033
26033
26033
26033
26033
26033
26033
26033
26033
26033
26033
26033
26033
26033
26033
26033
26033
26033
26033
26033
29871
29871
29871
29871
29871
29871
29871
29871
29871
29871
29871
29871
29871
29871
29871
29871
29871
29871
29871
29871
29871
29871
29871
29871
29871
29871
29871
29871
29871
29871
29871
29871
29871
29871
29871
29871
29871
29871
29871
29871
13175
13175
13175
13175
13175
13175
13175
13175
13175
13175
13175
13175
13175
13175
13175
13175
13175
13175
13175
13175
13175
13175
13175
13175
13175
13175
13175
13175
13175
13175
13175
13175
13175
13175
13175
13175
13175
13175
13175
13175
25919
25919
25919
25919
25919
25919
25919
25919
25919
25919
25919
25919
25919
25919
25919
25919
25919
25919
25919
25919
25919
25919
25919
25919
25919
25919
25919
25919
25919
25919
25919
25919
25919
25919
25919
25919
25919
25919
25919
25919
20151
20151
20151
20151
20151
20151
20151
20151
20151
20151
20151
20151
20151
20151
20151
20151
20151
20151
20151
20151
20151
20151
20151
20151
20151
20151
20151
20151
20151
20151
20151
20151
20151
20151
20151
20151
20151
20151
20151
20151
21126
21126
21126
21126
21126
21126
21126
21126
21126
21126
21126
21126
21126
21126
21126
21126
21126
21126
21126
21126
21126
21126
21126
21126
21126
21126
21126
21126
21126
21126
21126
21126
21126
21126
21126
21126
21126
21126
21126
21126
40126
40126
40126
40126
40126
40126
40126
40126
40126
40126
40126
40126
40126
40126
40126
40126
40126
40126
40126
40126
40126
40126
40126
40126
40126
40126
40126
40126
40126
40126
40126
40126
40126
40126
40126
40126
40126
40126
40126
40126
37321
37321
37321
37321
37321
37321
37321
37321
37321
37321
37321
37321
37321
37321
37321
37321
37321
37321
37321
37321
37321
37321
37321
37321
37321
37321
37321
37321
37321
37321
37321
37321
37321
37321
37321
37321
37321
37321
37321
37321
32735
32735
32735
32735
32735
32735
32735
32735
32735
32735
32735
32735
32735
32735
32735
32735
32735
32735
32735
32735
32735
32735
32735
32735
32735
32735
32735
32735
32735
32735
32735
32735
32735
32735
32735
32735
32735
32735
32735
32735
63517
63517
63517
63517
63517
63517
63517
63517
63517
63517
63517
63517
63517
63517
63517
63517
63517
63517
63517
63517
63517
63517
63517
63517
63517
63517
63517
63517
63517
63517
63517
63517
63517
63517
63517
63517
63517
63517
63517
63517
52724
52724
52724
52724
52724
52724
52724
52724
52724
52724
52724
52724
52724
52724
52724
52724
52724
52724
52724
52724
52724
52724
52724
52724
52724
52724
52724
52724
52724
52724
52724
52724
52724
52724
52724
52724
52724
52724
52724
52724
51260
51260
51260
51260
51260
51260
51260
51260
51260
51260
51260
51260
51260
51260
51260
51260
51260
51260
51260
51260
51260
51260
51260
51260
51260
51260
51260
51260
51260
51260
51260
51260
51260
51260
51260
51260
51260
51260
51260
51260
64564
64564
64564
64564
64564
64564
64564
64564
64564
64564
64564
64564
64564
64564
64564
64564
64564
64564
64564
64564
64564
64564
64564
64564
64564
64564
64564
64564
64564
64564
64564
64564
64564
64564
64564
64564
64564
64564
64564
64564
43375
43375
43375
43375
43375
43375
43375
43375
43375
43375
43375
43375
43375
43375
43375
43375
43375
43375
43375
43375
43375
43375
43375
43375
43375
43375
43375
43375
43375
43375
43375
43375
43375
43375
43375
43375
43375
43375
43375
43375
41317
41317
41317
41317
41317
41317
41317
41317
41317
41317
41317
41317
41317
41317
41317
41317
41317
41317
41317
41317
41317
41317
41317
41317
41317
41317
41317
41317
41317
41317
41317
41317
41317
41317
41317
41317
41317
41317
41317
41317
72603
72603
72603
72603
72603
72603
72603
72603
72603
72603
72603
72603
72603
72603
72603
72603
72603
72603
72603
72603
72603
72603
72603
72603
72603
72603
72603
72603
72603
72603
72603
72603
72603
72603
72603
72603
72603
72603
72603
72603
30823
30823
30823
30823
30823
30823
30823
30823
30823
30823
30823
30823
30823
30823
30823
30823
30823
30823
30823
30823
30823
30823
30823
30823
30823
30823
30823
30823
30823
30823
30823
30823
30823
30823
30823
30823
30823
30823
30823
30823
24990
24990
24990
24990
24990
24990
24990
24990
24990
24990
24990
24990
24990
24990
24990
24990
24990
24990
24990
24990
24990
24990
24990
24990
24990
24990
24990
24990
24990
24990
24990
24990
24990
24990
24990
24990
24990
24990
24990
24990
51517
51517
51517
51517
51517
51517
51517
51517
51517
51517
51517
51517
51517
51517
51517
51517
51517
51517
51517
51517
51517
51517
51517
51517
51517
51517
51517
51517
51517
51517
51517
51517
51517
51517
51517
51517
51517
51517
51517
51517
25232
25232
25232
25232
25232
25232
25232
25232
25232
25232
25232
25232
25232
25232
25232
25232
25232
25232
25232
25232
25232
25232
25232
25232
25232
25232
25232
25232
25232
25232
25232
25232
25232
25232
25232
25232
25232
25232
25232
25232
33760
33760
33760
33760
33760
33760
33760
33760
33760
33760
33760
33760
33760
33760
33760
33760
33760
33760
33760
33760
33760
33760
33760
33760
33760
33760
33760
33760
33760
33760
33760
33760
33760
33760
33760
33760
33760
33760
33760
33760
33604
33604
33604
33604
33604
33604
33604
33604
33604
33604
33604
33604
33604
33604
33604
33604
33604
33604
33604
33604
33604
33604
33604
33604
33604
33604
33604
33604
33604
33604
33604
33604
33604
33604
33604
33604
33604
33604
33604
33604
16342
16342
16342
16342
16342
16342
16342
16342
16342
16342
16342
16342
16342
16342
16342
16342
16342
16342
16342
16342
16342
16342
16342
16342
16342
16342
16342
16342
16342
16342
16342
16342
16342
16342
16342
16342
16342
16342
16342
16342
45844
45844
45844
45844
45844
45844
45844
45844
45844
45844
45844
45844
45844
45844
45844
45844
45844
45844
45844
45844
45844
45844
45844
45844
45844
45844
45844
45844
45844
45844
45844
45844
45844
45844
45844
45844
45844
45844
45844
45844
54332
54332
54332
54332
54332
54332
54332
54332
54332
54332
54332
54332
54332
54332
54332
54332
54332
54332
54332
54332
54332
54332
54332
54332
54332
54332
54332
54332
54332
54332
54332
54332
54332
54332
54332
54332
54332
54332
54332
54332
49478
49478
49478
49478
49478
49478
49478
49478
49478
49478
49478
49478
49478
49478
49478
49478
49478
49478
49478
49478
49478
49478
49478
49478
49478
49478
49478
49478
49478
49478
49478
49478
49478
49478
49478
49478
49478
49478
49478
49478
13141
13141
13141
13141
13141
13141
13141
13141
13141
13141
13141
13141
13141
13141
13141
13141
13141
13141
13141
13141
13141
13141
13141
13141
13141
13141
13141
13141
13141
13141
13141
13141
13141
13141
13141
13141
13141
13141
13141
13141
40347
40347
40347
40347
40347
40347
40347
40347
40347
40347
40347
40347
40347
40347
40347
40347
40347
40347
40347
40347
40347
40347
40347
40347
40347
40347
40347
40347
40347
40347
40347
40347
40347
40347
40347
40347
40347
40347
40347
40347
27335
27335
27335
27335
27335
27335
27335
27335
27335
27335
27335
27335
27335
27335
27335
27335
27335
27335
27335
27335
27335
27335
27335
27335
27335
27335
27335
27335
27335
27335
27335
27335
27335
27335
27335
27335
27335
27335
27335
27335
9030
9030
9030
9030
9030
9030
9030
9030
9030
9030
9030
9030
9030
9030
9030
9030
9030
9030
9030
9030
9030
9030
9030
9030
9030
9030
9030
9030
9030
9030
9030
9030
9030
9030
9030
9030
9030
9030
9030
9030
21305
21305
21305
21305
21305
21305
21305
21305
21305
21305
21305
21305
21305
21305
21305
21305
21305
21305
21305
21305
21305
21305
21305
21305
21305
21305
21305
21305
21305
21305
21305
21305
21305
21305
21305
21305
21305
21305
21305
21305
