F2 Position 0 0
A 14 1 1087
A 14 2 525
A 14 3 1020
A 14 4 182
A 14 5 1546
A 14 6 497
A 14 7 774
A 14 8 785
A 14 9 1109
A 14 10 2747
A 14 11 965
A 14 12 1112
A 14 13 983
A 14 14 994
A 14 15 908
A 14 16 294
A 14 17 550
A 14 18 53
A 14 19 925
A 14 20 2428
A 14 21 732
A 14 22 1641
A 14 23 781
A 14 24 555
A 14 25 1201
A 14 26 188
A 14 27 1246
A 14 28 693
A 14 29 1279
A 14 30 2838
A 14 31 894
A 14 32 434
A 14 33 204
A 14 34 957
A 14 35 662
A 14 36 832
A 14 37 529
A 14 38 1179
A 14 39 320
A 14 40 3008
A 20 1 2601
A 20 2 2530
A 20 3 3291
A 20 4 2948
A 20 5 3177
A 20 6 2499
A 20 7 2699
A 20 8 2803
A 20 9 2567
A 20 10 5147
A 20 11 3027
A 20 12 2648
A 20 13 2610
A 20 14 2965
A 20 15 3331
A 20 16 2751
A 20 17 2791
A 20 18 2634
A 20 19 3004
A 20 20 4877
A 20 21 2321
A 20 22 3036
A 20 23 1750
A 20 24 2814
A 20 25 2952
A 20 26 2520
A 20 27 2926
A 20 28 3151
A 20 29 3095
A 20 30 5327
A 20 31 3012
A 20 32 2896
A 20 33 2931
A 20 34 3290
A 20 35 3086
A 20 36 2691
A 20 37 2555
A 20 38 2766
A 20 39 2038
A 20 40 4803
A 29 1 1773
A 29 2 2080
A 29 3 1567
A 29 4 1107
A 29 5 2115
A 29 6 1388
A 29 7 2680
A 29 8 1666
A 29 9 1366
A 29 10 3065
A 29 11 1861
A 29 12 1707
A 29 13 1497
A 29 14 1710
A 29 15 1419
A 29 16 1991
A 29 17 2048
A 29 18 1362
A 29 19 2356
A 29 20 2972
A 29 21 1680
A 29 22 1596
A 29 23 1453
A 29 24 1656
A 29 25 1551
A 29 26 1480
A 29 27 1738
A 29 28 1654
A 29 29 1909
A 29 30 3468
A 29 31 1992
A 29 32 1946
A 29 33 1675
A 29 34 1391
A 29 35 1672
A 29 36 1908
A 29 37 1892
A 29 38 1941
A 29 39 1853
A 29 40 3057
A 30 1 725
A 30 2 415
A 30 3 936
A 30 4 727
A 30 5 589
A 30 6 663
A 30 7 1100
A 30 8 436
A 30 9 1222
A 30 10 2082
A 30 11 471
A 30 12 992
A 30 13 641
A 30 14 507
A 30 15 896
A 30 16 505
A 30 17 583
A 30 18 912
A 30 19 917
A 30 20 2408
A 30 21 735
A 30 22 1399
A 30 23 899
A 30 24 1003
A 30 25 651
A 30 26 878
A 30 27 599
A 30 28 640
A 30 29 1128
A 30 30 1484
A 30 31 785
A 30 32 1293
A 30 33 827
A 30 34 1451
A 30 35 944
A 30 36 331
A 30 37 347
A 30 38 746
A 30 39 490
A 30 40 1723
A 31 1 5101
A 31 2 4190
A 31 3 4443
A 31 4 4451
A 31 5 3935
A 31 6 4900
A 31 7 4404
A 31 8 4600
A 31 9 4089
A 31 10 6243
A 31 11 4655
A 31 12 3912
A 31 13 4523
A 31 14 3731
A 31 15 4036
A 31 16 4941
A 31 17 4899
A 31 18 4044
A 31 19 3745
A 31 20 6043
A 31 21 4683
A 31 22 4348
A 31 23 4046
A 31 24 3677
A 31 25 4243
A 31 26 4978
A 31 27 3996
A 31 28 4500
A 31 29 3803
A 31 30 6789
A 31 31 4180
A 31 32 4235
A 31 33 4344
A 31 34 4043
A 31 35 4174
A 31 36 4411
A 31 37 4418
A 31 38 3675
A 31 39 4287
A 31 40 6618
A 32 1 5528
A 32 2 5662
A 32 3 5677
A 32 4 5096
A 32 5 6331
A 32 6 5098
A 32 7 5518
A 32 8 5943
A 32 9 5215
A 32 10 7613
A 32 11 6160
A 32 12 5451
A 32 13 5529
A 32 14 5028
A 32 15 6467
A 32 16 4559
A 32 17 5693
A 32 18 4750
A 32 19 4903
A 32 20 7588
A 32 21 4969
A 32 22 5994
A 32 23 4726
A 32 24 5339
A 32 25 5010
A 32 26 5233
A 32 27 5534
A 32 28 5433
A 32 29 5576
A 32 30 7944
A 32 31 5867
A 32 32 6017
A 32 33 5262
A 32 34 5619
A 32 35 5555
A 32 36 4883
A 32 37 4964
A 32 38 6155
A 32 39 4921
A 32 40 8991
A 33 1 6634
A 33 2 5869
A 33 3 5628
A 33 4 5911
A 33 5 5882
A 33 6 5282
A 33 7 5516
A 33 8 5695
A 33 9 5743
A 33 10 7965
A 33 11 5569
A 33 12 5485
A 33 13 5620
A 33 14 5779
A 33 15 5217
A 33 16 5013
A 33 17 5916
A 33 18 5271
A 33 19 5747
A 33 20 8771
A 33 21 5511
A 33 22 6086
A 33 23 6183
A 33 24 6042
A 33 25 5780
A 33 26 5959
A 33 27 6674
A 33 28 5561
A 33 29 5607
A 33 30 9028
A 33 31 5727
A 33 32 5280
A 33 33 5828
A 33 34 5306
A 33 35 5439
A 33 36 5923
A 33 37 6378
A 33 38 5985
A 33 39 6013
A 33 40 8829
A 34 1 10323
A 34 2 10535
A 34 3 10617
A 34 4 10463
A 34 5 10713
A 34 6 11260
A 34 7 11040
A 34 8 11006
A 34 9 9885
A 34 10 15011
A 34 11 10676
A 34 12 10259
A 34 13 11417
A 34 14 10721
A 34 15 11242
A 34 16 10818
A 34 17 11247
A 34 18 11352
A 34 19 9354
A 34 20 14416
A 34 21 11290
A 34 22 9741
A 34 23 11106
A 34 24 10289
A 34 25 9967
A 34 26 10893
A 34 27 10768
A 34 28 12041
A 34 29 9666
A 34 30 14152
A 34 31 11367
A 34 32 9951
A 34 33 10985
A 34 34 10012
A 34 35 10878
A 34 36 10702
A 34 37 10981
A 34 38 10133
A 34 39 10466
A 34 40 14916
A 35 1 722
A 35 2 250
A 35 3 780
A 35 4 1234
A 35 5 1388
A 35 6 744
A 35 7 441
A 35 8 508
A 35 9 781
A 35 10 1401
A 35 11 802
A 35 12 1076
A 35 13 770
A 35 14 1041
A 35 15 950
A 35 16 357
A 35 17 315
A 35 18 413
A 35 19 723
A 35 20 1217
A 35 21 881
A 35 22 531
A 35 23 359
A 35 24 704
A 35 25 436
A 35 26 620
A 35 27 388
A 35 28 724
A 35 29 1175
A 35 30 1397
A 35 31 1216
A 35 32 556
A 35 33 752
A 35 34 714
A 35 35 1258
A 35 36 691
A 35 37 178
A 35 38 1158
A 35 39 894
A 35 40 1347
A 36 1 5224
A 36 2 4158
A 36 3 4717
A 36 4 4866
A 36 5 5127
A 36 6 4463
A 36 7 4806
A 36 8 4631
A 36 9 5406
A 36 10 7243
A 36 11 5168
A 36 12 4645
A 36 13 4496
A 36 14 5634
A 36 15 5105
A 36 16 4569
A 36 17 4435
A 36 18 4449
A 36 19 4819
A 36 20 6955
A 36 21 4251
A 36 22 4552
A 36 23 3563
A 36 24 4412
A 36 25 4894
A 36 26 5113
A 36 27 4156
A 36 28 4621
A 36 29 5132
A 36 30 6745
A 36 31 4778
A 36 32 4748
A 36 33 4886
A 36 34 4544
A 36 35 4941
A 36 36 4562
A 36 37 4409
A 36 38 4692
A 36 39 4269
A 36 40 6696
A 37 1 2073
A 37 2 1347
A 37 3 1920
A 37 4 1568
A 37 5 2581
A 37 6 1104
A 37 7 1659
A 37 8 1801
A 37 9 2558
A 37 10 3688
A 37 11 1584
A 37 12 2100
A 37 13 2098
A 37 14 1509
A 37 15 1792
A 37 16 1227
A 37 17 1502
A 37 18 1850
A 37 19 2134
A 37 20 3212
A 37 21 1814
A 37 22 1874
A 37 23 1147
A 37 24 1984
A 37 25 1956
A 37 26 1476
A 37 27 2144
A 37 28 1638
A 37 29 1626
A 37 30 3657
A 37 31 1750
A 37 32 1580
A 37 33 1622
A 37 34 2108
A 37 35 1782
A 37 36 1802
A 37 37 1456
A 37 38 1803
A 37 39 1371
A 37 40 3997
A 38 1 1863
A 38 2 995
A 38 3 1943
A 38 4 1287
A 38 5 1794
A 38 6 1244
A 38 7 1513
A 38 8 1449
A 38 9 2224
A 38 10 3990
A 38 11 1305
A 38 12 2176
A 38 13 919
A 38 14 1830
A 38 15 2325
A 38 16 683
A 38 17 1617
A 38 18 1431
A 38 19 2317
A 38 20 3482
A 38 21 1037
A 38 22 2163
A 38 23 1390
A 38 24 1211
A 38 25 1823
A 38 26 1422
A 38 27 1856
A 38 28 1177
A 38 29 1904
A 38 30 3441
A 38 31 1603
A 38 32 1952
A 38 33 738
A 38 34 2177
A 38 35 1712
A 38 36 1453
A 38 37 1208
A 38 38 2013
A 38 39 1081
A 38 40 3686
A 41 1 3299
A 41 2 3168
A 41 3 3008
A 41 4 2855
A 41 5 2668
A 41 6 3135
A 41 7 3097
A 41 8 3434
A 41 9 3287
A 41 10 5393
A 41 11 2275
A 41 12 3039
A 41 13 3377
A 41 14 3626
A 41 15 2854
A 41 16 3655
A 41 17 3532
A 41 18 3213
A 41 19 2823
A 41 20 4827
A 41 21 3779
A 41 22 3186
A 41 23 3384
A 41 24 2917
A 41 25 3537
A 41 26 3749
A 41 27 3211
A 41 28 2903
A 41 29 2822
A 41 30 5420
A 41 31 4024
A 41 32 4331
A 41 33 3063
A 41 34 3256
A 41 35 3210
A 41 36 3359
A 41 37 4183
A 41 38 3101
A 41 39 3557
A 41 40 5670
A 42 1 7060
A 42 2 6626
A 42 3 6778
A 42 4 6728
A 42 5 6629
A 42 6 7367
A 42 7 6866
A 42 8 6625
A 42 9 7323
A 42 10 9729
A 42 11 6646
A 42 12 7009
A 42 13 6671
A 42 14 6926
A 42 15 6304
A 42 16 7353
A 42 17 6760
A 42 18 6871
A 42 19 6544
A 42 20 9711
A 42 21 7630
A 42 22 7021
A 42 23 6405
A 42 24 6512
A 42 25 6872
A 42 26 7737
A 42 27 7151
A 42 28 6884
A 42 29 7794
A 42 30 10806
A 42 31 7090
A 42 32 7233
A 42 33 7525
A 42 34 6458
A 42 35 7074
A 42 36 7357
A 42 37 6382
A 42 38 6389
A 42 39 7415
A 42 40 10145
A 43 1 2646
A 43 2 2615
A 43 3 3562
A 43 4 2635
A 43 5 3591
A 43 6 3026
A 43 7 3055
A 43 8 2914
A 43 9 3510
A 43 10 6177
A 43 11 2415
A 43 12 3375
A 43 13 3196
A 43 14 2743
A 43 15 3369
A 43 16 2663
A 43 17 2698
A 43 18 2652
A 43 19 3007
A 43 20 6160
A 43 21 3207
A 43 22 3420
A 43 23 2688
A 43 24 2389
A 43 25 3438
A 43 26 2827
A 43 27 2894
A 43 28 3357
A 43 29 2814
A 43 30 6130
A 43 31 2678
A 43 32 2565
A 43 33 2457
A 43 34 3068
A 43 35 3657
A 43 36 3020
A 43 37 2685
A 43 38 3754
A 43 39 2515
A 43 40 5794
A 44 1 5617
A 44 2 4976
A 44 3 5662
A 44 4 4792
A 44 5 6179
A 44 6 4897
A 44 7 5016
A 44 8 4803
A 44 9 6511
A 44 10 8021
A 44 11 5722
A 44 12 5616
A 44 13 5014
A 44 14 5893
A 44 15 5450
A 44 16 4622
A 44 17 5152
A 44 18 5382
A 44 19 5670
A 44 20 7618
A 44 21 5123
A 44 22 5728
A 44 23 5133
A 44 24 5467
A 44 25 6904
A 44 26 5499
A 44 27 5961
A 44 28 5423
A 44 29 5123
A 44 30 7661
A 44 31 5727
A 44 32 5695
A 44 33 5028
A 44 34 6260
A 44 35 4634
A 44 36 5384
A 44 37 4943
A 44 38 5477
A 44 39 4434
A 44 40 7847
A 45 1 3397
A 45 2 2728
A 45 3 3567
A 45 4 3089
A 45 5 3475
A 45 6 3359
A 45 7 4007
A 45 8 3620
A 45 9 3227
A 45 10 5413
A 45 11 3064
A 45 12 3642
A 45 13 3576
A 45 14 3660
A 45 15 3629
A 45 16 3371
A 45 17 3516
A 45 18 3373
A 45 19 2779
A 45 20 5806
A 45 21 2532
A 45 22 3297
A 45 23 3434
A 45 24 3587
A 45 25 3875
A 45 26 3401
A 45 27 3253
A 45 28 3112
A 45 29 3356
A 45 30 5662
A 45 31 3067
A 45 32 2954
A 45 33 3194
A 45 34 4125
A 45 35 3456
A 45 36 3139
A 45 37 3478
A 45 38 3603
A 45 39 2967
A 45 40 5574
A 46 1 3319
A 46 2 3971
A 46 3 3238
A 46 4 3294
A 46 5 3342
A 46 6 3118
A 46 7 3848
A 46 8 3859
A 46 9 3263
A 46 10 5661
A 46 11 3484
A 46 12 3412
A 46 13 3126
A 46 14 3178
A 46 15 3748
A 46 16 3640
A 46 17 3378
A 46 18 3429
A 46 19 2772
A 46 20 5235
A 46 21 3555
A 46 22 3591
A 46 23 4092
A 46 24 3759
A 46 25 3204
A 46 26 3192
A 46 27 3639
A 46 28 3061
A 46 29 3203
A 46 30 4842
A 46 31 3162
A 46 32 3350
A 46 33 4261
A 46 34 3381
A 46 35 2980
A 46 36 3832
A 46 37 3756
A 46 38 3657
A 46 39 3051
A 46 40 6056
A 48 1 1490
A 48 2 1564
A 48 3 1708
A 48 4 1793
A 48 5 1670
A 48 6 1684
A 48 7 1226
A 48 8 1470
A 48 9 1798
A 48 10 3469
A 48 11 1190
A 48 12 1490
A 48 13 1556
A 48 14 1487
A 48 15 1646
A 48 16 1487
A 48 17 1235
A 48 18 1038
A 48 19 1445
A 48 20 3838
A 48 21 1578
A 48 22 1903
A 48 23 1539
A 48 24 946
A 48 25 1656
A 48 26 1287
A 48 27 1592
A 48 28 1374
A 48 29 1392
A 48 30 3003
A 48 31 1209
A 48 32 1395
A 48 33 1281
A 48 34 1676
A 48 35 1445
A 48 36 1203
A 48 37 1087
A 48 38 1507
A 48 39 793
A 48 40 2752
A 49 1 1969
A 49 2 1228
A 49 3 1821
A 49 4 1179
A 49 5 1741
A 49 6 1330
A 49 7 1662
A 49 8 1840
A 49 9 1307
A 49 10 2784
A 49 11 1209
A 49 12 1961
A 49 13 1455
A 49 14 1509
A 49 15 1448
A 49 16 1322
A 49 17 1576
A 49 18 1191
A 49 19 1598
A 49 20 2844
A 49 21 1614
A 49 22 1694
A 49 23 1274
A 49 24 1345
A 49 25 1008
A 49 26 1890
A 49 27 1216
A 49 28 1368
A 49 29 1455
A 49 30 2857
A 49 31 1068
A 49 32 1774
A 49 33 1551
A 49 34 1662
A 49 35 1487
A 49 36 1428
A 49 37 1328
A 49 38 1768
A 49 39 1576
A 49 40 3141
A 50 1 837
A 50 2 237
A 50 3 917
A 50 4 156
A 50 5 772
A 50 6 210
A 50 7 288
A 50 8 216
A 50 9 -211
A 50 10 1846
A 50 11 488
A 50 12 723
A 50 13 51
A 50 14 360
A 50 15 751
A 50 16 12
A 50 17 804
A 50 18 199
A 50 19 1068
A 50 20 1850
A 50 21 416
A 50 22 1074
A 50 23 100
A 50 24 -205
A 50 25 755
A 50 26 633
A 50 27 876
A 50 28 417
A 50 29 880
A 50 30 2203
A 50 31 764
A 50 32 154
A 50 33 167
A 50 34 1402
A 50 35 791
A 50 36 714
A 50 37 408
A 50 38 352
A 50 39 -38
A 50 40 2146
A 51 1 426
A 51 2 390
A 51 3 282
A 51 4 681
A 51 5 326
A 51 6 532
A 51 7 623
A 51 8 637
A 51 9 346
A 51 10 906
A 51 11 239
A 51 12 558
A 51 13 619
A 51 14 717
A 51 15 711
A 51 16 669
A 51 17 649
A 51 18 455
A 51 19 542
A 51 20 368
A 51 21 539
A 51 22 181
A 51 23 907
A 51 24 501
A 51 25 502
A 51 26 959
A 51 27 681
A 51 28 555
A 51 29 412
A 51 30 1164
A 51 31 449
A 51 32 268
A 51 33 772
A 51 34 307
A 51 35 447
A 51 36 214
A 51 37 363
A 51 38 424
A 51 39 668
A 51 40 815
A 52 1 5728
A 52 2 5262
A 52 3 5629
A 52 4 5225
A 52 5 5329
A 52 6 5463
A 52 7 5034
A 52 8 5523
A 52 9 5522
A 52 10 9386
A 52 11 5787
A 52 12 5537
A 52 13 6170
A 52 14 5499
A 52 15 5572
A 52 16 5604
A 52 17 5141
A 52 18 5547
A 52 19 4999
A 52 20 9223
A 52 21 5593
A 52 22 5545
A 52 23 6393
A 52 24 5541
A 52 25 5960
A 52 26 5863
A 52 27 5621
A 52 28 5868
A 52 29 5980
A 52 30 9277
A 52 31 5457
A 52 32 5249
A 52 33 5787
A 52 34 6011
A 52 35 5516
A 52 36 5938
A 52 37 5754
A 52 38 4945
A 52 39 5651
A 52 40 9670
A 53 1 2385
A 53 2 2218
A 53 3 3387
A 53 4 1944
A 53 5 3576
A 53 6 2051
A 53 7 1973
A 53 8 2635
A 53 9 3223
A 53 10 4934
A 53 11 2640
A 53 12 2821
A 53 13 2319
A 53 14 2782
A 53 15 3402
A 53 16 1997
A 53 17 2477
A 53 18 963
A 53 19 3021
A 53 20 5377
A 53 21 1897
A 53 22 3558
A 53 23 1810
A 53 24 1918
A 53 25 3638
A 53 26 2194
A 53 27 3232
A 53 28 2409
A 53 29 2660
A 53 30 5346
A 53 31 2590
A 53 32 2458
A 53 33 2336
A 53 34 3313
A 53 35 1909
A 53 36 2491
A 53 37 1666
A 53 38 3147
A 53 39 1697
A 53 40 5539
A 54 1 2036
A 54 2 1617
A 54 3 2471
A 54 4 2131
A 54 5 2550
A 54 6 1596
A 54 7 2693
A 54 8 2191
A 54 9 2170
A 54 10 4342
A 54 11 2978
A 54 12 1677
A 54 13 1869
A 54 14 1877
A 54 15 2843
A 54 16 1794
A 54 17 2422
A 54 18 1504
A 54 19 2753
A 54 20 4438
A 54 21 1756
A 54 22 2034
A 54 23 1812
A 54 24 2484
A 54 25 1838
A 54 26 1714
A 54 27 2623
A 54 28 1534
A 54 29 2200
A 54 30 4529
A 54 31 2226
A 54 32 2099
A 54 33 1439
A 54 34 2324
A 54 35 2203
A 54 36 2484
A 54 37 1395
A 54 38 2864
A 54 39 1412
A 54 40 4100
A 55 1 570
A 55 2 495
A 55 3 1210
A 55 4 541
A 55 5 1092
A 55 6 785
A 55 7 506
A 55 8 572
A 55 9 661
A 55 10 1820
A 55 11 414
A 55 12 660
A 55 13 1182
A 55 14 1101
A 55 15 956
A 55 16 316
A 55 17 210
A 55 18 436
A 55 19 850
A 55 20 1988
A 55 21 635
A 55 22 1218
A 55 23 -104
A 55 24 1277
A 55 25 1009
A 55 26 734
A 55 27 564
A 55 28 469
A 55 29 604
A 55 30 2156
A 55 31 389
A 55 32 768
A 55 33 404
A 55 34 1017
A 55 35 -29
A 55 36 529
A 55 37 383
A 55 38 783
A 55 39 334
A 55 40 1959
A 56 1 3332
A 56 2 2163
A 56 3 2939
A 56 4 2686
A 56 5 2836
A 56 6 2611
A 56 7 3103
A 56 8 3360
A 56 9 3327
A 56 10 4486
A 56 11 2630
A 56 12 3255
A 56 13 3349
A 56 14 3015
A 56 15 2894
A 56 16 3310
A 56 17 2896
A 56 18 2833
A 56 19 2964
A 56 20 4816
A 56 21 2867
A 56 22 2753
A 56 23 3002
A 56 24 3774
A 56 25 3366
A 56 26 3157
A 56 27 3199
A 56 28 3771
A 56 29 3817
A 56 30 4752
A 56 31 3542
A 56 32 2923
A 56 33 2832
A 56 34 3489
A 56 35 2535
A 56 36 2909
A 56 37 2702
A 56 38 3243
A 56 39 2975
A 56 40 5236
A 59 1 736
A 59 2 908
A 59 3 1086
A 59 4 1419
A 59 5 1421
A 59 6 1156
A 59 7 1090
A 59 8 1546
A 59 9 845
A 59 10 1890
A 59 11 1623
A 59 12 1018
A 59 13 1039
A 59 14 1593
A 59 15 1058
A 59 16 1176
A 59 17 1218
A 59 18 1165
A 59 19 1286
A 59 20 1527
A 59 21 1126
A 59 22 1339
A 59 23 1055
A 59 24 808
A 59 25 1475
A 59 26 778
A 59 27 936
A 59 28 1022
A 59 29 1341
A 59 30 2164
A 59 31 913
A 59 32 1307
A 59 33 1872
A 59 34 1261
A 59 35 1521
A 59 36 1429
A 59 37 897
A 59 38 1331
A 59 39 1374
A 59 40 2489
A 62 1 494
A 62 2 700
A 62 3 880
A 62 4 777
A 62 5 699
A 62 6 892
A 62 7 833
A 62 8 955
A 62 9 900
A 62 10 1684
A 62 11 959
A 62 12 697
A 62 13 748
A 62 14 828
A 62 15 383
A 62 16 852
A 62 17 694
A 62 18 853
A 62 19 1297
A 62 20 1827
A 62 21 427
A 62 22 1062
A 62 23 1161
A 62 24 721
A 62 25 612
A 62 26 410
A 62 27 613
A 62 28 708
A 62 29 1014
A 62 30 1729
A 62 31 504
A 62 32 834
A 62 33 817
A 62 34 745
A 62 35 719
A 62 36 828
A 62 37 860
A 62 38 357
A 62 39 890
A 62 40 1627
A 66 1 1430
A 66 2 843
A 66 3 1131
A 66 4 967
A 66 5 874
A 66 6 551
A 66 7 1017
A 66 8 844
A 66 9 1307
A 66 10 2302
A 66 11 769
A 66 12 1303
A 66 13 724
A 66 14 990
A 66 15 1497
A 66 16 1037
A 66 17 1109
A 66 18 752
A 66 19 990
A 66 20 2362
A 66 21 1080
A 66 22 1357
A 66 23 966
A 66 24 608
A 66 25 913
A 66 26 957
A 66 27 1064
A 66 28 1252
A 66 29 881
A 66 30 2263
A 66 31 742
A 66 32 950
A 66 33 682
A 66 34 1524
A 66 35 858
A 66 36 874
A 66 37 1112
A 66 38 1178
A 66 39 1129
A 66 40 1680
A 69 1 1234
A 69 2 475
A 69 3 1113
A 69 4 870
A 69 5 962
A 69 6 1017
A 69 7 661
A 69 8 711
A 69 9 1070
A 69 10 4414
A 69 11 1166
A 69 12 1342
A 69 13 935
A 69 14 779
A 69 15 1080
A 69 16 439
A 69 17 1261
A 69 18 747
A 69 19 1051
A 69 20 3981
A 69 21 1091
A 69 22 1439
A 69 23 908
A 69 24 1196
A 69 25 465
A 69 26 934
A 69 27 980
A 69 28 839
A 69 29 954
A 69 30 4295
A 69 31 1460
A 69 32 1001
A 69 33 1524
A 69 34 1165
A 69 35 987
A 69 36 700
A 69 37 792
A 69 38 1270
A 69 39 1216
A 69 40 4119
A 71 1 1066
A 71 2 720
A 71 3 917
A 71 4 638
A 71 5 1020
A 71 6 816
A 71 7 752
A 71 8 541
A 71 9 334
A 71 10 1047
A 71 11 245
A 71 12 392
A 71 13 820
A 71 14 610
A 71 15 568
A 71 16 287
A 71 17 517
A 71 18 756
A 71 19 549
A 71 20 1605
A 71 21 929
A 71 22 919
A 71 23 454
A 71 24 694
A 71 25 722
A 71 26 304
A 71 27 658
A 71 28 504
A 71 29 703
A 71 30 1102
A 71 31 509
A 71 32 607
A 71 33 950
A 71 34 423
A 71 35 397
A 71 36 61
A 71 37 544
A 71 38 631
A 71 39 479
A 71 40 1629
A 72 1 2525
A 72 2 2363
A 72 3 2160
A 72 4 2293
A 72 5 2072
A 72 6 2216
A 72 7 2184
A 72 8 2778
A 72 9 1941
A 72 10 4023
A 72 11 2558
A 72 12 2142
A 72 13 2650
A 72 14 2372
A 72 15 2840
A 72 16 1862
A 72 17 2595
A 72 18 1964
A 72 19 2513
A 72 20 3889
A 72 21 2016
A 72 22 2420
A 72 23 1898
A 72 24 2444
A 72 25 2405
A 72 26 2497
A 72 27 2552
A 72 28 2405
A 72 29 2306
A 72 30 3397
A 72 31 3080
A 72 32 2239
A 72 33 2073
A 72 34 2847
A 72 35 2492
A 72 36 2650
A 72 37 2306
A 72 38 2121
A 72 39 2280
A 72 40 3790
A 73 1 1546
A 73 2 948
A 73 3 1513
A 73 4 879
A 73 5 1170
A 73 6 1156
A 73 7 853
A 73 8 1313
A 73 9 1773
A 73 10 2613
A 73 11 991
A 73 12 1050
A 73 13 1759
A 73 14 1642
A 73 15 1047
A 73 16 1677
A 73 17 1395
A 73 18 1200
A 73 19 1820
A 73 20 2699
A 73 21 1250
A 73 22 1914
A 73 23 1609
A 73 24 1458
A 73 25 1787
A 73 26 1222
A 73 27 1753
A 73 28 1407
A 73 29 1892
A 73 30 2812
A 73 31 1239
A 73 32 1206
A 73 33 1654
A 73 34 1760
A 73 35 1108
A 73 36 1290
A 73 37 1563
A 73 38 1334
A 73 39 1155
A 73 40 2938
A 77 1 1751
A 77 2 884
A 77 3 1651
A 77 4 1613
A 77 5 2278
A 77 6 1241
A 77 7 1354
A 77 8 1748
A 77 9 1970
A 77 10 3761
A 77 11 1734
A 77 12 2303
A 77 13 1615
A 77 14 2118
A 77 15 1945
A 77 16 1542
A 77 17 1386
A 77 18 1186
A 77 19 1758
A 77 20 3476
A 77 21 1428
A 77 22 2397
A 77 23 1027
A 77 24 1289
A 77 25 1633
A 77 26 1365
A 77 27 2171
A 77 28 1526
A 77 29 2470
A 77 30 4104
A 77 31 1516
A 77 32 2283
A 77 33 1469
A 77 34 2569
A 77 35 814
A 77 36 1001
A 77 37 1726
A 77 38 1898
A 77 39 940
A 77 40 3766
A 78 1 1664
A 78 2 1217
A 78 3 1979
A 78 4 1122
A 78 5 1831
A 78 6 1155
A 78 7 1405
A 78 8 1627
A 78 9 1667
A 78 10 3047
A 78 11 1666
A 78 12 1749
A 78 13 1702
A 78 14 1426
A 78 15 1714
A 78 16 779
A 78 17 1579
A 78 18 1018
A 78 19 1926
A 78 20 3220
A 78 21 1436
A 78 22 2242
A 78 23 1394
A 78 24 1603
A 78 25 1253
A 78 26 1062
A 78 27 1970
A 78 28 1121
A 78 29 2178
A 78 30 3574
A 78 31 1820
A 78 32 1291
A 78 33 1465
A 78 34 1767
A 78 35 1134
A 78 36 1765
A 78 37 677
A 78 38 1724
A 78 39 1341
A 78 40 3346
A 79 1 4819
A 79 2 4188
A 79 3 3743
A 79 4 4205
A 79 5 4252
A 79 6 4264
A 79 7 3478
A 79 8 3602
A 79 9 4344
A 79 10 6153
A 79 11 4428
A 79 12 5010
A 79 13 4604
A 79 14 4946
A 79 15 4332
A 79 16 4254
A 79 17 4813
A 79 18 3968
A 79 19 4812
A 79 20 7163
A 79 21 3620
A 79 22 4129
A 79 23 3937
A 79 24 4602
A 79 25 4927
A 79 26 4406
A 79 27 4843
A 79 28 4598
A 79 29 4552
A 79 30 6293
A 79 31 3830
A 79 32 4365
A 79 33 4149
A 79 34 4568
A 79 35 3993
A 79 36 4183
A 79 37 4319
A 79 38 4442
A 79 39 3965
A 79 40 5796
A 80 1 482
A 80 2 700
A 80 3 820
A 80 4 668
A 80 5 868
A 80 6 753
A 80 7 326
A 80 8 818
A 80 9 1261
A 80 10 1696
A 80 11 599
A 80 12 395
A 80 13 441
A 80 14 672
A 80 15 785
A 80 16 285
A 80 17 723
A 80 18 867
A 80 19 1083
A 80 20 2146
A 80 21 426
A 80 22 599
A 80 23 684
A 80 24 830
A 80 25 1227
A 80 26 887
A 80 27 1024
A 80 28 923
A 80 29 1071
A 80 30 1355
A 80 31 582
A 80 32 802
A 80 33 733
A 80 34 656
A 80 35 944
A 80 36 410
A 80 37 394
A 80 38 1064
A 80 39 762
A 80 40 1134
A 81 1 11007
A 81 2 11073
A 81 3 10883
A 81 4 11770
A 81 5 10759
A 81 6 11957
A 81 7 11904
A 81 8 11586
A 81 9 11408
A 81 10 14963
A 81 11 12071
A 81 12 11147
A 81 13 11073
A 81 14 11110
A 81 15 11488
A 81 16 11719
A 81 17 11160
A 81 18 11541
A 81 19 10107
A 81 20 15447
A 81 21 11190
A 81 22 11074
A 81 23 10496
A 81 24 11351
A 81 25 11744
A 81 26 11897
A 81 27 10994
A 81 28 11466
A 81 29 10721
A 81 30 16368
A 81 31 10952
A 81 32 11842
A 81 33 11975
A 81 34 11267
A 81 35 11473
A 81 36 11471
A 81 37 11791
A 81 38 11359
A 81 39 11188
A 81 40 16377
A 82 1 3925
A 82 2 4679
A 82 3 3860
A 82 4 4154
A 82 5 3956
A 82 6 3774
A 82 7 3386
A 82 8 4048
A 82 9 3492
A 82 10 6734
A 82 11 3885
A 82 12 3930
A 82 13 4912
A 82 14 4185
A 82 15 2837
A 82 16 4506
A 82 17 3271
A 82 18 4845
A 82 19 3892
A 82 20 6597
A 82 21 3556
A 82 22 3724
A 82 23 4055
A 82 24 3161
A 82 25 3477
A 82 26 4003
A 82 27 3731
A 82 28 3686
A 82 29 3751
A 82 30 6920
A 82 31 4473
A 82 32 3951
A 82 33 3294
A 82 34 3480
A 82 35 4074
A 82 36 3848
A 82 37 4528
A 82 38 4160
A 82 39 4026
A 82 40 6343
A 83 1 10147
A 83 2 10351
A 83 3 9636
A 83 4 10276
A 83 5 9989
A 83 6 10015
A 83 7 10693
A 83 8 10154
A 83 9 9654
A 83 10 15302
A 83 11 10974
A 83 12 10330
A 83 13 10467
A 83 14 9838
A 83 15 10366
A 83 16 10022
A 83 17 10202
A 83 18 10345
A 83 19 9645
A 83 20 15257
A 83 21 10547
A 83 22 9635
A 83 23 10801
A 83 24 10561
A 83 25 9320
A 83 26 11197
A 83 27 10182
A 83 28 9764
A 83 29 10533
A 83 30 15873
A 83 31 10836
A 83 32 10340
A 83 33 10340
A 83 34 10189
A 83 35 10098
A 83 36 9955
A 83 37 9688
A 83 38 9435
A 83 39 10309
A 83 40 15009
A 84 1 9432
A 84 2 9086
A 84 3 9246
A 84 4 10211
A 84 5 9436
A 84 6 9556
A 84 7 10192
A 84 8 9004
A 84 9 9026
A 84 10 14211
A 84 11 8993
A 84 12 9196
A 84 13 9679
A 84 14 9348
A 84 15 9083
A 84 16 9374
A 84 17 9911
A 84 18 9067
A 84 19 8850
A 84 20 14255
A 84 21 9934
A 84 22 9284
A 84 23 9084
A 84 24 9344
A 84 25 8943
A 84 26 9343
A 84 27 9493
A 84 28 9286
A 84 29 9250
A 84 30 14656
A 84 31 9660
A 84 32 9862
A 84 33 9848
A 84 34 9230
A 84 35 8834
A 84 36 10019
A 84 37 9207
A 84 38 8731
A 84 39 8974
A 84 40 13777
A 86 1 2765
A 86 2 2208
A 86 3 2657
A 86 4 2133
A 86 5 2425
A 86 6 2547
A 86 7 2444
A 86 8 2356
A 86 9 2868
A 86 10 4868
A 86 11 2650
A 86 12 2656
A 86 13 2759
A 86 14 3135
A 86 15 2233
A 86 16 2668
A 86 17 2373
A 86 18 2171
A 86 19 2131
A 86 20 4783
A 86 21 2066
A 86 22 2663
A 86 23 2433
A 86 24 3183
A 86 25 2867
A 86 26 2575
A 86 27 2435
A 86 28 2349
A 86 29 2791
A 86 30 4459
A 86 31 2942
A 86 32 2202
A 86 33 2135
A 86 34 2568
A 86 35 2629
A 86 36 2548
A 86 37 2303
A 86 38 3261
A 86 39 1924
A 86 40 4722
A 90 1 1415
A 90 2 1615
A 90 3 1518
A 90 4 1661
A 90 5 1143
A 90 6 1641
A 90 7 1369
A 90 8 1488
A 90 9 1501
A 90 10 1692
A 90 11 1414
A 90 12 1464
A 90 13 1549
A 90 14 1979
A 90 15 1091
A 90 16 1623
A 90 17 1342
A 90 18 1015
A 90 19 1567
A 90 20 1443
A 90 21 1346
A 90 22 1260
A 90 23 1338
A 90 24 1215
A 90 25 1382
A 90 26 1457
A 90 27 1064
A 90 28 1427
A 90 29 1206
A 90 30 1776
A 90 31 1512
A 90 32 1404
A 90 33 1374
A 90 34 1069
A 90 35 1409
A 90 36 1257
A 90 37 1368
A 90 38 1246
A 90 39 1644
A 90 40 1475
B 31 1 969
B 31 2 495
B 31 3 423
B 31 4 601
B 31 5 554
B 31 6 825
B 31 7 492
B 31 8 440
B 31 9 455
B 31 10 888
B 31 11 594
B 31 12 948
B 31 13 554
B 31 14 1028
B 31 15 1022
B 31 16 704
B 31 17 398
B 31 18 834
B 31 19 518
B 31 20 676
B 31 21 384
B 31 22 815
B 31 23 1032
B 31 24 715
B 31 25 302
B 31 26 559
B 31 27 695
B 31 28 39
B 31 29 488
B 31 30 642
B 31 31 536
B 31 32 675
B 31 33 841
B 31 34 743
B 31 35 968
B 31 36 466
B 31 37 909
B 31 38 376
B 31 39 838
B 31 40 613
B 33 1 738
B 33 2 737
B 33 3 278
B 33 4 898
B 33 5 956
B 33 6 594
B 33 7 552
B 33 8 665
B 33 9 470
B 33 10 830
B 33 11 324
B 33 12 501
B 33 13 854
B 33 14 664
B 33 15 781
B 33 16 860
B 33 17 779
B 33 18 1282
B 33 19 554
B 33 20 573
B 33 21 301
B 33 22 458
B 33 23 1129
B 33 24 528
B 33 25 455
B 33 26 894
B 33 27 794
B 33 28 571
B 33 29 722
B 33 30 1100
B 33 31 1117
B 33 32 685
B 33 33 893
B 33 34 735
B 33 35 725
B 33 36 1106
B 33 37 832
B 33 38 981
B 33 39 536
B 33 40 1424
B 41 1 353
B 41 2 164
B 41 3 251
B 41 4 442
B 41 5 515
B 41 6 467
B 41 7 561
B 41 8 -198
B 41 9 356
B 41 10 703
B 41 11 270
B 41 12 39
B 41 13 358
B 41 14 354
B 41 15 79
B 41 16 304
B 41 17 508
B 41 18 779
B 41 19 320
B 41 20 431
B 41 21 399
B 41 22 191
B 41 23 -2
B 41 24 379
B 41 25 490
B 41 26 933
B 41 27 -99
B 41 28 565
B 41 29 241
B 41 30 271
B 41 31 362
B 41 32 547
B 41 33 548
B 41 34 574
B 41 35 -207
B 41 36 413
B 41 37 268
B 41 38 341
B 41 39 -248
B 41 40 154
B 43 1 -13
B 43 2 759
B 43 3 455
B 43 4 550
B 43 5 556
B 43 6 948
B 43 7 729
B 43 8 756
B 43 9 618
B 43 10 875
B 43 11 686
B 43 12 625
B 43 13 774
B 43 14 658
B 43 15 538
B 43 16 330
B 43 17 414
B 43 18 428
B 43 19 770
B 43 20 604
B 43 21 706
B 43 22 809
B 43 23 949
B 43 24 784
B 43 25 902
B 43 26 313
B 43 27 552
B 43 28 586
B 43 29 849
B 43 30 827
B 43 31 951
B 43 32 646
B 43 33 557
B 43 34 684
B 43 35 715
B 43 36 426
B 43 37 745
B 43 38 569
B 43 39 949
B 43 40 329
B 45 1 649
B 45 2 45
B 45 3 685
B 45 4 44
B 45 5 507
B 45 6 807
B 45 7 541
B 45 8 450
B 45 9 645
B 45 10 218
B 45 11 607
B 45 12 172
B 45 13 581
B 45 14 63
B 45 15 508
B 45 16 519
B 45 17 148
B 45 18 422
B 45 19 768
B 45 20 952
B 45 21 399
B 45 22 523
B 45 23 496
B 45 24 642
B 45 25 515
B 45 26 724
B 45 27 757
B 45 28 395
B 45 29 337
B 45 30 689
B 45 31 362
B 45 32 465
B 45 33 898
B 45 34 128
B 45 35 451
B 45 36 151
B 45 37 825
B 45 38 514
B 45 39 757
B 45 40 774
B 55 1 538
B 55 2 594
B 55 3 788
B 55 4 423
B 55 5 422
B 55 6 797
B 55 7 235
B 55 8 713
B 55 9 1149
B 55 10 460
B 55 11 11
B 55 12 580
B 55 13 391
B 55 14 679
B 55 15 380
B 55 16 996
B 55 17 823
B 55 18 223
B 55 19 640
B 55 20 871
B 55 21 466
B 55 22 134
B 55 23 688
B 55 24 596
B 55 25 369
B 55 26 642
B 55 27 139
B 55 28 523
B 55 29 456
B 55 30 174
B 55 31 544
B 55 32 619
B 55 33 140
B 55 34 421
B 55 35 443
B 55 36 522
B 55 37 407
B 55 38 492
B 55 39 771
B 55 40 870
B 76 1 541
B 76 2 978
B 76 3 976
B 76 4 1085
B 76 5 799
B 76 6 1064
B 76 7 709
B 76 8 1363
B 76 9 891
B 76 10 1594
B 76 11 851
B 76 12 1393
B 76 13 1191
B 76 14 1119
B 76 15 1061
B 76 16 1060
B 76 17 1154
B 76 18 608
B 76 19 830
B 76 20 1235
B 76 21 340
B 76 22 771
B 76 23 890
B 76 24 1106
B 76 25 952
B 76 26 1166
B 76 27 913
B 76 28 991
B 76 29 1141
B 76 30 1125
B 76 31 1066
B 76 32 615
B 76 33 1205
B 76 34 1095
B 76 35 747
B 76 36 1178
B 76 37 1259
B 76 38 896
B 76 39 794
B 76 40 1384
B 77 1 870
B 77 2 1082
B 77 3 791
B 77 4 801
B 77 5 926
B 77 6 1333
B 77 7 563
B 77 8 910
B 77 9 704
B 77 10 971
B 77 11 676
B 77 12 1063
B 77 13 802
B 77 14 1509
B 77 15 745
B 77 16 699
B 77 17 812
B 77 18 1044
B 77 19 908
B 77 20 969
B 77 21 775
B 77 22 765
B 77 23 1270
B 77 24 794
B 77 25 978
B 77 26 865
B 77 27 1102
B 77 28 24
B 77 29 1082
B 77 30 1096
B 77 31 888
B 77 32 622
B 77 33 1060
B 77 34 934
B 77 35 1024
B 77 36 1606
B 77 37 966
B 77 38 714
B 77 39 1311
B 77 40 1250
B 78 1 774
B 78 2 963
B 78 3 799
B 78 4 951
B 78 5 534
B 78 6 716
B 78 7 1036
B 78 8 915
B 78 9 313
B 78 10 1031
B 78 11 984
B 78 12 889
B 78 13 783
B 78 14 767
B 78 15 832
B 78 16 763
B 78 17 471
B 78 18 172
B 78 19 413
B 78 20 530
B 78 21 556
B 78 22 1323
B 78 23 892
B 78 24 997
B 78 25 502
B 78 26 442
B 78 27 618
B 78 28 620
B 78 29 1155
B 78 30 1429
B 78 31 1015
B 78 32 723
B 78 33 826
B 78 34 924
B 78 35 1003
B 78 36 1297
B 78 37 831
B 78 38 1074
B 78 39 759
B 78 40 1096
B 81 1 1645
B 81 2 1848
B 81 3 1095
B 81 4 1298
B 81 5 1490
B 81 6 1028
B 81 7 1508
B 81 8 1815
B 81 9 1452
B 81 10 2025
B 81 11 1022
B 81 12 1620
B 81 13 1525
B 81 14 1741
B 81 15 1565
B 81 16 2035
B 81 17 1553
B 81 18 1330
B 81 19 1403
B 81 20 1960
B 81 21 1759
B 81 22 1451
B 81 23 1776
B 81 24 1710
B 81 25 1873
B 81 26 1089
B 81 27 1207
B 81 28 1536
B 81 29 1837
B 81 30 2041
B 81 31 1283
B 81 32 1252
B 81 33 1508
B 81 34 1762
B 81 35 2081
B 81 36 1496
B 81 37 1472
B 81 38 1601
B 81 39 1658
B 81 40 2183
B 82 1 1397
B 82 2 1366
B 82 3 1291
B 82 4 1222
B 82 5 1329
B 82 6 1011
B 82 7 1334
B 82 8 1174
B 82 9 955
B 82 10 1430
B 82 11 1116
B 82 12 1419
B 82 13 1211
B 82 14 1050
B 82 15 1182
B 82 16 1646
B 82 17 1625
B 82 18 1008
B 82 19 1040
B 82 20 1185
B 82 21 1071
B 82 22 1354
B 82 23 977
B 82 24 1696
B 82 25 1042
B 82 26 1428
B 82 27 1247
B 82 28 1159
B 82 29 2104
B 82 30 1307
B 82 31 1435
B 82 32 1028
B 82 33 1061
B 82 34 1570
B 82 35 1575
B 82 36 1694
B 82 37 1692
B 82 38 846
B 82 39 1816
B 82 40 1645
B 83 1 840
B 83 2 1770
B 83 3 1051
B 83 4 1655
B 83 5 1501
B 83 6 897
B 83 7 1352
B 83 8 1152
B 83 9 1160
B 83 10 1690
B 83 11 1174
B 83 12 1256
B 83 13 1175
B 83 14 1057
B 83 15 1292
B 83 16 1439
B 83 17 1608
B 83 18 296
B 83 19 1051
B 83 20 1930
B 83 21 1926
B 83 22 1638
B 83 23 1172
B 83 24 1629
B 83 25 726
B 83 26 1376
B 83 27 1156
B 83 28 1135
B 83 29 981
B 83 30 1482
B 83 31 1397
B 83 32 1338
B 83 33 1223
B 83 34 1298
B 83 35 1322
B 83 36 1412
B 83 37 1223
B 83 38 974
B 83 39 905
B 83 40 1621
B 84 1 1356
B 84 2 1691
B 84 3 1671
B 84 4 1244
B 84 5 1099
B 84 6 1727
B 84 7 1816
B 84 8 1750
B 84 9 1433
B 84 10 1019
B 84 11 1904
B 84 12 1437
B 84 13 2161
B 84 14 1452
B 84 15 1619
B 84 16 1385
B 84 17 1725
B 84 18 1827
B 84 19 1985
B 84 20 1640
B 84 21 1519
B 84 22 1885
B 84 23 1647
B 84 24 1521
B 84 25 1494
B 84 26 1886
B 84 27 1604
B 84 28 1928
B 84 29 1338
B 84 30 1949
B 84 31 1151
B 84 32 1572
B 84 33 1574
B 84 34 1595
B 84 35 1441
B 84 36 1585
B 84 37 1858
B 84 38 1467
B 84 39 1717
B 84 40 1873
B 94 1 988
B 94 2 723
B 94 3 865
B 94 4 1405
B 94 5 1183
B 94 6 1042
B 94 7 1222
B 94 8 1473
B 94 9 878
B 94 10 1567
B 94 11 728
B 94 12 1049
B 94 13 1093
B 94 14 1252
B 94 15 1266
B 94 16 1504
B 94 17 1197
B 94 18 1190
B 94 19 494
B 94 20 1211
B 94 21 829
B 94 22 1168
B 94 23 913
B 94 24 911
B 94 25 1350
B 94 26 920
B 94 27 882
B 94 28 961
B 94 29 1175
B 94 30 1439
B 94 31 927
B 94 32 932
B 94 33 1344
B 94 34 1114
B 94 35 692
B 94 36 1063
B 94 37 1074
B 94 38 1292
B 94 39 738
B 94 40 1304
B 95 1 1211
B 95 2 953
B 95 3 725
B 95 4 680
B 95 5 950
B 95 6 1075
B 95 7 1207
B 95 8 1244
B 95 9 646
B 95 10 1155
B 95 11 1190
B 95 12 672
B 95 13 1594
B 95 14 636
B 95 15 446
B 95 16 855
B 95 17 1182
B 95 18 1032
B 95 19 1610
B 95 20 1082
B 95 21 858
B 95 22 633
B 95 23 1232
B 95 24 911
B 95 25 1161
B 95 26 825
B 95 27 945
B 95 28 1101
B 95 29 1216
B 95 30 922
B 95 31 1011
B 95 32 1148
B 95 33 604
B 95 34 1222
B 95 35 908
B 95 36 1318
B 95 37 1022
B 95 38 1169
B 95 39 1723
B 95 40 1238
B 98 1 1715
B 98 2 1673
B 98 3 2033
B 98 4 1765
B 98 5 1936
B 98 6 1900
B 98 7 2497
B 98 8 2113
B 98 9 1583
B 98 10 2120
B 98 11 1433
B 98 12 1260
B 98 13 1568
B 98 14 1859
B 98 15 1694
B 98 16 2366
B 98 17 1102
B 98 18 1821
B 98 19 1790
B 98 20 1828
B 98 21 1866
B 98 22 1464
B 98 23 2371
B 98 24 1793
B 98 25 1511
B 98 26 2014
B 98 27 1628
B 98 28 1636
B 98 29 1928
B 98 30 2163
B 98 31 1990
B 98 32 1699
B 98 33 1492
B 98 34 1925
B 98 35 1713
B 98 36 2088
B 98 37 1835
B 98 38 1268
B 98 39 1907
B 98 40 2262
C 20 1 851
C 20 2 866
C 20 3 991
C 20 4 633
C 20 5 530
C 20 6 654
C 20 7 443
C 20 8 409
C 20 9 721
C 20 10 1672
C 20 11 828
C 20 12 497
C 20 13 905
C 20 14 611
C 20 15 1093
C 20 16 406
C 20 17 743
C 20 18 -18
C 20 19 736
C 20 20 1627
C 20 21 614
C 20 22 596
C 20 23 443
C 20 24 819
C 20 25 746
C 20 26 998
C 20 27 1118
C 20 28 476
C 20 29 791
C 20 30 1476
C 20 31 567
C 20 32 714
C 20 33 676
C 20 34 985
C 20 35 601
C 20 36 920
C 20 37 425
C 20 38 998
C 20 39 540
C 20 40 1102
C 30 1 446
C 30 2 537
C 30 3 353
C 30 4 599
C 30 5 224
C 30 6 578
C 30 7 1234
C 30 8 542
C 30 9 473
C 30 10 1258
C 30 11 856
C 30 12 288
C 30 13 571
C 30 14 734
C 30 15 459
C 30 16 799
C 30 17 377
C 30 18 589
C 30 19 419
C 30 20 1124
C 30 21 164
C 30 22 987
C 30 23 293
C 30 24 1032
C 30 25 814
C 30 26 670
C 30 27 710
C 30 28 227
C 30 29 390
C 30 30 1056
C 30 31 503
C 30 32 77
C 30 33 868
C 30 34 431
C 30 35 473
C 30 36 1243
C 30 37 575
C 30 38 346
C 30 39 362
C 30 40 1310
C 34 1 1357
C 34 2 1244
C 34 3 1129
C 34 4 1254
C 34 5 1247
C 34 6 1064
C 34 7 1228
C 34 8 1057
C 34 9 883
C 34 10 2158
C 34 11 1294
C 34 12 1196
C 34 13 1087
C 34 14 1780
C 34 15 1030
C 34 16 1182
C 34 17 1664
C 34 18 1246
C 34 19 1161
C 34 20 2118
C 34 21 2166
C 34 22 1288
C 34 23 346
C 34 24 1347
C 34 25 786
C 34 26 1084
C 34 27 881
C 34 28 977
C 34 29 1252
C 34 30 2208
C 34 31 980
C 34 32 1263
C 34 33 1559
C 34 34 1288
C 34 35 1324
C 34 36 1199
C 34 37 1035
C 34 38 1215
C 34 39 784
C 34 40 2156
C 41 1 1243
C 41 2 406
C 41 3 565
C 41 4 651
C 41 5 240
C 41 6 423
C 41 7 858
C 41 8 657
C 41 9 521
C 41 10 965
C 41 11 586
C 41 12 381
C 41 13 430
C 41 14 725
C 41 15 410
C 41 16 365
C 41 17 549
C 41 18 750
C 41 19 641
C 41 20 936
C 41 21 509
C 41 22 355
C 41 23 612
C 41 24 859
C 41 25 609
C 41 26 886
C 41 27 73
C 41 28 584
C 41 29 220
C 41 30 1483
C 41 31 668
C 41 32 788
C 41 33 717
C 41 34 683
C 41 35 952
C 41 36 325
C 41 37 682
C 41 38 367
C 41 39 280
C 41 40 1263
C 43 1 1199
C 43 2 848
C 43 3 1021
C 43 4 416
C 43 5 746
C 43 6 546
C 43 7 773
C 43 8 246
C 43 9 929
C 43 10 2268
C 43 11 668
C 43 12 1050
C 43 13 935
C 43 14 549
C 43 15 598
C 43 16 650
C 43 17 429
C 43 18 730
C 43 19 883
C 43 20 2154
C 43 21 938
C 43 22 790
C 43 23 748
C 43 24 943
C 43 25 556
C 43 26 489
C 43 27 323
C 43 28 742
C 43 29 727
C 43 30 1957
C 43 31 772
C 43 32 793
C 43 33 698
C 43 34 559
C 43 35 824
C 43 36 621
C 43 37 753
C 43 38 706
C 43 39 564
C 43 40 1626
C 44 1 767
C 44 2 117
C 44 3 490
C 44 4 1365
C 44 5 1354
C 44 6 551
C 44 7 584
C 44 8 696
C 44 9 645
C 44 10 1061
C 44 11 962
C 44 12 860
C 44 13 403
C 44 14 795
C 44 15 565
C 44 16 719
C 44 17 439
C 44 18 862
C 44 19 906
C 44 20 1096
C 44 21 879
C 44 22 925
C 44 23 454
C 44 24 729
C 44 25 880
C 44 26 1106
C 44 27 763
C 44 28 650
C 44 29 753
C 44 30 1469
C 44 31 860
C 44 32 775
C 44 33 926
C 44 34 966
C 44 35 868
C 44 36 669
C 44 37 650
C 44 38 1093
C 44 39 1622
C 44 40 1332
C 56 1 237
C 56 2 464
C 56 3 -62
C 56 4 148
C 56 5 395
C 56 6 176
C 56 7 456
C 56 8 386
C 56 9 384
C 56 10 1023
C 56 11 209
C 56 12 663
C 56 13 545
C 56 14 119
C 56 15 328
C 56 16 63
C 56 17 365
C 56 18 582
C 56 19 636
C 56 20 602
C 56 21 391
C 56 22 245
C 56 23 414
C 56 24 317
C 56 25 369
C 56 26 516
C 56 27 325
C 56 28 156
C 56 29 725
C 56 30 1041
C 56 31 380
C 56 32 253
C 56 33 731
C 56 34 329
C 56 35 168
C 56 36 264
C 56 37 512
C 56 38 374
C 56 39 257
C 56 40 875
C 77 1 1119
C 77 2 664
C 77 3 968
C 77 4 848
C 77 5 994
C 77 6 913
C 77 7 1264
C 77 8 1315
C 77 9 1201
C 77 10 1883
C 77 11 1311
C 77 12 760
C 77 13 1220
C 77 14 1187
C 77 15 1301
C 77 16 1123
C 77 17 1081
C 77 18 1485
C 77 19 1083
C 77 20 1127
C 77 21 1097
C 77 22 940
C 77 23 1490
C 77 24 747
C 77 25 990
C 77 26 1137
C 77 27 1046
C 77 28 1153
C 77 29 1228
C 77 30 1168
C 77 31 1576
C 77 32 1106
C 77 33 1563
C 77 34 738
C 77 35 1325
C 77 36 1200
C 77 37 1182
C 77 38 772
C 77 39 1052
C 77 40 1484
D 38 1 1667
D 38 2 853
D 38 3 1112
D 38 4 830
D 38 5 976
D 38 6 1414
D 38 7 1006
D 38 8 1396
D 38 9 1083
D 38 10 2631
D 38 11 1451
D 38 12 1252
D 38 13 1327
D 38 14 1368
D 38 15 1312
D 38 16 529
D 38 17 1227
D 38 18 841
D 38 19 1675
D 38 20 2512
D 38 21 1114
D 38 22 1677
D 38 23 848
D 38 24 1504
D 38 25 1809
D 38 26 1314
D 38 27 1327
D 38 28 1399
D 38 29 1275
D 38 30 2765
D 38 31 1063
D 38 32 1646
D 38 33 946
D 38 34 1653
D 38 35 686
D 38 36 1025
D 38 37 941
D 38 38 1513
D 38 39 662
D 38 40 2718
D 49 1 1367
D 49 2 1082
D 49 3 523
D 49 4 905
D 49 5 906
D 49 6 630
D 49 7 1377
D 49 8 788
D 49 9 1157
D 49 10 1924
D 49 11 1645
D 49 12 1669
D 49 13 948
D 49 14 1347
D 49 15 1405
D 49 16 1453
D 49 17 1169
D 49 18 1212
D 49 19 1028
D 49 20 1884
D 49 21 1066
D 49 22 1284
D 49 23 724
D 49 24 1078
D 49 25 1082
D 49 26 1264
D 49 27 1309
D 49 28 1095
D 49 29 1218
D 49 30 2097
D 49 31 793
D 49 32 1769
D 49 33 1409
D 49 34 1198
D 49 35 1106
D 49 36 1193
D 49 37 1527
D 49 38 1177
D 49 39 807
D 49 40 1857
D 59 1 548
D 59 2 382
D 59 3 231
D 59 4 198
D 59 5 555
D 59 6 244
D 59 7 856
D 59 8 314
D 59 9 422
D 59 10 836
D 59 11 -59
D 59 12 135
D 59 13 386
D 59 14 -320
D 59 15 340
D 59 16 -99
D 59 17 386
D 59 18 169
D 59 19 1054
D 59 20 527
D 59 21 339
D 59 22 527
D 59 23 388
D 59 24 148
D 59 25 -352
D 59 26 299
D 59 27 481
D 59 28 37
D 59 29 392
D 59 30 702
D 59 31 166
D 59 32 537
D 59 33 46
D 59 34 184
D 59 35 394
D 59 36 214
D 59 37 591
D 59 38 -57
D 59 39 734
D 59 40 273
D 71 1 986
D 71 2 986
D 71 3 637
D 71 4 1498
D 71 5 1093
D 71 6 677
D 71 7 1106
D 71 8 1203
D 71 9 1049
D 71 10 1703
D 71 11 479
D 71 12 1020
D 71 13 1048
D 71 14 1036
D 71 15 1162
D 71 16 721
D 71 17 600
D 71 18 670
D 71 19 1069
D 71 20 1515
D 71 21 564
D 71 22 1128
D 71 23 600
D 71 24 1028
D 71 25 748
D 71 26 1192
D 71 27 1164
D 71 28 1041
D 71 29 956
D 71 30 1487
D 71 31 1296
D 71 32 623
D 71 33 856
D 71 34 925
D 71 35 793
D 71 36 1130
D 71 37 779
D 71 38 921
D 71 39 639
D 71 40 2205
D 80 1 884
D 80 2 590
D 80 3 620
D 80 4 731
D 80 5 642
D 80 6 291
D 80 7 923
D 80 8 388
D 80 9 486
D 80 10 1088
D 80 11 381
D 80 12 410
D 80 13 877
D 80 14 613
D 80 15 457
D 80 16 564
D 80 17 580
D 80 18 1006
D 80 19 626
D 80 20 652
D 80 21 709
D 80 22 1118
D 80 23 624
D 80 24 617
D 80 25 592
D 80 26 874
D 80 27 530
D 80 28 966
D 80 29 689
D 80 30 1432
D 80 31 818
D 80 32 668
D 80 33 986
D 80 34 619
D 80 35 729
D 80 36 769
D 80 37 107
D 80 38 514
D 80 39 279
D 80 40 884
1961 1962 1 260
1961 1962 2 452
1961 1962 3 -141
1961 1962 4 6
1961 1962 5 419
1961 1962 6 107
1961 1962 7 41
1961 1962 8 124
1961 1962 9 379
1961 1962 10 458
1961 1962 11 370
1961 1962 12 391
1961 1962 13 237
1961 1962 14 569
1961 1962 15 -112
1961 1962 16 541
1961 1962 17 587
1961 1962 18 528
1961 1962 19 -254
1961 1962 20 398
1961 1962 21 -154
1961 1962 22 -65
1961 1962 23 495
1961 1962 24 -53
1961 1962 25 -13
1961 1962 26 463
1961 1962 27 468
1961 1962 28 -13
1961 1962 29 184
1961 1962 30 716
1961 1962 31 -64
1961 1962 32 228
1961 1962 33 597
1961 1962 34 260
1961 1962 35 -94
1961 1962 36 93
1961 1962 37 272
1961 1962 38 265
1961 1962 39 -444
1961 1962 40 552
2070 2071 1 377
2070 2071 2 546
2070 2071 3 771
2070 2071 4 669
2070 2071 5 837
2070 2071 6 154
2070 2071 7 525
2070 2071 8 548
2070 2071 9 493
2070 2071 10 896
2070 2071 11 310
2070 2071 12 494
2070 2071 13 320
2070 2071 14 998
2070 2071 15 752
2070 2071 16 117
2070 2071 17 743
2070 2071 18 485
2070 2071 19 244
2070 2071 20 1027
2070 2071 21 332
2070 2071 22 701
2070 2071 23 424
2070 2071 24 268
2070 2071 25 882
2070 2071 26 389
2070 2071 27 441
2070 2071 28 227
2070 2071 29 292
2070 2071 30 1141
2070 2071 31 745
2070 2071 32 459
2070 2071 33 795
2070 2071 34 179
2070 2071 35 32
2070 2071 36 78
2070 2071 37 379
2070 2071 38 562
2070 2071 39 584
2070 2071 40 1081
