SS CSH unique_name 500_RD_223@1@1 500_RD_223@2@1 500_RD_223@3@1 500_RD_223@4@1 500_RD_223@5@1 500_RD_223@6@1 500_RD_223@7@1 500_RD_223@8@1 500_RD_223@9@1 500_RD_223@10@1 500_RD_223@11@1 500_RD_223@12@1 500_RD_223@13@1 500_RD_223@14@1 500_RD_223@15@1 500_RD_223@16@1 500_RD_223@17@1 
1014 8.020 117.404 1.01 1.07 0.95 1.01 1.03 0.95 1.00 0.98 
1020 8.427 129.791 16.53 1.05 1.01 0.99 0.98 1.02 1.01 1.09 0.82 
1029 7.188 121.755 0.98 1.01 0.98 1.05 0.99 0.97 0.98 0.97 
1030 8.909 125.392 1.51 1.00 1.00 1.03 0.94 0.99 1.02 1.07 0.82 
1031 9.140 112.399 1.00 1.00 1.00 0.99 0.99 1.04 0.99 1.00 
1032 7.653 118.707 0.62 0.99 1.02 1.01 0.99 0.98 1.00 1.08 0.85 
1033 8.912 110.281 0.99 1.02 1.00 1.00 0.98 1.04 0.99 1.01 
1034 8.231 119.206 2.25 1.01 1.00 1.01 1.00 1.00 0.99 1.08 0.84 
1035 7.043 119.304 0.99 0.96 0.98 1.00 1.03 0.95 1.02 1.03 
1036 8.937 131.030 -2.15 1.06 1.01 0.97 1.01 1.00 1.00 1.07 0.82 
1037 8.836 128.319 1.00 0.99 0.99 1.00 1.05 0.97 1.02 0.99 
1038 8.491 122.642 0.88 0.98 1.01 1.05 0.94 0.99 1.08 1.11 0.82 
1041 8.349 108.211 1.01 1.02 0.98 1.00 0.99 1.04 0.99 1.01 
1042 8.044 122.322 0.21 0.97 1.01 1.06 0.98 0.99 1.05 1.10 0.80 
1043 8.418 110.739 1.00 1.02 0.98 0.98 0.98 1.00 0.98 1.00 
1044 8.012 127.657 2.16 1.03 1.02 1.00 0.96 1.00 1.04 1.06 0.84 
1045 9.472 116.317 1.00 1.00 1.00 1.01 1.01 1.01 0.99 1.03 
1046 7.137 111.193 1.01 0.98 1.01 1.02 1.00 0.97 0.98 1.12 0.83 
1048 7.520 115.866 0.99 0.99 0.97 0.98 1.00 1.00 0.99 0.99 
1049 8.740 120.223 1.35 1.00 0.99 1.03 0.98 1.00 0.99 1.09 0.84 
1050 8.678 124.868 1.02 1.01 1.00 1.02 1.02 0.95 1.00 1.03 
1052 8.939 127.252 -3.06 1.02 1.01 0.99 0.98 1.00 1.00 1.09 0.81 
1053 8.175 120.260 1.00 1.02 0.98 1.00 1.04 0.98 0.98 1.02 
1054 8.061 114.666 0.86 0.99 0.99 1.02 0.98 0.98 1.01 1.12 0.83 
1055 8.396 111.064 1.00 1.03 0.95 1.00 1.00 0.99 0.97 0.99 
1056 7.787 119.579 1.17 0.99 1.01 1.02 0.97 1.01 1.02 1.11 0.82 
1059 8.986 124.182 1.04 0.98 1.02 1.03 1.03 1.00 1.02 1.03 
1062 7.854 116.299 8.02 0.97 1.01 1.01 0.99 1.00 1.03 1.16 0.81 
1066 8.091 118.312 0.99 1.02 0.99 1.02 1.03 1.01 1.01 0.99 
1069 8.264 125.490 -388.63 1.01 1.02 1.02 0.98 0.99 1.02 1.12 0.80 
1071 8.612 120.778 1.00 0.99 0.98 1.00 1.02 0.96 0.99 0.99 
1072 8.682 120.545 8.41 1.00 1.01 1.00 0.98 0.99 1.01 1.08 0.84 
1073 8.260 132.708 0.99 0.98 1.00 1.00 1.01 0.98 1.00 1.00 
1077 8.849 124.857 1.33 0.98 1.02 1.06 0.96 1.01 1.06 1.09 0.80 
1078 8.505 116.036 1.00 1.04 0.95 1.00 1.02 0.96 0.98 0.99 
1079 8.404 123.574 -8.36 1.01 1.00 1.00 1.00 1.00 1.00 1.10 0.83 
1080 8.517 129.399 1.01 0.96 1.04 1.00 1.02 0.98 0.99 1.00 
1081 8.474 116.889 -1.48 1.00 1.01 1.01 0.99 0.99 1.00 1.09 0.84 
1082 7.766 107.813 1.00 1.00 1.01 0.99 0.98 1.04 0.98 0.98 
1083 8.352 118.648 -4.95 1.01 1.00 1.01 0.99 0.99 0.99 1.11 0.83 
1084 7.387 121.372 1.00 0.98 1.00 1.01 1.01 1.01 1.00 1.01 
1086 8.713 124.192 0.17 0.99 1.02 1.00 0.96 1.02 1.04 1.11 0.80 
1090 8.206 117.101 1.01 0.99 1.00 1.01 0.99 1.00 1.00 1.00 
1961 9.766 130.071 0.11 1.02 1.06 1.00 1.02 1.03 0.96 1.04 0.80 
2031 8.288 111.847 1.04 0.91 0.89 0.96 0.97 0.97 0.93 1.05 
2033 8.279 110.214 1.56 0.90 0.97 1.09 0.98 0.91 0.98 1.10 0.86 
2043 8.321 111.084 0.98 1.01 1.09 0.95 1.02 1.03 0.94 0.99 
2045 8.228 108.984 0.93 1.02 1.03 1.09 1.04 0.92 0.99 0.80 0.83 
2055 8.150 111.304 1.04 0.93 0.98 1.22 1.07 1.00 0.98 0.94 
2070 9.994 128.963 193.02 1.03 1.01 1.01 1.03 0.96 1.04 1.10 0.81 
2076 8.193 120.782 1.00 1.00 1.00 1.00 1.02 1.00 0.98 1.02 
2077 8.214 127.025 1.05 1.05 1.02 0.98 0.98 0.99 0.99 1.02 0.87 
2078 7.949 119.908 0.99 0.97 1.03 0.97 1.02 1.00 1.03 1.05 
2081 8.246 121.900 1.89 1.02 1.01 0.99 1.02 1.01 0.99 1.01 0.86 
2082 7.864 114.951 1.01 1.01 1.00 1.00 1.02 1.02 1.01 0.98 
2083 8.248 121.494 0.91 1.03 1.04 0.98 1.04 0.99 1.00 1.04 0.88 
2084 7.853 122.987 1.00 0.97 1.03 1.00 1.02 0.95 1.00 0.97 
2094 8.030 126.914 0.27 0.99 1.04 0.98 0.96 1.00 1.07 1.00 0.85 
2095 8.204 127.793 1.00 0.98 1.01 1.03 0.96 0.97 0.98 0.98 
2098 7.880 129.360 -4.10 1.03 1.02 0.97 1.00 1.00 1.01 0.99 0.88 
2347 9.810 130.475 0.94 0.94 1.11 0.97 0.95 0.99 1.00 0.87 
3020 8.628 129.964 -12.52 1.01 1.00 1.00 0.96 1.01 1.00 1.14 0.80 
3030 9.001 125.661 0.99 0.96 1.01 1.01 1.02 0.98 0.99 0.99 
3032 7.649 118.543 -3.71 1.01 1.01 1.02 0.98 1.00 1.00 1.10 0.83 
3034 8.192 119.237 1.00 1.00 0.98 1.00 1.00 1.00 0.98 1.01 
3035 6.983 119.049 0.13 0.94 1.00 1.11 0.97 1.00 1.02 1.17 0.84 
3036 8.851 130.976 0.96 1.01 0.98 1.04 1.03 0.97 0.99 0.97 
3040 8.873 121.102 3.52 0.97 1.00 1.03 1.04 1.01 1.00 1.15 0.78 
3041 8.454 108.367 0.98 1.00 0.98 0.98 0.97 1.02 0.99 0.99 
3043 8.418 110.251 0.80 0.97 1.02 1.01 0.97 0.96 0.99 1.21 0.78 
3044 7.960 127.221 1.02 0.98 0.99 1.00 1.06 0.94 0.98 1.01 
3045 9.432 116.208 0.38 1.00 1.04 1.03 0.97 1.01 0.97 1.21 0.82 
3051 8.315 128.010 1.02 0.90 1.04 0.97 1.01 1.00 1.00 0.97 
3056 7.694 119.229 0.94 1.02 1.03 1.05 0.99 0.95 1.07 1.16 0.80 
3057 8.677 123.926 1.01 1.01 1.03 1.03 1.03 1.00 0.99 1.02 
3073 8.317 133.141 0.33 1.00 0.96 1.03 1.08 1.01 0.99 1.26 0.77 
3077 8.306 127.574 1.00 0.98 1.02 1.03 1.01 0.98 0.98 1.00 
3078 8.504 115.641 0.25 0.97 1.02 1.02 0.94 1.00 0.98 1.11 0.79 
3080 8.376 129.928 1.00 0.95 1.06 1.04 1.03 0.98 1.02 1.01 
3082 7.721 107.668 1.13 0.95 0.97 1.04 1.02 0.96 1.00 1.19 0.79 
4038 8.634 122.166 1.00 1.01 0.97 1.02 1.05 0.96 1.01 0.99 
4049 8.772 119.922 0.34 1.02 1.05 1.02 0.91 1.00 1.02 1.13 0.83 
4059 9.094 123.997 1.01 0.98 1.05 1.02 0.93 0.99 0.96 0.99 
4071 8.734 121.067 -2.69 0.98 1.00 1.04 0.96 0.96 1.01 1.09 0.82 
4080 7.789 120.810 0.99 1.01 0.96 1.03 1.06 0.97 0.95 0.98 
