1014 230165 231912 224498 232163 229281 223718 228164 229757 226740 230368 230621 225051 229890 229426 243759 241514 216884 
1020 409028 408664 417918 409479 412038 417119 414318 419224 414587 417889 423055 417569 418716 419511 437591 438256 393821 
1029 175048 173267 172425 173329 175847 174469 172872 177309 174813 174400 175489 172517 176400 175051 181737 178822 164929 
1030 198224 198317 198578 198713 198732 198980 201765 204114 197782 202773 201809 199678 201515 201137 208156 210316 189446 
1031 692563 692974 689237 687726 691836 691984 693839 688991 692563 687576 681174 693712 683042 680437 714669 714450 651575 
1032 501306 500259 498797 498637 503872 499096 502763 502072 500926 504217 500366 499636 500832 499978 519170 516144 473416 
1033 749741 747463 747200 753369 750031 749324 749423 748496 750416 741875 735086 750730 738517 734955 774302 776664 705741 
1034 976795 977695 983846 977907 980039 980871 984825 982097 980715 983833 982169 985420 979312 976081 1012280 1012980 926874 
1035 101835 101286 105828 103534 103541 102731 104231 104274 102762 104291 104096 101392 102230 103129 107863 109389 97789 
1036 366021 363256 373567 362023 363434 372132 366654 369661 371795 370970 371708 370262 370913 374289 386610 386443 349396 
1037 191301 191573 191509 190659 192306 191593 193245 193543 190041 194647 194421 191477 194472 196779 204567 203511 182685 
1038 171047 171502 169788 171297 172400 168939 173059 174003 168628 174947 174518 167977 174530 171862 180978 181032 162736 
1041 453470 456541 451716 455926 455206 450476 451659 452516 451682 449136 443210 452740 444632 442327 466615 468317 426245 
1042 149554 149609 147132 148642 149421 147197 151253 149829 148654 150844 150174 148105 151690 151369 158796 160131 141906 
1043 406577 405866 401457 406400 406506 402352 407712 404362 405061 400890 402099 402980 399827 395888 421621 421431 381825 
1044 522053 523751 531384 522654 528405 531329 532068 539263 529786 536705 537302 529326 538626 534678 551319 549050 502218 
1045 350124 351077 350909 350773 351892 352851 352816 354125 350031 352034 350359 351407 349189 347730 363156 368200 332157 
1046 333487 335596 332997 332652 334107 330780 333831 331793 331238 333905 328870 331917 328191 327017 345725 346992 314065 
1048 150271 149448 149843 148752 150289 148094 151577 150299 148965 148755 148422 148811 148655 147923 155466 155002 141210 
1049 162161 161800 161652 161398 160837 160389 162808 162193 160734 162837 163006 162286 161684 161379 168156 167835 153009 
1050 231025 232911 229738 230397 232601 232391 233959 236431 231307 233695 236516 230559 234852 234716 243523 247008 220684 
1052 656166 659019 666646 659699 663766 668245 664517 671798 665337 668593 670213 667792 669133 669898 699445 704388 630862 
1053 381901 382308 379404 383716 382927 379114 383494 384254 378833 385898 382240 377754 385580 381683 395658 398813 361387 
1054 334161 333529 331797 333012 331771 330651 333863 334449 331017 333889 331438 329353 330875 327923 345890 346860 314146 
1055 268856 269571 264987 269379 270948 264729 270055 269506 265167 265583 265845 264042 265347 262039 281193 280051 252782 
1056 272914 274583 273557 276374 277164 273012 276445 277721 272864 276222 277342 275203 277719 275754 290386 290035 261017 
1059 164093 166980 167203 165515 164849 166770 167220 170118 165854 168594 168843 169030 166174 167884 173442 176333 158171 
1062 281261 282681 278238 279492 280513 277607 279272 280685 278936 280762 280515 277629 281809 276256 296257 295283 265129 
1066 219022 218376 218543 220335 218946 217925 220630 222711 218847 222468 219731 220602 218754 220122 229633 228783 207966 
1069 417005 419074 421374 416806 421788 420513 425632 424680 421346 428719 427100 420691 425982 426615 451643 450262 401131 
1071 185345 185384 186084 185629 188324 186037 187414 187252 184878 187062 187829 184400 188574 188090 198480 197226 176942 
1072 316290 317787 318319 317999 319850 320033 319861 321606 318798 321981 319985 317528 319729 318995 332004 330126 301817 
1073 175690 174458 176517 175196 176716 177156 177955 177776 177103 178160 179981 178579 180295 180231 188513 188649 168410 
1077 192442 192087 190504 191968 193829 189537 195395 194571 190651 195243 196131 190807 196315 193971 202559 205321 183019 
1078 202597 203095 199364 203772 203882 198763 204183 204500 199980 202384 203028 199145 202237 200254 212949 211680 191283 
1079 434538 436449 437904 436279 435904 437828 438403 440266 439916 439825 438931 440552 440646 439928 460298 458412 415063 
1080 156464 157256 158240 155434 157443 160399 159446 159849 158732 160446 160444 158856 160421 159605 167597 167445 150475 
1081 928073 926701 927489 925645 928479 930497 933835 932587 929792 929549 926374 927457 926632 921656 960842 961419 877472 
1082 360221 361023 358580 359423 360827 362117 361178 359893 357572 354461 351858 358190 352008 348098 373058 369965 338145 
1083 847606 848547 854258 848975 850610 853942 857002 858151 854428 854338 851040 855575 852677 846605 889924 887671 806550 
1084 686449 687907 694509 685949 690581 692147 689671 694030 691150 694599 690168 694346 688853 689568 716735 719981 653332 
1086 191770 192230 191745 191653 193986 194417 194068 196921 192610 193685 195221 192029 195475 193583 203975 205951 183489 
1090 176341 177104 177180 176458 176104 175774 178437 179679 177723 176474 177385 177602 175988 176216 179420 179364 166897 
1961 33634 32434 32726 32220 33148 32309 32299 32921 33296 32987 33473 32520 31800 32408 33090 34956 30954 
2031 47767 48727 49910 47524 49159 46242 48899 47865 48295 47526 47440 46844 47704 46015 48993 50263 45245 
2033 55103 56561 53718 55254 54298 53316 55618 54738 54179 55151 52633 54531 54078 54923 57497 55823 51613 
2043 43547 43135 44619 44908 43664 45598 44557 43321 43513 43988 44151 44914 42755 41554 44553 44372 41362 
2045 39909 41397 41807 40604 41230 39825 41509 40486 41305 42274 40510 40786 40521 43059 38257 42542 38589 
2055 34269 34941 34762 33415 34543 34163 32511 35780 33108 34262 33681 33716 33277 32914 35800 34734 32110 
2070 63889 65191 66037 65620 65887 66331 66550 67169 68034 68088 66844 66466 67656 66058 69162 70170 62891 
2076 226675 226532 226248 226145 224494 225042 226339 226573 226145 228643 225753 225673 226287 223628 226717 229451 212961 
2077 217719 218992 223946 219912 222257 223688 221061 222916 221148 223640 222408 223503 222544 223754 225515 224751 209280 
2078 154723 153817 155784 153169 153621 156018 158159 155952 154578 155774 155950 155938 152591 154943 155221 158716 146174 
2081 191268 190411 192500 189011 189921 190650 189305 189314 191349 190650 192101 191954 190666 190512 191605 193758 179704 
2082 176943 177491 175942 176498 176098 176134 176776 176687 177022 178629 173772 175587 175170 175961 180107 178218 166296 
2083 158219 158074 160521 158959 161864 160607 159000 158252 161467 161873 161342 159891 159990 158601 161947 160716 150666 
2084 173126 173137 175929 173474 173390 175909 176046 175743 174890 176492 177314 173154 176198 176213 179878 177045 165173 
2094 70152 70919 70613 70029 71380 71882 71320 72567 70991 71393 71465 70403 72771 71916 71874 73237 67230 
2095 91573 91717 93683 92646 91933 92558 91579 92852 93007 91019 93503 92295 93623 92498 93209 92295 87058 
2098 230335 231595 235609 233118 235130 238270 234773 237054 237624 238388 237965 236549 237361 239401 238585 238311 222357 
2347 51506 49928 51262 49528 49747 52265 51778 51057 50993 49627 51767 51427 51871 51798 58619 54575 48691 
3020 105835 108098 108730 107312 107590 107132 107368 109421 107006 109551 109858 108785 109075 107811 114691 115034 102547 
3030 135650 135186 138200 135243 136015 136688 136938 137545 137558 139026 138029 136675 137565 136867 145530 144743 129851 
3032 355349 353694 354802 354302 356576 352024 356235 356715 353597 355499 355665 356140 355391 353186 370273 370257 335865 
3034 292145 292927 294418 293840 296642 294451 294952 295590 296035 296259 295258 295414 295623 292624 310661 311970 279342 
3035 64649 64143 62163 63434 63435 61213 64391 64314 63258 63786 63794 63094 63604 62755 67618 65758 60083 
3036 66768 65588 65784 65986 67080 66276 65838 67128 64787 65812 68491 67588 67611 67186 72531 71625 63299 
3040 98590 99339 98021 98227 98018 97644 99111 97578 99490 99776 100081 98471 98641 98894 105827 107382 93829 
3041 173579 172162 173178 173341 173547 171846 172690 171022 174067 171389 169259 171321 168319 167339 184143 183080 162958 
3043 144326 146088 143760 142672 143783 143403 144194 144379 142009 144149 141269 143435 142829 140835 153985 155255 136257 
3044 184024 186103 185436 183320 187432 186999 186395 186841 184675 190367 189969 184210 190984 189395 198714 199538 177318 
3045 98215 97715 97869 96993 99029 97070 98460 98980 97658 97616 98129 97650 96427 96488 105697 103023 92766 
3051 123092 124291 129044 122210 125383 127673 126311 124440 126316 127064 126706 126949 128053 128067 129614 127634 118991 
3056 115223 114417 115354 115683 117316 112783 115806 114554 113813 117217 114546 112265 115912 114823 123362 122689 109163 
3057 107839 108349 108515 109025 107422 109034 108770 110383 107679 109417 109802 109635 109246 108986 118426 119776 103665 
3073 51579 53134 53066 53598 52525 53405 54291 51283 53309 53384 53713 53625 53372 52306 58264 58152 50530 
3077 259819 259606 261423 258666 261822 264680 261664 265102 263333 264596 265453 263003 264711 262463 269348 269875 247974 
3078 99869 100536 99148 100652 101879 99951 100919 101775 98670 100157 100430 101933 101144 100887 106254 108064 95427 
3080 103223 103495 103855 101405 100411 103554 101242 103181 102104 103583 104361 103390 103442 104267 111562 112230 97959 
3082 103975 103436 101005 103848 102129 101263 103108 102051 102866 102380 100293 101468 101446 99157 107779 109515 96807 
4038 190817 190806 188146 189583 191367 188166 191390 193604 188120 192461 191450 187726 192415 193450 202554 202033 180829 
4049 91855 92464 93272 90922 93000 92337 93216 95520 91096 92000 92179 91994 92949 91031 96557 96253 87450 
4059 55620 55773 55765 55273 53952 55191 55354 56002 56719 54798 56399 56245 56232 55223 59484 59316 52785 
4071 168166 167454 165826 167705 167725 165416 168612 170171 166528 169619 166447 167782 168718 167791 174934 175616 158736 
4080 96111 95629 94711 95097 95813 94031 95205 96620 93764 96658 95825 94500 97241 94669 102114 100999 90529 
