500_RD_223 2 8.01973 117.40353 1.015 230165 231912 1014
500_RD_223 4 8.01990 117.40439 1.071 224498 232163 1014
500_RD_223 6 8.01996 117.40360 0.953 229281 223718 1014
500_RD_223 8 8.02007 117.40453 1.014 228164 229757 1014
500_RD_223 10 8.01986 117.40281 1.033 226740 230368 1014
500_RD_223 12 8.02013 117.40385 0.953 230621 225051 1014
500_RD_223 14 8.02012 117.40412 0.996 229890 229426 1014
500_RD_223 16 8.02009 117.40308 0.982 243759 241514 1014
500_RD_223 1 8.42667 129.79149 16.533 216884 409028 1020
500_RD_223 3 8.42656 129.79133 1.046 408664 417918 1020
500_RD_223 5 8.42671 129.79111 1.013 409479 412038 1020
500_RD_223 7 8.42671 129.79154 0.987 417119 414318 1020
500_RD_223 9 8.42677 129.79130 0.978 419224 414587 1020
500_RD_223 11 8.42664 129.79059 1.025 417889 423055 1020
500_RD_223 13 8.42667 129.79165 1.006 417569 418716 1020
500_RD_223 15 8.42667 129.79215 1.090 419511 437591 1020
500_RD_223 17 8.42667 129.79147 0.816 438256 393821 1020
500_RD_223 2 7.18779 121.75457 0.980 175048 173267 1029
500_RD_223 4 7.18780 121.75442 1.011 172425 173329 1029
500_RD_223 6 7.18780 121.75442 0.984 175847 174469 1029
500_RD_223 8 7.18802 121.75490 1.053 172872 177309 1029
500_RD_223 10 7.18780 121.75442 0.995 174813 174400 1029
500_RD_223 12 7.18780 121.75442 0.967 175489 172517 1029
500_RD_223 14 7.18761 121.75442 0.985 176400 175051 1029
500_RD_223 16 7.18780 121.75442 0.968 181737 178822 1029
500_RD_223 1 8.90915 125.39238 1.506 164929 198224 1030
500_RD_223 3 8.90899 125.39266 1.003 198317 198578 1030
500_RD_223 5 8.90916 125.39225 1.000 198713 198732 1030
500_RD_223 7 8.90919 125.39279 1.028 198980 201765 1030
500_RD_223 9 8.90882 125.39136 0.940 204114 197782 1030
500_RD_223 11 8.90920 125.39230 0.991 202773 201809 1030
500_RD_223 13 8.90981 125.39240 1.019 199678 201515 1030
500_RD_223 15 8.90976 125.39111 1.072 201137 208156 1030
500_RD_223 17 8.90922 125.39226 0.819 210316 189446 1030
500_RD_223 2 9.13998 112.39897 1.001 692563 692974 1031
500_RD_223 4 9.13981 112.39924 0.996 689237 687726 1031
500_RD_223 6 9.13995 112.39920 1.000 691836 691984 1031
500_RD_223 8 9.13987 112.39927 0.986 693839 688991 1031
500_RD_223 10 9.14005 112.39938 0.986 692563 687576 1031
500_RD_223 12 9.13985 112.39984 1.038 681174 693712 1031
500_RD_223 14 9.13989 112.39903 0.992 683042 680437 1031
500_RD_223 16 9.13987 112.39927 0.999 714669 714450 1031
500_RD_223 1 7.65275 118.70699 0.625 651575 501306 1032
500_RD_223 3 7.65280 118.70711 0.994 500259 498797 1032
500_RD_223 5 7.65287 118.70684 1.021 498637 503872 1032
500_RD_223 7 7.65276 118.70684 1.015 499096 502763 1032
500_RD_223 9 7.65277 118.70758 0.995 502072 500926 1032
500_RD_223 11 7.65285 118.70680 0.985 504217 500366 1032
500_RD_223 13 7.65274 118.70631 1.005 499636 500832 1032
500_RD_223 15 7.65267 118.70692 1.080 499978 519170 1032
500_RD_223 17 7.65278 118.70702 0.847 516144 473416 1032
500_RD_223 2 8.91155 110.28127 0.994 749741 747463 1033
500_RD_223 4 8.91172 110.28188 1.017 747200 753369 1033
500_RD_223 6 8.91159 110.28142 0.998 750031 749324 1033
500_RD_223 8 8.91166 110.28200 0.998 749423 748496 1033
500_RD_223 10 8.91155 110.28133 0.977 750416 741875 1033
500_RD_223 12 8.91156 110.28155 1.043 735086 750730 1033
500_RD_223 14 8.91164 110.28171 0.990 738517 734955 1033
500_RD_223 16 8.91160 110.28098 1.006 774302 776664 1033
500_RD_223 1 8.23130 119.20630 2.247 705741 976795 1034
500_RD_223 3 8.23134 119.20604 1.013 977695 983846 1034
500_RD_223 5 8.23138 119.20645 1.004 977907 980039 1034
500_RD_223 7 8.23138 119.20603 1.008 980871 984825 1034
500_RD_223 9 8.23139 119.20617 0.997 982097 980715 1034
500_RD_223 11 8.23139 119.20635 0.997 983833 982169 1034
500_RD_223 13 8.23138 119.20601 0.988 985420 979312 1034
500_RD_223 15 8.23133 119.20631 1.077 976081 1012280 1034
500_RD_223 17 8.23138 119.20623 0.843 1012980 926874 1034
500_RD_223 2 7.04341 119.30442 0.989 101835 101286 1035
500_RD_223 4 7.04257 119.30572 0.958 105828 103534 1035
500_RD_223 6 7.04280 119.30443 0.984 103541 102731 1035
500_RD_223 8 7.04298 119.30480 1.001 104231 104274 1035
500_RD_223 10 7.04387 119.30467 1.030 102762 104291 1035
500_RD_223 12 7.04335 119.30401 0.949 104096 101392 1035
500_RD_223 14 7.04225 119.30495 1.018 102230 103129 1035
500_RD_223 16 7.04372 119.30538 1.029 107863 109389 1035
500_RD_223 1 8.93685 131.02963 -2.147 97789 366021 1036
500_RD_223 3 8.93680 131.02951 1.058 363256 373567 1036
500_RD_223 5 8.93684 131.03001 1.008 362023 363434 1036
500_RD_223 7 8.93706 131.02938 0.971 372132 366654 1036
500_RD_223 9 8.93683 131.02894 1.012 369661 371795 1036
500_RD_223 11 8.93681 131.02941 1.004 370970 371708 1036
500_RD_223 13 8.93682 131.02940 1.004 370262 370913 1036
500_RD_223 15 8.93691 131.02942 1.068 374289 386610 1036
500_RD_223 17 8.93688 131.02924 0.825 386443 349396 1036
500_RD_223 2 8.83556 128.31904 1.003 191301 191573 1037
500_RD_223 4 8.83548 128.32140 0.991 191509 190659 1037
500_RD_223 6 8.83563 128.31940 0.993 192306 191593 1037
500_RD_223 8 8.83548 128.32111 1.003 193245 193543 1037
500_RD_223 10 8.83541 128.32097 1.050 190041 194647 1037
500_RD_223 12 8.83532 128.32031 0.970 194421 191477 1037
500_RD_223 14 8.83566 128.32207 1.024 194472 196779 1037
500_RD_223 16 8.83528 128.32011 0.990 204567 203511 1037
500_RD_223 1 8.49085 122.64202 0.880 182685 171047 1038
500_RD_223 3 8.49094 122.64258 0.980 171502 169788 1038
500_RD_223 5 8.49094 122.64173 1.013 171297 172400 1038
500_RD_223 7 8.49124 122.64206 1.050 168939 173059 1038
500_RD_223 9 8.49107 122.64164 0.940 174003 168628 1038
500_RD_223 11 8.49088 122.64137 0.995 174947 174518 1038
500_RD_223 13 8.49096 122.64120 1.081 167977 174530 1038
500_RD_223 15 8.49072 122.64146 1.112 171862 180978 1038
500_RD_223 17 8.49089 122.64182 0.816 181032 162736 1038
500_RD_223 2 8.34940 108.21065 1.014 453470 456541 1041
500_RD_223 4 8.34928 108.21027 1.019 451716 455926 1041
500_RD_223 6 8.34929 108.21124 0.979 455206 450476 1041
500_RD_223 8 8.34941 108.21008 1.004 451659 452516 1041
500_RD_223 10 8.34928 108.20990 0.989 451682 449136 1041
500_RD_223 12 8.34922 108.21070 1.044 443210 452740 1041
500_RD_223 14 8.34926 108.21009 0.990 444632 442327 1041
500_RD_223 16 8.34900 108.21126 1.007 466615 468317 1041
500_RD_223 1 8.04403 122.32210 0.213 426245 149554 1042
500_RD_223 3 8.04379 122.32286 0.967 149609 147132 1042
500_RD_223 5 8.04367 122.32114 1.011 148642 149421 1042
500_RD_223 7 8.04374 122.32205 1.057 147197 151253 1042
500_RD_223 9 8.04371 122.32130 0.984 149829 148654 1042
500_RD_223 11 8.04420 122.32238 0.991 150844 150174 1042
500_RD_223 13 8.04449 122.32112 1.050 148105 151690 1042
500_RD_223 15 8.04392 122.32276 1.103 151369 158796 1042
500_RD_223 17 8.04393 122.32207 0.796 160131 141906 1042
500_RD_223 2 8.41753 110.73926 0.997 406577 405866 1043
500_RD_223 4 8.41764 110.73983 1.025 401457 406400 1043
500_RD_223 6 8.41741 110.73917 0.980 406506 402352 1043
500_RD_223 8 8.41749 110.73925 0.984 407712 404362 1043
500_RD_223 10 8.41748 110.73876 0.980 405061 400890 1043
500_RD_223 12 8.41755 110.73889 1.004 402099 402980 1043
500_RD_223 14 8.41746 110.73906 0.980 399827 395888 1043
500_RD_223 16 8.41741 110.73940 0.999 421621 421431 1043
500_RD_223 1 8.01240 127.65714 2.161 381825 522053 1044
500_RD_223 3 8.01248 127.65589 1.030 523751 531384 1044
500_RD_223 5 8.01253 127.65679 1.022 522654 528405 1044
500_RD_223 7 8.01239 127.65685 1.003 531329 532068 1044
500_RD_223 9 8.01250 127.65653 0.965 539263 529786 1044
500_RD_223 11 8.01249 127.65691 1.002 536705 537302 1044
500_RD_223 13 8.01247 127.65688 1.036 529326 538626 1044
500_RD_223 15 8.01248 127.65667 1.064 534678 551319 1044
500_RD_223 17 8.01246 127.65677 0.843 549050 502218 1044
500_RD_223 2 9.47229 116.31719 1.005 350124 351077 1045
500_RD_223 4 9.47232 116.31643 0.999 350909 350773 1045
500_RD_223 6 9.47274 116.31675 1.005 351892 352851 1045
500_RD_223 8 9.47245 116.31692 1.007 352816 354125 1045
500_RD_223 10 9.47243 116.31714 1.012 350031 352034 1045
500_RD_223 12 9.47253 116.31655 1.006 350359 351407 1045
500_RD_223 14 9.47230 116.31678 0.992 349189 347730 1045
500_RD_223 16 9.47246 116.31708 1.028 363156 368200 1045
500_RD_223 1 7.13673 111.19338 1.008 332157 333487 1046
500_RD_223 3 7.13653 111.19230 0.985 335596 332997 1046
500_RD_223 5 7.13661 111.19286 1.009 332652 334107 1046
500_RD_223 7 7.13665 111.19260 1.019 330780 333831 1046
500_RD_223 9 7.13648 111.19267 0.997 331793 331238 1046
500_RD_223 11 7.13683 111.19251 0.970 333905 328870 1046
500_RD_223 13 7.13640 111.19279 0.978 331917 328191 1046
500_RD_223 15 7.13632 111.19316 1.121 327017 345725 1046
500_RD_223 17 7.13660 111.19295 0.827 346992 314065 1046
500_RD_223 2 7.52004 115.86557 0.989 150271 149448 1048
500_RD_223 4 7.52070 115.86553 0.986 149843 148752 1048
500_RD_223 6 7.52065 115.86564 0.971 150289 148094 1048
500_RD_223 8 7.52090 115.86414 0.983 151577 150299 1048
500_RD_223 10 7.52080 115.86548 0.997 148965 148755 1048
500_RD_223 12 7.52067 115.86542 1.005 148422 148811 1048
500_RD_223 14 7.52059 115.86387 0.990 148655 147923 1048
500_RD_223 16 7.52072 115.86542 0.994 155466 155002 1048
500_RD_223 1 8.73951 120.22268 1.348 141210 162161 1049
500_RD_223 3 8.73951 120.22458 0.998 161800 161652 1049
500_RD_223 5 8.73963 120.22310 0.993 161398 160837 1049
500_RD_223 7 8.73977 120.22164 1.031 160389 162808 1049
500_RD_223 9 8.73979 120.22269 0.982 162193 160734 1049
500_RD_223 11 8.73967 120.22421 1.002 162837 163006 1049
500_RD_223 13 8.73951 120.22262 0.993 162286 161684 1049
500_RD_223 15 8.73963 120.22310 1.088 161379 168156 1049
500_RD_223 17 8.73963 120.22310 0.838 167835 153009 1049
500_RD_223 2 8.67817 124.86840 1.016 231025 232911 1050
500_RD_223 4 8.67828 124.86903 1.006 229738 230397 1050
500_RD_223 6 8.67848 124.86913 0.998 232601 232391 1050
500_RD_223 8 8.67828 124.86900 1.021 233959 236431 1050
500_RD_223 10 8.67830 124.86910 1.021 231307 233695 1050
500_RD_223 12 8.67804 124.86954 0.951 236516 230559 1050
500_RD_223 14 8.67825 124.86905 0.999 234852 234716 1050
500_RD_223 16 8.67798 124.86827 1.029 243523 247008 1050
500_RD_223 1 8.93919 127.25219 -3.055 220684 656166 1052
500_RD_223 3 8.93916 127.25120 1.023 659019 666646 1052
500_RD_223 5 8.93918 127.25201 1.012 659699 663766 1052
500_RD_223 7 8.93911 127.25159 0.989 668245 664517 1052
500_RD_223 9 8.93922 127.25132 0.981 671798 665337 1052
500_RD_223 11 8.93917 127.25189 1.005 668593 670213 1052
500_RD_223 13 8.93911 127.25152 1.004 667792 669133 1052
500_RD_223 15 8.93902 127.25052 1.092 669898 699445 1052
500_RD_223 17 8.93913 127.25154 0.811 704388 630862 1052
500_RD_223 2 8.17489 120.26009 1.002 381901 382308 1053
500_RD_223 4 8.17497 120.26026 1.023 379404 383716 1053
500_RD_223 6 8.17493 120.25948 0.980 382927 379114 1053
500_RD_223 8 8.17493 120.25943 1.004 383494 384254 1053
500_RD_223 10 8.17496 120.26022 1.038 378833 385898 1053
500_RD_223 12 8.17496 120.25975 0.977 382240 377754 1053
500_RD_223 14 8.17486 120.25978 0.980 385580 381683 1053
500_RD_223 16 8.17485 120.25994 1.016 395658 398813 1053
500_RD_223 1 8.06052 114.66611 0.860 361387 334161 1054
500_RD_223 3 8.06043 114.66708 0.990 333529 331797 1054
500_RD_223 5 8.06078 114.66724 0.993 333012 331771 1054
500_RD_223 7 8.06034 114.66743 1.020 330651 333863 1054
500_RD_223 9 8.06047 114.66673 0.980 334449 331017 1054
500_RD_223 11 8.06040 114.66705 0.985 333889 331438 1054
500_RD_223 13 8.06060 114.66683 1.009 329353 330875 1054
500_RD_223 15 8.06066 114.66709 1.116 327923 345890 1054
500_RD_223 17 8.06052 114.66690 0.828 346860 314146 1054
500_RD_223 2 8.39633 111.06358 1.005 268856 269571 1055
500_RD_223 4 8.39637 111.06543 1.034 264987 269379 1055
500_RD_223 6 8.39649 111.06503 0.955 270948 264729 1055
500_RD_223 8 8.39644 111.06498 0.996 270055 269506 1055
500_RD_223 10 8.39674 111.06493 1.003 265167 265583 1055
500_RD_223 12 8.39630 111.06535 0.987 265845 264042 1055
500_RD_223 14 8.39650 111.06493 0.975 265347 262039 1055
500_RD_223 16 8.39635 111.06367 0.992 281193 280051 1055
500_RD_223 1 7.78725 119.57918 1.173 252782 272914 1056
500_RD_223 3 7.78723 119.58122 0.993 274583 273557 1056
500_RD_223 5 7.78731 119.58036 1.006 276374 277164 1056
500_RD_223 7 7.78728 119.58111 1.025 273012 276445 1056
500_RD_223 9 7.78733 119.58071 0.966 277721 272864 1056
500_RD_223 11 7.78710 119.58081 1.008 276222 277342 1056
500_RD_223 13 7.78739 119.58072 1.018 275203 277719 1056
500_RD_223 15 7.78714 119.57943 1.112 275754 290386 1056
500_RD_223 17 7.78730 119.58013 0.818 290035 261017 1056
500_RD_223 2 8.98555 124.18247 1.036 164093 166980 1059
500_RD_223 4 8.98562 124.18180 0.980 167203 165515 1059
500_RD_223 6 8.98587 124.18136 1.024 164849 166770 1059
500_RD_223 8 8.98702 124.18103 1.035 167220 170118 1059
500_RD_223 10 8.98638 124.18094 1.034 165854 168594 1059
500_RD_223 12 8.98627 124.18178 1.002 168843 169030 1059
500_RD_223 14 8.98578 124.18150 1.021 166174 167884 1059
500_RD_223 16 8.98562 124.18126 1.034 173442 176333 1059
500_RD_223 1 7.85449 116.29870 8.017 158171 281261 1062
500_RD_223 3 7.85452 116.29860 0.969 282681 278238 1062
500_RD_223 5 7.85458 116.29917 1.007 279492 280513 1062
500_RD_223 7 7.85450 116.29941 1.012 277607 279272 1062
500_RD_223 9 7.85441 116.29858 0.988 280685 278936 1062
500_RD_223 11 7.85453 116.29834 0.998 280762 280515 1062
500_RD_223 13 7.85448 116.29926 1.031 277629 281809 1062
500_RD_223 15 7.85440 116.29900 1.156 276256 296257 1062
500_RD_223 17 7.85451 116.29917 0.815 295283 265129 1062
500_RD_223 2 8.09090 118.31222 0.994 219022 218376 1066
500_RD_223 4 8.09077 118.31238 1.017 218543 220335 1066
500_RD_223 6 8.09102 118.31238 0.991 218946 217925 1066
500_RD_223 8 8.09082 118.31355 1.019 220630 222711 1066
500_RD_223 10 8.09131 118.31289 1.034 218847 222468 1066
500_RD_223 12 8.09075 118.31174 1.008 219731 220602 1066
500_RD_223 14 8.09095 118.31340 1.013 218754 220122 1066
500_RD_223 16 8.09023 118.31358 0.993 229633 228783 1066
500_RD_223 1 8.26363 125.49000 -388.635 207966 417005 1069
500_RD_223 3 8.26373 125.48959 1.011 419074 421374 1069
500_RD_223 5 8.26348 125.49108 1.024 416806 421788 1069
500_RD_223 7 8.26367 125.49081 1.025 420513 425632 1069
500_RD_223 9 8.26368 125.49005 0.984 424680 421346 1069
500_RD_223 11 8.26373 125.49052 0.992 428719 427100 1069
500_RD_223 13 8.26373 125.49044 1.025 420691 425982 1069
500_RD_223 15 8.26353 125.48962 1.125 426615 451643 1069
500_RD_223 17 8.26366 125.49041 0.803 450262 401131 1069
500_RD_223 2 8.61161 120.77788 1.000 185345 185384 1071
500_RD_223 4 8.61179 120.77901 0.995 186084 185629 1071
500_RD_223 6 8.61164 120.77569 0.976 188324 186037 1071
500_RD_223 8 8.61141 120.77911 0.998 187414 187252 1071
500_RD_223 10 8.61187 120.77920 1.024 184878 187062 1071
500_RD_223 12 8.61148 120.77816 0.964 187829 184400 1071
500_RD_223 14 8.61150 120.77887 0.995 188574 188090 1071
500_RD_223 16 8.61161 120.77729 0.987 198480 197226 1071
500_RD_223 1 8.68241 120.54468 8.413 176942 316290 1072
500_RD_223 3 8.68287 120.54499 1.003 317787 318319 1072
500_RD_223 5 8.68298 120.54414 1.012 317999 319850 1072
500_RD_223 7 8.68300 120.54507 0.999 320033 319861 1072
500_RD_223 9 8.68320 120.54432 0.983 321606 318798 1072
500_RD_223 11 8.68283 120.54451 0.988 321981 319985 1072
500_RD_223 13 8.68277 120.54532 1.014 317528 319729 1072
500_RD_223 15 8.68270 120.54502 1.085 318995 332004 1072
500_RD_223 17 8.68285 120.54461 0.842 330126 301817 1072
500_RD_223 2 8.26039 132.70758 0.986 175690 174458 1073
500_RD_223 4 8.26071 132.70712 0.985 176517 175196 1073
500_RD_223 6 8.26018 132.70794 1.005 176716 177156 1073
500_RD_223 8 8.26105 132.70558 0.998 177955 177776 1073
500_RD_223 10 8.26028 132.70812 1.012 177103 178160 1073
500_RD_223 12 8.26054 132.70608 0.985 179981 178579 1073
500_RD_223 14 8.26053 132.70809 0.999 180295 180231 1073
500_RD_223 16 8.26091 132.70668 1.001 188513 188649 1073
500_RD_223 1 8.84856 124.85714 1.333 168410 192442 1077
500_RD_223 3 8.84803 124.85944 0.984 192087 190504 1077
500_RD_223 5 8.84873 124.85736 1.020 191968 193829 1077
500_RD_223 7 8.84795 124.85824 1.064 189537 195395 1077
500_RD_223 9 8.84795 124.85861 0.961 194571 190651 1077
500_RD_223 11 8.84832 124.85877 1.009 195243 196131 1077
500_RD_223 13 8.84803 124.85695 1.059 190807 196315 1077
500_RD_223 15 8.84786 124.85744 1.093 193971 202559 1077
500_RD_223 17 8.84817 124.85796 0.804 205321 183019 1077
500_RD_223 2 8.50504 116.03623 1.005 202597 203095 1078
500_RD_223 4 8.50478 116.03704 1.045 199364 203772 1078
500_RD_223 6 8.50504 116.03623 0.951 203882 198763 1078
500_RD_223 8 8.50487 116.03572 1.003 204183 204500 1078
500_RD_223 10 8.50503 116.03685 1.024 199980 202384 1078
500_RD_223 12 8.50504 116.03623 0.962 203028 199145 1078
500_RD_223 14 8.50504 116.03623 0.981 202237 200254 1078
500_RD_223 16 8.50490 116.03604 0.988 212949 211680 1078
500_RD_223 1 8.40387 123.57354 -8.361 191283 434538 1079
500_RD_223 3 8.40375 123.57349 1.007 436449 437904 1079
500_RD_223 5 8.40400 123.57288 0.998 436279 435904 1079
500_RD_223 7 8.40385 123.57327 1.003 437828 438403 1079
500_RD_223 9 8.40390 123.57337 0.998 440266 439916 1079
500_RD_223 11 8.40383 123.57373 0.996 439825 438931 1079
500_RD_223 13 8.40388 123.57356 1.000 440552 440646 1079
500_RD_223 15 8.40387 123.57343 1.097 439928 460298 1079
500_RD_223 17 8.40390 123.57342 0.827 458412 415063 1079
500_RD_223 2 8.51695 129.39895 1.010 156464 157256 1080
500_RD_223 4 8.51669 129.39893 0.965 158240 155434 1080
500_RD_223 6 8.51668 129.39717 1.038 157443 160399 1080
500_RD_223 8 8.51669 129.39929 1.005 159446 159849 1080
500_RD_223 10 8.51706 129.39850 1.022 158732 160446 1080
500_RD_223 12 8.51677 129.39868 0.980 160444 158856 1080
500_RD_223 14 8.51696 129.40028 0.990 160421 159605 1080
500_RD_223 16 8.51675 129.39839 0.998 167597 167445 1080
500_RD_223 1 8.47419 116.88879 -1.480 150475 928073 1081
500_RD_223 3 8.47441 116.88865 1.002 926701 927489 1081
500_RD_223 5 8.47436 116.88872 1.006 925645 928479 1081
500_RD_223 7 8.47433 116.88809 1.007 930497 933835 1081
500_RD_223 9 8.47426 116.88844 0.994 932587 929792 1081
500_RD_223 11 8.47430 116.88813 0.993 929549 926374 1081
500_RD_223 13 8.47430 116.88873 0.998 927457 926632 1081
500_RD_223 15 8.47423 116.88774 1.089 921656 960842 1081
500_RD_223 17 8.47433 116.88842 0.839 961419 877472 1081
500_RD_223 2 7.76624 107.81295 1.004 360221 361023 1082
500_RD_223 4 7.76670 107.81228 1.005 358580 359423 1082
500_RD_223 6 7.76595 107.81410 1.007 360827 362117 1082
500_RD_223 8 7.76620 107.81302 0.993 361178 359893 1082
500_RD_223 10 7.76621 107.81272 0.983 357572 354461 1082
500_RD_223 12 7.76647 107.81215 1.037 351858 358190 1082
500_RD_223 14 7.76636 107.81175 0.978 352008 348098 1082
500_RD_223 16 7.76701 107.81301 0.984 373058 369965 1082
500_RD_223 1 8.35217 118.64792 -4.948 338145 847606 1083
500_RD_223 3 8.35215 118.64765 1.014 848547 854258 1083
500_RD_223 5 8.35223 118.64784 1.004 848975 850610 1083
500_RD_223 7 8.35218 118.64742 1.007 853942 857002 1083
500_RD_223 9 8.35223 118.64726 0.991 858151 854428 1083
500_RD_223 11 8.35220 118.64767 0.992 854338 851040 1083
500_RD_223 13 8.35219 118.64808 0.993 855575 852677 1083
500_RD_223 15 8.35209 118.64705 1.108 846605 889924 1083
500_RD_223 17 8.35218 118.64762 0.833 887671 806550 1083
500_RD_223 2 7.38667 121.37160 1.004 686449 687907 1084
500_RD_223 4 7.38666 121.37163 0.976 694509 685949 1084
500_RD_223 6 7.38664 121.37136 1.005 690581 692147 1084
500_RD_223 8 7.38671 121.37141 1.013 689671 694030 1084
500_RD_223 10 7.38664 121.37173 1.010 691150 694599 1084
500_RD_223 12 7.38666 121.37095 1.012 690168 694346 1084
500_RD_223 14 7.38673 121.37113 1.002 688853 689568 1084
500_RD_223 16 7.38667 121.37145 1.009 716735 719981 1084
500_RD_223 1 8.71259 124.19219 0.172 653332 191770 1086
500_RD_223 3 8.71381 124.19118 0.995 192230 191745 1086
500_RD_223 5 8.71277 124.19083 1.025 191653 193986 1086
500_RD_223 7 8.71254 124.19206 0.996 194417 194068 1086
500_RD_223 9 8.71305 124.19167 0.957 196921 192610 1086
500_RD_223 11 8.71244 124.19346 1.016 193685 195221 1086
500_RD_223 13 8.71305 124.19143 1.037 192029 195475 1086
500_RD_223 15 8.71243 124.19210 1.113 193583 203975 1086
500_RD_223 17 8.71269 124.19182 0.803 205951 183489 1086
500_RD_223 2 8.20574 117.10080 1.009 176341 177104 1090
500_RD_223 4 8.20570 117.10131 0.992 177180 176458 1090
500_RD_223 6 8.20594 117.10071 0.996 176104 175774 1090
500_RD_223 8 8.20560 117.10023 1.014 178437 179679 1090
500_RD_223 10 8.20599 117.10028 0.986 177723 176474 1090
500_RD_223 12 8.20592 117.10120 1.002 177385 177602 1090
500_RD_223 14 8.20591 117.10097 1.003 175988 176216 1090
500_RD_223 16 8.20594 117.10069 0.999 179420 179364 1090
500_RD_223 1 9.76595 130.07119 0.112 166897 33634 1961
500_RD_223 3 9.76586 130.07534 1.018 32434 32726 1961
500_RD_223 5 9.76509 130.07427 1.059 32220 33148 1961
500_RD_223 7 9.76503 130.07163 0.999 32309 32299 1961
500_RD_223 9 9.76526 130.07669 1.023 32921 33296 1961
500_RD_223 11 9.76602 130.07482 1.030 32987 33473 1961
500_RD_223 13 9.76542 130.07733 0.957 32520 31800 1961
500_RD_223 15 9.76484 130.07179 1.043 32408 33090 1961
500_RD_223 17 9.76543 130.07401 0.795 34956 30954 1961
500_RD_223 2 8.28790 111.84726 1.041 47767 48727 2031
500_RD_223 4 8.28792 111.84239 0.909 49910 47524 2031
500_RD_223 6 8.28792 111.84239 0.888 49159 46242 2031
500_RD_223 8 8.28806 111.84263 0.959 48899 47865 2031
500_RD_223 10 8.28792 111.84239 0.969 48295 47526 2031
500_RD_223 12 8.28792 111.84239 0.975 47440 46844 2031
500_RD_223 14 8.28792 111.84239 0.932 47704 46015 2031
500_RD_223 16 8.28792 111.84239 1.053 48993 50263 2031
500_RD_223 1 8.27875 110.21353 1.557 45245 55103 2033
500_RD_223 3 8.27953 110.20979 0.904 56561 53718 2033
500_RD_223 5 8.27904 110.21618 0.966 55254 54298 2033
500_RD_223 7 8.27924 110.21196 1.090 53316 55618 2033
500_RD_223 9 8.27937 110.21243 0.980 54738 54179 2033
500_RD_223 11 8.27918 110.21223 0.913 55151 52633 2033
500_RD_223 13 8.27894 110.21088 0.984 54531 54078 2033
500_RD_223 15 8.27922 110.21121 1.098 54923 57497 2033
500_RD_223 17 8.27904 110.21187 0.860 55823 51613 2033
500_RD_223 2 8.32100 111.08373 0.981 43547 43135 2043
500_RD_223 4 8.32072 111.08116 1.013 44619 44908 2043
500_RD_223 6 8.32080 111.07870 1.093 43664 45598 2043
500_RD_223 8 8.31994 111.08378 0.946 44557 43321 2043
500_RD_223 10 8.32110 111.08227 1.022 43513 43988 2043
500_RD_223 12 8.32045 111.08155 1.035 44151 44914 2043
500_RD_223 14 8.31989 111.08226 0.945 42755 41554 2043
500_RD_223 16 8.32069 111.07736 0.992 44553 44372 2043
500_RD_223 1 8.22752 108.98373 0.932 41362 39909 2045
500_RD_223 3 8.22824 108.98559 1.020 41397 41807 2045
500_RD_223 5 8.22772 108.98313 1.031 40604 41230 2045
500_RD_223 7 8.22812 108.98586 1.088 39825 41509 2045
500_RD_223 9 8.22788 108.98582 1.041 40486 41305 2045
500_RD_223 11 8.22805 108.98200 0.920 42274 40510 2045
500_RD_223 13 8.22786 108.98412 0.987 40786 40521 2045
500_RD_223 15 8.22773 108.98083 0.799 43059 38257 2045
500_RD_223 17 8.22794 108.98333 0.830 42542 38589 2045
500_RD_223 2 8.14979 111.30419 1.040 34269 34941 2055
500_RD_223 4 8.14935 111.30397 0.925 34762 33415 2055
500_RD_223 6 8.14939 111.30085 0.978 34543 34163 2055
500_RD_223 8 8.14933 111.30359 1.224 32511 35780 2055
500_RD_223 10 8.14945 111.30121 1.072 33108 34262 2055
500_RD_223 12 8.15008 111.30154 1.002 33681 33716 2055
500_RD_223 14 8.14924 111.30083 0.978 33277 32914 2055
500_RD_223 16 8.14936 111.30647 0.942 35800 34734 2055
500_RD_223 1 9.99366 128.96304 193.018 32110 63889 2070
500_RD_223 3 9.99335 128.96293 1.026 65191 66037 2070
500_RD_223 5 9.99318 128.96179 1.008 65620 65887 2070
500_RD_223 7 9.99365 128.96180 1.007 66331 66550 2070
500_RD_223 9 9.99343 128.96399 1.026 67169 68034 2070
500_RD_223 11 9.99364 128.96563 0.964 68088 66844 2070
500_RD_223 13 9.99364 128.96311 1.036 66466 67656 2070
500_RD_223 15 9.99344 128.95878 1.099 66058 69162 2070
500_RD_223 17 9.99366 128.96304 0.812 70170 62891 2070
500_RD_223 2 8.19313 120.78176 0.999 226675 226532 2076
500_RD_223 4 8.19336 120.78214 0.999 226248 226145 2076
500_RD_223 6 8.19321 120.78186 1.005 224494 225042 2076
500_RD_223 8 8.19326 120.78132 1.002 226339 226573 2076
500_RD_223 10 8.19317 120.78201 1.022 226145 228643 2076
500_RD_223 12 8.19315 120.78098 0.999 225753 225673 2076
500_RD_223 14 8.19326 120.78107 0.977 226287 223628 2076
500_RD_223 16 8.19312 120.78129 1.024 226717 229451 2076
500_RD_223 1 8.21385 127.02479 1.046 212961 217719 2077
500_RD_223 3 8.21390 127.02370 1.046 218992 223946 2077
500_RD_223 5 8.21393 127.02409 1.022 219912 222257 2077
500_RD_223 7 8.21396 127.02431 0.977 223688 221061 2077
500_RD_223 9 8.21389 127.02419 0.984 222916 221148 2077
500_RD_223 11 8.21401 127.02486 0.989 223640 222408 2077
500_RD_223 13 8.21391 127.02393 0.991 223503 222544 2077
500_RD_223 15 8.21392 127.02385 1.016 223754 225515 2077
500_RD_223 17 8.21392 127.02436 0.871 224751 209280 2077
500_RD_223 2 7.94874 119.90816 0.988 154723 153817 2078
500_RD_223 4 7.94866 119.90790 0.967 155784 153169 2078
500_RD_223 6 7.94889 119.90727 1.032 153621 156018 2078
500_RD_223 8 7.94874 119.90697 0.972 158159 155952 2078
500_RD_223 10 7.94866 119.90794 1.016 154578 155774 2078
500_RD_223 12 7.94866 119.90790 1.000 155950 155938 2078
500_RD_223 14 7.94866 119.90689 1.031 152591 154943 2078
500_RD_223 16 7.94866 119.90790 1.046 155221 158716 2078
500_RD_223 1 8.24611 121.90038 1.892 146174 191268 2081
500_RD_223 3 8.24623 121.90054 1.022 190411 192500 2081
500_RD_223 5 8.24636 121.90118 1.010 189011 189921 2081
500_RD_223 7 8.24612 121.89971 0.986 190650 189305 2081
500_RD_223 9 8.24618 121.90029 1.022 189314 191349 2081
500_RD_223 11 8.24610 121.90055 1.015 190650 192101 2081
500_RD_223 13 8.24636 121.90066 0.987 191954 190666 2081
500_RD_223 15 8.24636 121.90066 1.012 190512 191605 2081
500_RD_223 17 8.24636 121.90066 0.865 193758 179704 2081
500_RD_223 2 7.86421 114.95098 1.006 176943 177491 2082
500_RD_223 4 7.86382 114.94946 1.006 175942 176498 2082
500_RD_223 6 7.86425 114.95033 1.000 176098 176134 2082
500_RD_223 8 7.86387 114.94888 0.999 176776 176687 2082
500_RD_223 10 7.86425 114.95021 1.018 177022 178629 2082
500_RD_223 12 7.86392 114.94947 1.021 173772 175587 2082
500_RD_223 14 7.86415 114.94959 1.009 175170 175961 2082
500_RD_223 16 7.86420 114.94945 0.979 180107 178218 2082
500_RD_223 1 8.24818 121.49433 0.907 166296 158219 2083
500_RD_223 3 8.24853 121.49394 1.031 158074 160521 2083
500_RD_223 5 8.24833 121.49515 1.037 158959 161864 2083
500_RD_223 7 8.24803 121.49394 0.980 160607 159000 2083
500_RD_223 9 8.24834 121.49500 1.041 158252 161467 2083
500_RD_223 11 8.24872 121.49426 0.993 161873 161342 2083
500_RD_223 13 8.24763 121.49446 1.001 159891 159990 2083
500_RD_223 15 8.24822 121.49497 1.043 158601 161947 2083
500_RD_223 17 8.24822 121.49434 0.882 160716 150666 2083
500_RD_223 2 7.85343 122.98703 1.000 173126 173137 2084
500_RD_223 4 7.85342 122.98745 0.972 175929 173474 2084
500_RD_223 6 7.85349 122.98624 1.029 173390 175909 2084
500_RD_223 8 7.85361 122.98886 0.997 176046 175743 2084
500_RD_223 10 7.85355 122.98853 1.018 174890 176492 2084
500_RD_223 12 7.85295 122.98651 0.954 177314 173154 2084
500_RD_223 14 7.85366 122.98786 1.000 176198 176213 2084
500_RD_223 16 7.85332 122.98507 0.969 179878 177045 2084
500_RD_223 1 8.03009 126.91409 0.270 165173 70152 2094
500_RD_223 3 8.02998 126.91440 0.991 70919 70613 2094
500_RD_223 5 8.03001 126.91391 1.039 70029 71380 2094
500_RD_223 7 8.03009 126.91557 0.984 71882 71320 2094
500_RD_223 9 8.02968 126.91322 0.957 72567 70991 2094
500_RD_223 11 8.02960 126.91303 1.002 71393 71465 2094
500_RD_223 13 8.02981 126.91461 1.070 70403 72771 2094
500_RD_223 15 8.02905 126.91233 0.999 71916 71874 2094
500_RD_223 17 8.02966 126.91333 0.848 73237 67230 2094
500_RD_223 2 8.20362 127.79317 1.003 91573 91717 2095
500_RD_223 4 8.20365 127.79261 0.978 93683 92646 2095
500_RD_223 6 8.20382 127.79209 1.014 91933 92558 2095
500_RD_223 8 8.20385 127.79171 1.028 91579 92852 2095
500_RD_223 10 8.20377 127.79254 0.958 93007 91019 2095
500_RD_223 12 8.20377 127.79197 0.974 93503 92295 2095
500_RD_223 14 8.20381 127.79305 0.976 93623 92498 2095
500_RD_223 16 8.20358 127.79291 0.981 93209 92295 2095
500_RD_223 1 7.88016 129.36048 -4.097 87058 230335 2098
500_RD_223 3 7.88015 129.35944 1.035 231595 235609 2098
500_RD_223 5 7.87995 129.36121 1.017 233118 235130 2098
500_RD_223 7 7.88025 129.36068 0.971 238270 234773 2098
500_RD_223 9 7.88024 129.35954 1.005 237054 237624 2098
500_RD_223 11 7.88021 129.36055 0.996 238388 237965 2098
500_RD_223 13 7.88016 129.36048 1.007 236549 237361 2098
500_RD_223 15 7.88020 129.35890 0.993 239401 238585 2098
500_RD_223 17 7.88016 129.36048 0.875 238311 222357 2098
500_RD_223 2 9.81001 130.47476 0.941 51506 49928 2347
500_RD_223 4 9.80895 130.47512 0.935 51262 49528 2347
500_RD_223 6 9.80940 130.47045 1.107 49747 52265 2347
500_RD_223 8 9.80895 130.47512 0.973 51778 51057 2347
500_RD_223 10 9.80852 130.47611 0.948 50993 49627 2347
500_RD_223 12 9.80853 130.47526 0.987 51767 51427 2347
500_RD_223 14 9.80895 130.47512 0.997 51871 51798 2347
500_RD_223 16 9.80895 130.47512 0.871 58619 54575 2347
500_RD_223 1 8.62804 129.96356 -12.520 48691 105835 3020
500_RD_223 3 8.62804 129.96079 1.012 108098 108730 3020
500_RD_223 5 8.62789 129.96437 1.005 107312 107590 3020
500_RD_223 7 8.62812 129.96350 1.004 107132 107368 3020
500_RD_223 9 8.62811 129.96192 0.957 109421 107006 3020
500_RD_223 11 8.62799 129.96190 1.006 109551 109858 3020
500_RD_223 13 8.62762 129.96173 1.005 108785 109075 3020
500_RD_223 15 8.62795 129.96275 1.136 107811 114691 3020
500_RD_223 17 8.62794 129.96269 0.804 115034 102547 3020
500_RD_223 2 9.00117 125.66123 0.993 135650 135186 3030
500_RD_223 4 9.00265 125.66158 0.958 138200 135243 3030
500_RD_223 6 9.00266 125.66068 1.010 136015 136688 3030
500_RD_223 8 9.00212 125.66203 1.009 136938 137545 3030
500_RD_223 10 9.00223 125.66064 1.022 137558 139026 3030
500_RD_223 12 9.00136 125.65817 0.981 138029 136675 3030
500_RD_223 14 9.00160 125.66082 0.990 137565 136867 3030
500_RD_223 16 9.00203 125.65981 0.989 145530 144743 3030
500_RD_223 1 7.64875 118.54343 -3.715 129851 355349 3032
500_RD_223 3 7.64875 118.54343 1.006 353694 354802 3032
500_RD_223 5 7.64875 118.54343 1.013 354302 356576 3032
500_RD_223 7 7.64875 118.54343 1.024 352024 356235 3032
500_RD_223 9 7.64875 118.54343 0.983 356715 353597 3032
500_RD_223 11 7.64875 118.54343 1.001 355499 355665 3032
500_RD_223 13 7.64875 118.54343 0.996 356140 355391 3032
500_RD_223 15 7.64875 118.54343 1.102 353186 370273 3032
500_RD_223 17 7.64875 118.54343 0.830 370257 335865 3032
500_RD_223 2 8.19215 119.23688 1.005 292145 292927 3034
500_RD_223 4 8.19200 119.23739 0.996 294418 293840 3034
500_RD_223 6 8.19196 119.23630 0.985 296642 294451 3034
500_RD_223 8 8.19197 119.23668 1.004 294952 295590 3034
500_RD_223 10 8.19207 119.23630 1.002 296035 296259 3034
500_RD_223 12 8.19205 119.23734 1.001 295258 295414 3034
500_RD_223 14 8.19212 119.23757 0.980 295623 292624 3034
500_RD_223 16 8.19214 119.23617 1.008 310661 311970 3034
500_RD_223 1 6.98306 119.04932 0.131 279342 64649 3035
500_RD_223 3 6.98298 119.05033 0.940 64143 62163 3035
500_RD_223 5 6.98219 119.05258 1.000 63434 63435 3035
500_RD_223 7 6.98228 119.04836 1.110 61213 64391 3035
500_RD_223 9 6.98251 119.05028 0.968 64314 63258 3035
500_RD_223 11 6.98323 119.04974 1.000 63786 63794 3035
500_RD_223 13 6.98316 119.05113 1.016 63094 63604 3035
500_RD_223 15 6.98282 119.04849 1.168 62755 67618 3035
500_RD_223 17 6.98266 119.05004 0.841 65758 60083 3035
500_RD_223 2 8.85075 130.97587 0.965 66768 65588 3036
500_RD_223 4 8.85097 130.97458 1.006 65784 65986 3036
500_RD_223 6 8.85145 130.97153 0.976 67080 66276 3036
500_RD_223 8 8.85056 130.97697 1.040 65838 67128 3036
500_RD_223 10 8.85127 130.97859 1.032 64787 65812 3036
500_RD_223 12 8.85122 130.97362 0.974 68491 67588 3036
500_RD_223 14 8.85082 130.97286 0.988 67611 67186 3036
500_RD_223 16 8.85107 130.97464 0.975 72531 71625 3036
500_RD_223 1 8.87275 121.10228 3.520 63299 98590 3040
500_RD_223 3 8.87239 121.10039 0.974 99339 98021 3040
500_RD_223 5 8.87249 121.10016 0.996 98227 98018 3040
500_RD_223 7 8.87234 121.09934 1.031 97644 99111 3040
500_RD_223 9 8.87273 121.09977 1.040 97578 99490 3040
500_RD_223 11 8.87239 121.09903 1.006 99776 100081 3040
500_RD_223 13 8.87272 121.09922 1.003 98471 98641 3040
500_RD_223 15 8.87259 121.10052 1.151 98894 105827 3040
500_RD_223 17 8.87244 121.09983 0.776 107382 93829 3040
500_RD_223 2 8.45381 108.36740 0.984 173579 172162 3041
500_RD_223 4 8.45408 108.36740 1.002 173178 173341 3041
500_RD_223 6 8.45452 108.36855 0.981 173547 171846 3041
500_RD_223 8 8.45395 108.36774 0.981 172690 171022 3041
500_RD_223 10 8.45423 108.36774 0.970 174067 171389 3041
500_RD_223 12 8.45437 108.36710 1.025 169259 171321 3041
500_RD_223 14 8.45443 108.36780 0.988 168319 167339 3041
500_RD_223 16 8.45437 108.36776 0.989 184143 183080 3041
500_RD_223 1 8.41784 110.25112 0.795 162958 144326 3043
500_RD_223 3 8.41804 110.25052 0.969 146088 143760 3043
500_RD_223 5 8.41838 110.25323 1.016 142672 143783 3043
500_RD_223 7 8.41751 110.25149 1.011 143403 144194 3043
500_RD_223 9 8.41790 110.25129 0.968 144379 142009 3043
500_RD_223 11 8.41819 110.25142 0.961 144149 141269 3043
500_RD_223 13 8.41802 110.25176 0.992 143435 142829 3043
500_RD_223 15 8.41784 110.25095 1.206 140835 153985 3043
500_RD_223 17 8.41790 110.25129 0.782 155255 136257 3043
500_RD_223 2 7.96001 127.22081 1.023 184024 186103 3044
500_RD_223 4 7.95989 127.22132 0.977 185436 183320 3044
500_RD_223 6 7.95986 127.21932 0.995 187432 186999 3044
500_RD_223 8 7.95982 127.21989 1.005 186395 186841 3044
500_RD_223 10 7.96001 127.22111 1.064 184675 190367 3044
500_RD_223 12 7.95968 127.22173 0.941 189969 184210 3044
500_RD_223 14 7.96003 127.22099 0.983 190984 189395 3044
500_RD_223 16 7.95992 127.22035 1.008 198714 199538 3044
500_RD_223 1 9.43171 116.20769 0.383 177318 98215 3045
500_RD_223 3 9.43171 116.20769 1.003 97715 97869 3045
500_RD_223 5 9.43171 116.20769 1.043 96993 99029 3045
500_RD_223 7 9.43171 116.20769 1.029 97070 98460 3045
500_RD_223 9 9.43171 116.20769 0.974 98980 97658 3045
500_RD_223 11 9.43171 116.20769 1.011 97616 98129 3045
500_RD_223 13 9.43171 116.20769 0.975 97650 96427 3045
500_RD_223 15 9.43171 116.20769 1.211 96488 105697 3045
500_RD_223 17 9.43171 116.20769 0.819 103023 92766 3045
500_RD_223 2 8.31507 128.00967 1.020 123092 124291 3051
500_RD_223 4 8.31500 128.01021 0.899 129044 122210 3051
500_RD_223 6 8.31509 128.00956 1.037 125383 127673 3051
500_RD_223 8 8.31489 128.01018 0.971 126311 124440 3051
500_RD_223 10 8.31485 128.01111 1.012 126316 127064 3051
500_RD_223 12 8.31500 128.00811 1.004 126706 126949 3051
500_RD_223 14 8.31546 128.01059 1.000 128053 128067 3051
500_RD_223 16 8.31525 128.00875 0.970 129614 127634 3051
500_RD_223 1 7.69401 119.22905 0.939 118991 115223 3056
500_RD_223 3 7.69344 119.23343 1.017 114417 115354 3056
500_RD_223 5 7.69435 119.22891 1.029 115683 117316 3056
500_RD_223 7 7.69404 119.22999 1.055 112783 115806 3056
500_RD_223 9 7.69413 119.22786 0.987 114554 113813 3056
500_RD_223 11 7.69434 119.22879 0.955 117217 114546 3056
500_RD_223 13 7.69408 119.22718 1.067 112265 115912 3056
500_RD_223 15 7.69437 119.22802 1.161 114823 123362 3056
500_RD_223 17 7.69404 119.22921 0.801 122689 109163 3056
500_RD_223 2 8.67747 123.92635 1.010 107839 108349 3057
500_RD_223 4 8.67741 123.92657 1.009 108515 109025 3057
500_RD_223 6 8.67731 123.92336 1.030 107422 109034 3057
500_RD_223 8 8.67771 123.93051 1.030 108770 110383 3057
500_RD_223 10 8.67739 123.92851 1.033 107679 109417 3057
500_RD_223 12 8.67821 123.92264 0.997 109802 109635 3057
500_RD_223 14 8.67760 123.92639 0.995 109246 108986 3057
500_RD_223 16 8.67743 123.92499 1.023 118426 119776 3057
500_RD_223 1 8.31654 133.14056 0.331 103665 51579 3073
500_RD_223 3 8.31727 133.14142 0.997 53134 53066 3073
500_RD_223 5 8.31682 133.14121 0.961 53598 52525 3073
500_RD_223 7 8.31698 133.13872 1.034 53405 54291 3073
500_RD_223 9 8.31769 133.13838 1.082 51283 53309 3073
500_RD_223 11 8.31767 133.13916 1.012 53384 53713 3073
500_RD_223 13 8.31737 133.14273 0.991 53625 53372 3073
500_RD_223 15 8.31669 133.13430 1.257 52306 58264 3073
500_RD_223 17 8.31722 133.13974 0.768 58152 50530 3073
500_RD_223 2 8.30606 127.57370 0.998 259819 259606 3077
500_RD_223 4 8.30599 127.57357 0.979 261423 258666 3077
500_RD_223 6 8.30609 127.57404 1.022 261822 264680 3077
500_RD_223 8 8.30603 127.57428 1.027 261664 265102 3077
500_RD_223 10 8.30592 127.57429 1.010 263333 264596 3077
500_RD_223 12 8.30592 127.57389 0.982 265453 263003 3077
500_RD_223 14 8.30606 127.57327 0.983 264711 262463 3077
500_RD_223 16 8.30598 127.57282 1.004 269348 269875 3077
500_RD_223 1 8.50443 115.64089 0.252 247974 99869 3078
500_RD_223 3 8.50465 115.64054 0.973 100536 99148 3078
500_RD_223 5 8.50476 115.64101 1.025 100652 101879 3078
500_RD_223 7 8.50476 115.64101 1.020 99951 100919 3078
500_RD_223 9 8.50476 115.64101 0.941 101775 98670 3078
500_RD_223 11 8.50484 115.64262 1.005 100157 100430 3078
500_RD_223 13 8.50488 115.64160 0.985 101933 101144 3078
500_RD_223 15 8.50316 115.64158 1.112 100887 106254 3078
500_RD_223 17 8.50476 115.64101 0.791 108064 95427 3078
500_RD_223 2 8.37645 129.92807 1.005 103223 103495 3080
500_RD_223 4 8.37597 129.92958 0.954 103855 101405 3080
500_RD_223 6 8.37663 129.92692 1.065 100411 103554 3080
500_RD_223 8 8.37696 129.93040 1.039 101242 103181 3080
500_RD_223 10 8.37616 129.92780 1.029 102104 103583 3080
500_RD_223 12 8.37687 129.92830 0.982 104361 103390 3080
500_RD_223 14 8.37643 129.93061 1.016 103442 104267 3080
500_RD_223 16 8.37649 129.92794 1.012 111562 112230 3080
500_RD_223 1 7.72050 107.66789 1.131 97959 103975 3082
500_RD_223 3 7.72050 107.66789 0.954 103436 101005 3082
500_RD_223 5 7.72050 107.66789 0.967 103848 102129 3082
500_RD_223 7 7.72050 107.66789 1.037 101263 103108 3082
500_RD_223 9 7.72050 107.66789 1.016 102051 102866 3082
500_RD_223 11 7.72050 107.66789 0.960 102380 100293 3082
500_RD_223 13 7.72050 107.66789 1.000 101468 101446 3082
500_RD_223 15 7.72050 107.66789 1.190 99157 107779 3082
500_RD_223 17 7.72050 107.66789 0.792 109515 96807 3082
500_RD_223 2 8.63408 122.16626 1.000 190817 190806 4038
500_RD_223 4 8.63424 122.16658 1.015 188146 189583 4038
500_RD_223 6 8.63451 122.16487 0.967 191367 188166 4038
500_RD_223 8 8.63454 122.16803 1.023 191390 193604 4038
500_RD_223 10 8.63428 122.16781 1.047 188120 192461 4038
500_RD_223 12 8.63443 122.16654 0.962 191450 187726 4038
500_RD_223 14 8.63425 122.16746 1.011 192415 193450 4038
500_RD_223 16 8.63427 122.16930 0.995 202554 202033 4038
500_RD_223 1 8.77246 119.92236 0.340 180829 91855 4049
500_RD_223 3 8.77186 119.92198 1.018 92464 93272 4049
500_RD_223 5 8.77244 119.92254 1.047 90922 93000 4049
500_RD_223 7 8.77223 119.92398 1.019 92337 93216 4049
500_RD_223 9 8.77190 119.91992 0.911 95520 91096 4049
500_RD_223 11 8.77225 119.92263 1.004 92000 92179 4049
500_RD_223 13 8.77227 119.92272 1.021 91994 92949 4049
500_RD_223 15 8.77210 119.92203 1.129 91031 96557 4049
500_RD_223 17 8.77221 119.92205 0.832 96253 87450 4049
500_RD_223 2 9.09399 123.99651 1.006 55620 55773 4059
500_RD_223 4 9.09312 123.99404 0.983 55765 55273 4059
500_RD_223 6 9.09572 123.99737 1.047 53952 55191 4059
500_RD_223 8 9.09472 123.99336 1.024 55354 56002 4059
500_RD_223 10 9.09418 123.99693 0.934 56719 54798 4059
500_RD_223 12 9.09407 123.99723 0.995 56399 56245 4059
500_RD_223 14 9.09397 124.00067 0.965 56232 55223 4059
500_RD_223 16 9.09325 123.99617 0.994 59484 59316 4059
500_RD_223 1 8.73429 121.06743 -2.687 52785 168166 4071
500_RD_223 3 8.73423 121.06816 0.981 167454 165826 4071
500_RD_223 5 8.73442 121.06775 1.000 167705 167725 4071
500_RD_223 7 8.73419 121.06891 1.039 165416 168612 4071
500_RD_223 9 8.73442 121.06775 0.958 170171 166528 4071
500_RD_223 11 8.73442 121.06775 0.963 169619 166447 4071
500_RD_223 13 8.73430 121.06763 1.011 167782 168718 4071
500_RD_223 15 8.73446 121.06679 1.089 167791 174934 4071
500_RD_223 17 8.73442 121.06775 0.825 175616 158736 4071
500_RD_223 2 7.78865 120.80958 0.990 96111 95629 4080
500_RD_223 4 7.78887 120.80916 1.008 94711 95097 4080
500_RD_223 6 7.78840 120.81056 0.963 95813 94031 4080
500_RD_223 8 7.78850 120.81173 1.030 95205 96620 4080
500_RD_223 10 7.78945 120.81021 1.064 93764 96658 4080
500_RD_223 12 7.78830 120.80930 0.973 95825 94500 4080
500_RD_223 14 7.78863 120.80768 0.948 97241 94669 4080
500_RD_223 16 7.78830 120.80930 0.978 102114 100999 4080
