x
500_RD_223 8.02000 117.40474 1 230165 1014
500_RD_223 8.01973 117.40353 2 231912 1014
500_RD_223 8.01989 117.40249 3 224498 1014
500_RD_223 8.01990 117.40439 4 232163 1014
500_RD_223 8.01999 117.40361 5 229281 1014
500_RD_223 8.01996 117.40360 6 223718 1014
500_RD_223 8.01995 117.40336 7 228164 1014
500_RD_223 8.02007 117.40453 8 229757 1014
500_RD_223 8.01990 117.40217 9 226740 1014
500_RD_223 8.01986 117.40281 10 230368 1014
500_RD_223 8.02006 117.40349 11 230621 1014
500_RD_223 8.02013 117.40385 12 225051 1014
500_RD_223 8.01993 117.40305 13 229890 1014
500_RD_223 8.02012 117.40412 14 229426 1014
500_RD_223 8.02004 117.40353 15 243759 1014
500_RD_223 8.02009 117.40308 16 241514 1014
500_RD_223 8.01997 117.40352 17 216884 1014
500_RD_223 8.42667 129.79149 1 409028 1020
500_RD_223 8.42662 129.79204 2 408664 1020
500_RD_223 8.42656 129.79133 3 417918 1020
500_RD_223 8.42667 129.79166 4 409479 1020
500_RD_223 8.42671 129.79111 5 412038 1020
500_RD_223 8.42670 129.79093 6 417119 1020
500_RD_223 8.42671 129.79154 7 414318 1020
500_RD_223 8.42665 129.79191 8 419224 1020
500_RD_223 8.42677 129.79130 9 414587 1020
500_RD_223 8.42667 129.79172 10 417889 1020
500_RD_223 8.42664 129.79059 11 423055 1020
500_RD_223 8.42674 129.79118 12 417569 1020
500_RD_223 8.42667 129.79165 13 418716 1020
500_RD_223 8.42670 129.79192 14 419511 1020
500_RD_223 8.42667 129.79215 15 437591 1020
500_RD_223 8.42663 129.79098 16 438256 1020
500_RD_223 8.42667 129.79147 17 393821 1020
500_RD_223 7.18775 121.75601 1 175048 1029
500_RD_223 7.18779 121.75457 2 173267 1029
500_RD_223 7.18780 121.75442 3 172425 1029
500_RD_223 7.18780 121.75442 4 173329 1029
500_RD_223 7.18812 121.75576 5 175847 1029
500_RD_223 7.18780 121.75442 6 174469 1029
500_RD_223 7.18780 121.75517 7 172872 1029
500_RD_223 7.18802 121.75490 8 177309 1029
500_RD_223 7.18753 121.75711 9 174813 1029
500_RD_223 7.18780 121.75442 10 174400 1029
500_RD_223 7.18780 121.75442 11 175489 1029
500_RD_223 7.18780 121.75442 12 172517 1029
500_RD_223 7.18780 121.75442 13 176400 1029
500_RD_223 7.18761 121.75442 14 175051 1029
500_RD_223 7.18780 121.75442 15 181737 1029
500_RD_223 7.18780 121.75442 16 178822 1029
500_RD_223 7.18780 121.75442 17 164929 1029
500_RD_223 8.90915 125.39238 1 198224 1030
500_RD_223 8.90886 125.39199 2 198317 1030
500_RD_223 8.90899 125.39266 3 198578 1030
500_RD_223 8.90960 125.39224 4 198713 1030
500_RD_223 8.90916 125.39225 5 198732 1030
500_RD_223 8.90925 125.39264 6 198980 1030
500_RD_223 8.90919 125.39279 7 201765 1030
500_RD_223 8.90926 125.39356 8 204114 1030
500_RD_223 8.90882 125.39136 9 197782 1030
500_RD_223 8.90924 125.39313 10 202773 1030
500_RD_223 8.90920 125.39230 11 201809 1030
500_RD_223 8.90934 125.39184 12 199678 1030
500_RD_223 8.90981 125.39240 13 201515 1030
500_RD_223 8.90913 125.39143 14 201137 1030
500_RD_223 8.90976 125.39111 15 208156 1030
500_RD_223 8.90896 125.39195 16 210316 1030
500_RD_223 8.90922 125.39226 17 189446 1030
500_RD_223 9.13999 112.39971 1 692563 1031
500_RD_223 9.13998 112.39897 2 692974 1031
500_RD_223 9.13987 112.39927 3 689237 1031
500_RD_223 9.13981 112.39924 4 687726 1031
500_RD_223 9.14001 112.39950 5 691836 1031
500_RD_223 9.13995 112.39920 6 691984 1031
500_RD_223 9.13987 112.39900 7 693839 1031
500_RD_223 9.13987 112.39927 8 688991 1031
500_RD_223 9.13995 112.39962 9 692563 1031
500_RD_223 9.14005 112.39938 10 687576 1031
500_RD_223 9.13976 112.39914 11 681174 1031
500_RD_223 9.13985 112.39984 12 693712 1031
500_RD_223 9.13994 112.39892 13 683042 1031
500_RD_223 9.13989 112.39903 14 680437 1031
500_RD_223 9.13978 112.39874 15 714669 1031
500_RD_223 9.13987 112.39927 16 714450 1031
500_RD_223 9.13987 112.39927 17 651575 1031
500_RD_223 7.65275 118.70699 1 501306 1032
500_RD_223 7.65293 118.70778 2 500259 1032
500_RD_223 7.65280 118.70711 3 498797 1032
500_RD_223 7.65270 118.70673 4 498637 1032
500_RD_223 7.65287 118.70684 5 503872 1032
500_RD_223 7.65282 118.70750 6 499096 1032
500_RD_223 7.65276 118.70684 7 502763 1032
500_RD_223 7.65275 118.70840 8 502072 1032
500_RD_223 7.65277 118.70758 9 500926 1032
500_RD_223 7.65285 118.70787 10 504217 1032
500_RD_223 7.65285 118.70680 11 500366 1032
500_RD_223 7.65286 118.70582 12 499636 1032
500_RD_223 7.65274 118.70631 13 500832 1032
500_RD_223 7.65278 118.70683 14 499978 1032
500_RD_223 7.65267 118.70692 15 519170 1032
500_RD_223 7.65261 118.70604 16 516144 1032
500_RD_223 7.65278 118.70702 17 473416 1032
500_RD_223 8.91161 110.28168 1 749741 1033
500_RD_223 8.91155 110.28127 2 747463 1033
500_RD_223 8.91163 110.28159 3 747200 1033
500_RD_223 8.91172 110.28188 4 753369 1033
500_RD_223 8.91171 110.28149 5 750031 1033
500_RD_223 8.91159 110.28142 6 749324 1033
500_RD_223 8.91163 110.28202 7 749423 1033
500_RD_223 8.91166 110.28200 8 748496 1033
500_RD_223 8.91163 110.28168 9 750416 1033
500_RD_223 8.91155 110.28133 10 741875 1033
500_RD_223 8.91160 110.28109 11 735086 1033
500_RD_223 8.91156 110.28155 12 750730 1033
500_RD_223 8.91164 110.28176 13 738517 1033
500_RD_223 8.91164 110.28171 14 734955 1033
500_RD_223 8.91155 110.28104 15 774302 1033
500_RD_223 8.91160 110.28098 16 776664 1033
500_RD_223 8.91162 110.28153 17 705741 1033
500_RD_223 8.23130 119.20630 1 976795 1034
500_RD_223 8.23132 119.20638 2 977695 1034
500_RD_223 8.23134 119.20604 3 983846 1034
500_RD_223 8.23143 119.20628 4 977907 1034
500_RD_223 8.23138 119.20645 5 980039 1034
500_RD_223 8.23141 119.20636 6 980871 1034
500_RD_223 8.23138 119.20603 7 984825 1034
500_RD_223 8.23138 119.20617 8 982097 1034
500_RD_223 8.23139 119.20617 9 980715 1034
500_RD_223 8.23144 119.20644 10 983833 1034
500_RD_223 8.23139 119.20635 11 982169 1034
500_RD_223 8.23132 119.20592 12 985420 1034
500_RD_223 8.23138 119.20601 13 979312 1034
500_RD_223 8.23147 119.20663 14 976081 1034
500_RD_223 8.23133 119.20631 15 1012280 1034
500_RD_223 8.23139 119.20579 16 1012980 1034
500_RD_223 8.23138 119.20623 17 926874 1034
500_RD_223 7.04356 119.30476 1 101835 1035
500_RD_223 7.04341 119.30442 2 101286 1035
500_RD_223 7.04403 119.30500 3 105828 1035
500_RD_223 7.04257 119.30572 4 103534 1035
500_RD_223 7.04308 119.30432 5 103541 1035
500_RD_223 7.04280 119.30443 6 102731 1035
500_RD_223 7.04264 119.30391 7 104231 1035
500_RD_223 7.04298 119.30480 8 104274 1035
500_RD_223 7.04355 119.30589 9 102762 1035
500_RD_223 7.04387 119.30467 10 104291 1035
500_RD_223 7.04315 119.30588 11 104096 1035
500_RD_223 7.04335 119.30401 12 101392 1035
500_RD_223 7.04385 119.30307 13 102230 1035
500_RD_223 7.04225 119.30495 14 103129 1035
500_RD_223 7.04286 119.30620 15 107863 1035
500_RD_223 7.04372 119.30538 16 109389 1035
500_RD_223 7.04324 119.30485 17 97789 1035
500_RD_223 8.93685 131.02963 1 366021 1036
500_RD_223 8.93693 131.02988 2 363256 1036
500_RD_223 8.93680 131.02951 3 373567 1036
500_RD_223 8.93686 131.02966 4 362023 1036
500_RD_223 8.93684 131.03001 5 363434 1036
500_RD_223 8.93693 131.02811 6 372132 1036
500_RD_223 8.93706 131.02938 7 366654 1036
500_RD_223 8.93703 131.02903 8 369661 1036
500_RD_223 8.93683 131.02894 9 371795 1036
500_RD_223 8.93687 131.02958 10 370970 1036
500_RD_223 8.93681 131.02941 11 371708 1036
500_RD_223 8.93678 131.02913 12 370262 1036
500_RD_223 8.93682 131.02940 13 370913 1036
500_RD_223 8.93673 131.02850 14 374289 1036
500_RD_223 8.93691 131.02942 15 386610 1036
500_RD_223 8.93699 131.02843 16 386443 1036
500_RD_223 8.93688 131.02924 17 349396 1036
500_RD_223 8.83538 128.31911 1 191301 1037
500_RD_223 8.83556 128.31904 2 191573 1037
500_RD_223 8.83551 128.31956 3 191509 1037
500_RD_223 8.83548 128.32140 4 190659 1037
500_RD_223 8.83546 128.32124 5 192306 1037
500_RD_223 8.83563 128.31940 6 191593 1037
500_RD_223 8.83548 128.32091 7 193245 1037
500_RD_223 8.83548 128.32111 8 193543 1037
500_RD_223 8.83562 128.31836 9 190041 1037
500_RD_223 8.83541 128.32097 10 194647 1037
500_RD_223 8.83529 128.32023 11 194421 1037
500_RD_223 8.83532 128.32031 12 191477 1037
500_RD_223 8.83565 128.31925 13 194472 1037
500_RD_223 8.83566 128.32207 14 196779 1037
500_RD_223 8.83535 128.32054 15 204567 1037
500_RD_223 8.83528 128.32011 16 203511 1037
500_RD_223 8.83547 128.32024 17 182685 1037
500_RD_223 8.49085 122.64202 1 171047 1038
500_RD_223 8.49100 122.64056 2 171502 1038
500_RD_223 8.49094 122.64258 3 169788 1038
500_RD_223 8.49087 122.64248 4 171297 1038
500_RD_223 8.49094 122.64173 5 172400 1038
500_RD_223 8.49089 122.64182 6 168939 1038
500_RD_223 8.49124 122.64206 7 173059 1038
500_RD_223 8.49089 122.64182 8 174003 1038
500_RD_223 8.49107 122.64164 9 168628 1038
500_RD_223 8.49074 122.64089 10 174947 1038
500_RD_223 8.49088 122.64137 11 174518 1038
500_RD_223 8.49086 122.64296 12 167977 1038
500_RD_223 8.49096 122.64120 13 174530 1038
500_RD_223 8.49054 122.64094 14 171862 1038
500_RD_223 8.49072 122.64146 15 180978 1038
500_RD_223 8.49090 122.64030 16 181032 1038
500_RD_223 8.49089 122.64182 17 162736 1038
500_RD_223 8.34932 108.21037 1 453470 1041
500_RD_223 8.34940 108.21065 2 456541 1041
500_RD_223 8.34915 108.21111 3 451716 1041
500_RD_223 8.34928 108.21027 4 455926 1041
500_RD_223 8.34933 108.21053 5 455206 1041
500_RD_223 8.34929 108.21124 6 450476 1041
500_RD_223 8.34930 108.21070 7 451659 1041
500_RD_223 8.34941 108.21008 8 452516 1041
500_RD_223 8.34925 108.21108 9 451682 1041
500_RD_223 8.34928 108.20990 10 449136 1041
500_RD_223 8.34914 108.21048 11 443210 1041
500_RD_223 8.34922 108.21070 12 452740 1041
500_RD_223 8.34934 108.21092 13 444632 1041
500_RD_223 8.34926 108.21009 14 442327 1041
500_RD_223 8.34903 108.21118 15 466615 1041
500_RD_223 8.34900 108.21126 16 468317 1041
500_RD_223 8.34925 108.21066 17 426245 1041
500_RD_223 8.04403 122.32210 1 149554 1042
500_RD_223 8.04403 122.32213 2 149609 1042
500_RD_223 8.04379 122.32286 3 147132 1042
500_RD_223 8.04367 122.32352 4 148642 1042
500_RD_223 8.04367 122.32114 5 149421 1042
500_RD_223 8.04410 122.32293 6 147197 1042
500_RD_223 8.04374 122.32205 7 151253 1042
500_RD_223 8.04375 122.32183 8 149829 1042
500_RD_223 8.04371 122.32130 9 148654 1042
500_RD_223 8.04419 122.32166 10 150844 1042
500_RD_223 8.04420 122.32238 11 150174 1042
500_RD_223 8.04371 122.32129 12 148105 1042
500_RD_223 8.04449 122.32112 13 151690 1042
500_RD_223 8.04380 122.32183 14 151369 1042
500_RD_223 8.04392 122.32276 15 158796 1042
500_RD_223 8.04400 122.32218 16 160131 1042
500_RD_223 8.04393 122.32207 17 141906 1042
500_RD_223 8.41757 110.73890 1 406577 1043
500_RD_223 8.41753 110.73926 2 405866 1043
500_RD_223 8.41746 110.73969 3 401457 1043
500_RD_223 8.41764 110.73983 4 406400 1043
500_RD_223 8.41748 110.73930 5 406506 1043
500_RD_223 8.41741 110.73917 6 402352 1043
500_RD_223 8.41755 110.73896 7 407712 1043
500_RD_223 8.41749 110.73925 8 404362 1043
500_RD_223 8.41766 110.73829 9 405061 1043
500_RD_223 8.41748 110.73876 10 400890 1043
500_RD_223 8.41761 110.73898 11 402099 1043
500_RD_223 8.41755 110.73889 12 402980 1043
500_RD_223 8.41742 110.73803 13 399827 1043
500_RD_223 8.41746 110.73906 14 395888 1043
500_RD_223 8.41756 110.73901 15 421621 1043
500_RD_223 8.41741 110.73940 16 421431 1043
500_RD_223 8.41752 110.73905 17 381825 1043
500_RD_223 8.01240 127.65714 1 522053 1044
500_RD_223 8.01244 127.65694 2 523751 1044
500_RD_223 8.01248 127.65589 3 531384 1044
500_RD_223 8.01245 127.65693 4 522654 1044
500_RD_223 8.01253 127.65679 5 528405 1044
500_RD_223 8.01246 127.65626 6 531329 1044
500_RD_223 8.01239 127.65685 7 532068 1044
500_RD_223 8.01258 127.65714 8 539263 1044
500_RD_223 8.01250 127.65653 9 529786 1044
500_RD_223 8.01244 127.65675 10 536705 1044
500_RD_223 8.01249 127.65691 11 537302 1044
500_RD_223 8.01244 127.65657 12 529326 1044
500_RD_223 8.01247 127.65688 13 538626 1044
500_RD_223 8.01245 127.65728 14 534678 1044
500_RD_223 8.01248 127.65667 15 551319 1044
500_RD_223 8.01241 127.65672 16 549050 1044
500_RD_223 8.01246 127.65677 17 502218 1044
500_RD_223 9.47224 116.31642 1 350124 1045
500_RD_223 9.47229 116.31719 2 351077 1045
500_RD_223 9.47232 116.31649 3 350909 1045
500_RD_223 9.47232 116.31643 4 350773 1045
500_RD_223 9.47241 116.31664 5 351892 1045
500_RD_223 9.47274 116.31675 6 352851 1045
500_RD_223 9.47224 116.31668 7 352816 1045
500_RD_223 9.47245 116.31692 8 354125 1045
500_RD_223 9.47236 116.31695 9 350031 1045
500_RD_223 9.47243 116.31714 10 352034 1045
500_RD_223 9.47228 116.31708 11 350359 1045
500_RD_223 9.47253 116.31655 12 351407 1045
500_RD_223 9.47240 116.31689 13 349189 1045
500_RD_223 9.47230 116.31678 14 347730 1045
500_RD_223 9.47221 116.31674 15 363156 1045
500_RD_223 9.47246 116.31708 16 368200 1045
500_RD_223 9.47238 116.31680 17 332157 1045
500_RD_223 7.13673 111.19338 1 333487 1046
500_RD_223 7.13652 111.19377 2 335596 1046
500_RD_223 7.13653 111.19230 3 332997 1046
500_RD_223 7.13665 111.19301 4 332652 1046
500_RD_223 7.13661 111.19286 5 334107 1046
500_RD_223 7.13677 111.19397 6 330780 1046
500_RD_223 7.13665 111.19260 7 333831 1046
500_RD_223 7.13670 111.19321 8 331793 1046
500_RD_223 7.13648 111.19267 9 331238 1046
500_RD_223 7.13675 111.19220 10 333905 1046
500_RD_223 7.13683 111.19251 11 328870 1046
500_RD_223 7.13644 111.19400 12 331917 1046
500_RD_223 7.13640 111.19279 13 328191 1046
500_RD_223 7.13670 111.19309 14 327017 1046
500_RD_223 7.13632 111.19316 15 345725 1046
500_RD_223 7.13662 111.19170 16 346992 1046
500_RD_223 7.13660 111.19295 17 314065 1046
500_RD_223 7.52047 115.86525 1 150271 1048
500_RD_223 7.52004 115.86557 2 149448 1048
500_RD_223 7.52068 115.86489 3 149843 1048
500_RD_223 7.52070 115.86553 4 148752 1048
500_RD_223 7.52049 115.86343 5 150289 1048
500_RD_223 7.52065 115.86564 6 148094 1048
500_RD_223 7.52054 115.86527 7 151577 1048
500_RD_223 7.52090 115.86414 8 150299 1048
500_RD_223 7.52098 115.86786 9 148965 1048
500_RD_223 7.52080 115.86548 10 148755 1048
500_RD_223 7.52065 115.86668 11 148422 1048
500_RD_223 7.52067 115.86542 12 148811 1048
500_RD_223 7.52057 115.86637 13 148655 1048
500_RD_223 7.52059 115.86387 14 147923 1048
500_RD_223 7.52072 115.86507 15 155466 1048
500_RD_223 7.52072 115.86542 16 155002 1048
500_RD_223 7.52064 115.86536 17 141210 1048
500_RD_223 8.73951 120.22268 1 162161 1049
500_RD_223 8.73994 120.22437 2 161800 1049
500_RD_223 8.73951 120.22458 3 161652 1049
500_RD_223 8.73977 120.22310 4 161398 1049
500_RD_223 8.73963 120.22310 5 160837 1049
500_RD_223 8.73960 120.22357 6 160389 1049
500_RD_223 8.73977 120.22164 7 162808 1049
500_RD_223 8.73993 120.22389 8 162193 1049
500_RD_223 8.73979 120.22269 9 160734 1049
500_RD_223 8.73974 120.22209 10 162837 1049
500_RD_223 8.73967 120.22421 11 163006 1049
500_RD_223 8.73968 120.22115 12 162286 1049
500_RD_223 8.73951 120.22262 13 161684 1049
500_RD_223 8.73963 120.22310 14 161379 1049
500_RD_223 8.73963 120.22310 15 168156 1049
500_RD_223 8.73983 120.22368 16 167835 1049
500_RD_223 8.73963 120.22310 17 153009 1049
500_RD_223 8.67812 124.86838 1 231025 1050
500_RD_223 8.67817 124.86840 2 232911 1050
500_RD_223 8.67825 124.86799 3 229738 1050
500_RD_223 8.67828 124.86903 4 230397 1050
500_RD_223 8.67821 124.86944 5 232601 1050
500_RD_223 8.67848 124.86913 6 232391 1050
500_RD_223 8.67812 124.86907 7 233959 1050
500_RD_223 8.67828 124.86900 8 236431 1050
500_RD_223 8.67835 124.86939 9 231307 1050
500_RD_223 8.67830 124.86910 10 233695 1050
500_RD_223 8.67818 124.86751 11 236516 1050
500_RD_223 8.67804 124.86954 12 230559 1050
500_RD_223 8.67822 124.86942 13 234852 1050
500_RD_223 8.67825 124.86905 14 234716 1050
500_RD_223 8.67784 124.86774 15 243523 1050
500_RD_223 8.67798 124.86827 16 247008 1050
500_RD_223 8.67819 124.86878 17 220684 1050
500_RD_223 8.93919 127.25219 1 656166 1052
500_RD_223 8.93901 127.25197 2 659019 1052
500_RD_223 8.93916 127.25120 3 666646 1052
500_RD_223 8.93914 127.25171 4 659699 1052
500_RD_223 8.93918 127.25201 5 663766 1052
500_RD_223 8.93912 127.25131 6 668245 1052
500_RD_223 8.93911 127.25159 7 664517 1052
500_RD_223 8.93915 127.25158 8 671798 1052
500_RD_223 8.93922 127.25132 9 665337 1052
500_RD_223 8.93918 127.25212 10 668593 1052
500_RD_223 8.93917 127.25189 11 670213 1052
500_RD_223 8.93912 127.25121 12 667792 1052
500_RD_223 8.93911 127.25152 13 669133 1052
500_RD_223 8.93919 127.25149 14 669898 1052
500_RD_223 8.93902 127.25052 15 699445 1052
500_RD_223 8.93903 127.25121 16 704388 1052
500_RD_223 8.93913 127.25154 17 630862 1052
500_RD_223 8.17490 120.25964 1 381901 1053
500_RD_223 8.17489 120.26009 2 382308 1053
500_RD_223 8.17485 120.26027 3 379404 1053
500_RD_223 8.17497 120.26026 4 383716 1053
500_RD_223 8.17488 120.25975 5 382927 1053
500_RD_223 8.17493 120.25948 6 379114 1053
500_RD_223 8.17494 120.26018 7 383494 1053
500_RD_223 8.17493 120.25943 8 384254 1053
500_RD_223 8.17490 120.25972 9 378833 1053
500_RD_223 8.17496 120.26022 10 385898 1053
500_RD_223 8.17491 120.25900 11 382240 1053
500_RD_223 8.17496 120.25975 12 377754 1053
500_RD_223 8.17494 120.26046 13 385580 1053
500_RD_223 8.17486 120.25978 14 381683 1053
500_RD_223 8.17483 120.25803 15 395658 1053
500_RD_223 8.17485 120.25994 16 398813 1053
500_RD_223 8.17491 120.25975 17 361387 1053
500_RD_223 8.06052 114.66611 1 334161 1054
500_RD_223 8.06067 114.66739 2 333529 1054
500_RD_223 8.06043 114.66708 3 331797 1054
500_RD_223 8.06052 114.66692 4 333012 1054
500_RD_223 8.06078 114.66724 5 331771 1054
500_RD_223 8.06042 114.66763 6 330651 1054
500_RD_223 8.06034 114.66743 7 333863 1054
500_RD_223 8.06030 114.66685 8 334449 1054
500_RD_223 8.06047 114.66673 9 331017 1054
500_RD_223 8.06053 114.66672 10 333889 1054
500_RD_223 8.06040 114.66705 11 331438 1054
500_RD_223 8.06067 114.66621 12 329353 1054
500_RD_223 8.06060 114.66683 13 330875 1054
500_RD_223 8.06059 114.66692 14 327923 1054
500_RD_223 8.06066 114.66709 15 345890 1054
500_RD_223 8.06052 114.66629 16 346860 1054
500_RD_223 8.06052 114.66690 17 314146 1054
500_RD_223 8.39636 111.06356 1 268856 1055
500_RD_223 8.39633 111.06358 2 269571 1055
500_RD_223 8.39642 111.06441 3 264987 1055
500_RD_223 8.39637 111.06543 4 269379 1055
500_RD_223 8.39651 111.06504 5 270948 1055
500_RD_223 8.39649 111.06503 6 264729 1055
500_RD_223 8.39638 111.06533 7 270055 1055
500_RD_223 8.39644 111.06498 8 269506 1055
500_RD_223 8.39658 111.06492 9 265167 1055
500_RD_223 8.39674 111.06493 10 265583 1055
500_RD_223 8.39670 111.06486 11 265845 1055
500_RD_223 8.39630 111.06535 12 264042 1055
500_RD_223 8.39640 111.06495 13 265347 1055
500_RD_223 8.39650 111.06493 14 262039 1055
500_RD_223 8.39638 111.06488 15 281193 1055
500_RD_223 8.39635 111.06367 16 280051 1055
500_RD_223 8.39645 111.06474 17 252782 1055
500_RD_223 7.78725 119.57918 1 272914 1056
500_RD_223 7.78749 119.57973 2 274583 1056
500_RD_223 7.78723 119.58122 3 273557 1056
500_RD_223 7.78726 119.58118 4 276374 1056
500_RD_223 7.78731 119.58036 5 277164 1056
500_RD_223 7.78753 119.57920 6 273012 1056
500_RD_223 7.78728 119.58111 7 276445 1056
500_RD_223 7.78727 119.58063 8 277721 1056
500_RD_223 7.78733 119.58071 9 272864 1056
500_RD_223 7.78730 119.57979 10 276222 1056
500_RD_223 7.78710 119.58081 11 277342 1056
500_RD_223 7.78727 119.57865 12 275203 1056
500_RD_223 7.78739 119.58072 13 277719 1056
500_RD_223 7.78733 119.57996 14 275754 1056
500_RD_223 7.78714 119.57943 15 290386 1056
500_RD_223 7.78731 119.57947 16 290035 1056
500_RD_223 7.78730 119.58013 17 261017 1056
500_RD_223 8.98527 124.18189 1 164093 1059
500_RD_223 8.98555 124.18247 2 166980 1059
500_RD_223 8.98698 124.18271 3 167203 1059
500_RD_223 8.98562 124.18180 4 165515 1059
500_RD_223 8.98570 124.18217 5 164849 1059
500_RD_223 8.98587 124.18136 6 166770 1059
500_RD_223 8.98508 124.18208 7 167220 1059
500_RD_223 8.98702 124.18103 8 170118 1059
500_RD_223 8.98606 124.18136 9 165854 1059
500_RD_223 8.98638 124.18094 10 168594 1059
500_RD_223 8.98593 124.18233 11 168843 1059
500_RD_223 8.98627 124.18178 12 169030 1059
500_RD_223 8.98508 124.18149 13 166174 1059
500_RD_223 8.98578 124.18150 14 167884 1059
500_RD_223 8.98609 124.18069 15 173442 1059
500_RD_223 8.98562 124.18126 16 176333 1059
500_RD_223 8.98591 124.18167 17 158171 1059
500_RD_223 7.85449 116.29870 1 281261 1062
500_RD_223 7.85455 116.29992 2 282681 1062
500_RD_223 7.85452 116.29860 3 278238 1062
500_RD_223 7.85447 116.29887 4 279492 1062
500_RD_223 7.85458 116.29917 5 280513 1062
500_RD_223 7.85454 116.29920 6 277607 1062
500_RD_223 7.85450 116.29941 7 279272 1062
500_RD_223 7.85462 116.30006 8 280685 1062
500_RD_223 7.85441 116.29858 9 278936 1062
500_RD_223 7.85446 116.29954 10 280762 1062
500_RD_223 7.85453 116.29834 11 280515 1062
500_RD_223 7.85469 116.29882 12 277629 1062
500_RD_223 7.85448 116.29926 13 281809 1062
500_RD_223 7.85450 116.29851 14 276256 1062
500_RD_223 7.85440 116.29900 15 296257 1062
500_RD_223 7.85443 116.30056 16 295283 1062
500_RD_223 7.85451 116.29917 17 265129 1062
500_RD_223 8.09068 118.31330 1 219022 1066
500_RD_223 8.09090 118.31222 2 218376 1066
500_RD_223 8.09045 118.31254 3 218543 1066
500_RD_223 8.09077 118.31238 4 220335 1066
500_RD_223 8.09037 118.31378 5 218946 1066
500_RD_223 8.09102 118.31238 6 217925 1066
500_RD_223 8.09051 118.31300 7 220630 1066
500_RD_223 8.09082 118.31355 8 222711 1066
500_RD_223 8.09088 118.31204 9 218847 1066
500_RD_223 8.09131 118.31289 10 222468 1066
500_RD_223 8.09075 118.31281 11 219731 1066
500_RD_223 8.09075 118.31174 12 220602 1066
500_RD_223 8.09068 118.31278 13 218754 1066
500_RD_223 8.09095 118.31340 14 220122 1066
500_RD_223 8.09068 118.31278 15 229633 1066
500_RD_223 8.09023 118.31358 16 228783 1066
500_RD_223 8.09068 118.31278 17 207966 1066
500_RD_223 8.26363 125.49000 1 417005 1069
500_RD_223 8.26375 125.49100 2 419074 1069
500_RD_223 8.26373 125.48959 3 421374 1069
500_RD_223 8.26374 125.49035 4 416806 1069
500_RD_223 8.26348 125.49108 5 421788 1069
500_RD_223 8.26371 125.49045 6 420513 1069
500_RD_223 8.26367 125.49081 7 425632 1069
500_RD_223 8.26359 125.49127 8 424680 1069
500_RD_223 8.26368 125.49005 9 421346 1069
500_RD_223 8.26366 125.49042 10 428719 1069
500_RD_223 8.26373 125.49052 11 427100 1069
500_RD_223 8.26365 125.49101 12 420691 1069
500_RD_223 8.26373 125.49044 13 425982 1069
500_RD_223 8.26381 125.49048 14 426615 1069
500_RD_223 8.26353 125.48962 15 451643 1069
500_RD_223 8.26356 125.48962 16 450262 1069
500_RD_223 8.26366 125.49041 17 401131 1069
500_RD_223 8.61226 120.77752 1 185345 1071
500_RD_223 8.61161 120.77788 2 185384 1071
500_RD_223 8.61141 120.77648 3 186084 1071
500_RD_223 8.61179 120.77901 4 185629 1071
500_RD_223 8.61116 120.77816 5 188324 1071
500_RD_223 8.61164 120.77569 6 186037 1071
500_RD_223 8.61149 120.77845 7 187414 1071
500_RD_223 8.61141 120.77911 8 187252 1071
500_RD_223 8.61164 120.77619 9 184878 1071
500_RD_223 8.61187 120.77920 10 187062 1071
500_RD_223 8.61156 120.77755 11 187829 1071
500_RD_223 8.61148 120.77816 12 184400 1071
500_RD_223 8.61131 120.77856 13 188574 1071
500_RD_223 8.61150 120.77887 14 188090 1071
500_RD_223 8.61110 120.77743 15 198480 1071
500_RD_223 8.61161 120.77729 16 197226 1071
500_RD_223 8.61154 120.77784 17 176942 1071
500_RD_223 8.68241 120.54468 1 316290 1072
500_RD_223 8.68298 120.54434 2 317787 1072
500_RD_223 8.68287 120.54499 3 318319 1072
500_RD_223 8.68267 120.54529 4 317999 1072
500_RD_223 8.68298 120.54414 5 319850 1072
500_RD_223 8.68283 120.54347 6 320033 1072
500_RD_223 8.68300 120.54507 7 319861 1072
500_RD_223 8.68278 120.54462 8 321606 1072
500_RD_223 8.68320 120.54432 9 318798 1072
500_RD_223 8.68286 120.54464 10 321981 1072
500_RD_223 8.68283 120.54451 11 319985 1072
500_RD_223 8.68283 120.54472 12 317528 1072
500_RD_223 8.68277 120.54532 13 319729 1072
500_RD_223 8.68310 120.54383 14 318995 1072
500_RD_223 8.68270 120.54502 15 332004 1072
500_RD_223 8.68282 120.54481 16 330126 1072
500_RD_223 8.68285 120.54461 17 301817 1072
500_RD_223 8.26054 132.70745 1 175690 1073
500_RD_223 8.26039 132.70758 2 174458 1073
500_RD_223 8.26071 132.70712 3 176517 1073
500_RD_223 8.26071 132.70712 4 175196 1073
500_RD_223 8.26034 132.70615 5 176716 1073
500_RD_223 8.26018 132.70794 6 177156 1073
500_RD_223 8.26064 132.70628 7 177955 1073
500_RD_223 8.26105 132.70558 8 177776 1073
500_RD_223 8.26104 132.70650 9 177103 1073
500_RD_223 8.26028 132.70812 10 178160 1073
500_RD_223 8.26022 132.70790 11 179981 1073
500_RD_223 8.26054 132.70608 12 178579 1073
500_RD_223 8.26064 132.70805 13 180295 1073
500_RD_223 8.26053 132.70809 14 180231 1073
500_RD_223 8.26071 132.70712 15 188513 1073
500_RD_223 8.26091 132.70668 16 188649 1073
500_RD_223 8.26071 132.70712 17 168410 1073
500_RD_223 8.84856 124.85714 1 192442 1077
500_RD_223 8.84821 124.85922 2 192087 1077
500_RD_223 8.84803 124.85944 3 190504 1077
500_RD_223 8.84767 124.85766 4 191968 1077
500_RD_223 8.84873 124.85736 5 193829 1077
500_RD_223 8.84791 124.85727 6 189537 1077
500_RD_223 8.84795 124.85824 7 195395 1077
500_RD_223 8.84828 124.85774 8 194571 1077
500_RD_223 8.84795 124.85861 9 190651 1077
500_RD_223 8.84869 124.85749 10 195243 1077
500_RD_223 8.84832 124.85877 11 196131 1077
500_RD_223 8.84825 124.85664 12 190807 1077
500_RD_223 8.84803 124.85695 13 196315 1077
500_RD_223 8.84786 124.85821 14 193971 1077
500_RD_223 8.84786 124.85744 15 202559 1077
500_RD_223 8.84823 124.85922 16 205321 1077
500_RD_223 8.84817 124.85796 17 183019 1077
500_RD_223 8.50504 116.03623 1 202597 1078
500_RD_223 8.50504 116.03623 2 203095 1078
500_RD_223 8.50462 116.03613 3 199364 1078
500_RD_223 8.50478 116.03704 4 203772 1078
500_RD_223 8.50504 116.03623 5 203882 1078
500_RD_223 8.50504 116.03623 6 198763 1078
500_RD_223 8.50504 116.03623 7 204183 1078
500_RD_223 8.50487 116.03572 8 204500 1078
500_RD_223 8.50504 116.03623 9 199980 1078
500_RD_223 8.50503 116.03685 10 202384 1078
500_RD_223 8.50504 116.03623 11 203028 1078
500_RD_223 8.50504 116.03623 12 199145 1078
500_RD_223 8.50471 116.03523 13 202237 1078
500_RD_223 8.50504 116.03623 14 200254 1078
500_RD_223 8.50455 116.03634 15 212949 1078
500_RD_223 8.50490 116.03604 16 211680 1078
500_RD_223 8.50504 116.03623 17 191283 1078
500_RD_223 8.40387 123.57354 1 434538 1079
500_RD_223 8.40391 123.57362 2 436449 1079
500_RD_223 8.40375 123.57349 3 437904 1079
500_RD_223 8.40395 123.57398 4 436279 1079
500_RD_223 8.40400 123.57288 5 435904 1079
500_RD_223 8.40390 123.57345 6 437828 1079
500_RD_223 8.40385 123.57327 7 438403 1079
500_RD_223 8.40398 123.57344 8 440266 1079
500_RD_223 8.40390 123.57337 9 439916 1079
500_RD_223 8.40387 123.57310 10 439825 1079
500_RD_223 8.40383 123.57373 11 438931 1079
500_RD_223 8.40382 123.57348 12 440552 1079
500_RD_223 8.40388 123.57356 13 440646 1079
500_RD_223 8.40397 123.57297 14 439928 1079
500_RD_223 8.40387 123.57343 15 460298 1079
500_RD_223 8.40407 123.57338 16 458412 1079
500_RD_223 8.40390 123.57342 17 415063 1079
500_RD_223 8.51669 129.39906 1 156464 1080
500_RD_223 8.51695 129.39895 2 157256 1080
500_RD_223 8.51689 129.39961 3 158240 1080
500_RD_223 8.51669 129.39893 4 155434 1080
500_RD_223 8.51690 129.39932 5 157443 1080
500_RD_223 8.51668 129.39717 6 160399 1080
500_RD_223 8.51661 129.39790 7 159446 1080
500_RD_223 8.51669 129.39929 8 159849 1080
500_RD_223 8.51667 129.39727 9 158732 1080
500_RD_223 8.51706 129.39850 10 160446 1080
500_RD_223 8.51690 129.39759 11 160444 1080
500_RD_223 8.51677 129.39868 12 158856 1080
500_RD_223 8.51686 129.39806 13 160421 1080
500_RD_223 8.51696 129.40028 14 159605 1080
500_RD_223 8.51670 129.39680 15 167597 1080
500_RD_223 8.51675 129.39839 16 167445 1080
500_RD_223 8.51680 129.39847 17 150475 1080
500_RD_223 8.47419 116.88879 1 928073 1081
500_RD_223 8.47437 116.88827 2 926701 1081
500_RD_223 8.47441 116.88865 3 927489 1081
500_RD_223 8.47438 116.88864 4 925645 1081
500_RD_223 8.47436 116.88872 5 928479 1081
500_RD_223 8.47437 116.88787 6 930497 1081
500_RD_223 8.47433 116.88809 7 933835 1081
500_RD_223 8.47443 116.88851 8 932587 1081
500_RD_223 8.47426 116.88844 9 929792 1081
500_RD_223 8.47434 116.88887 10 929549 1081
500_RD_223 8.47430 116.88813 11 926374 1081
500_RD_223 8.47438 116.88879 12 927457 1081
500_RD_223 8.47430 116.88873 13 926632 1081
500_RD_223 8.47435 116.88874 14 921656 1081
500_RD_223 8.47423 116.88774 15 960842 1081
500_RD_223 8.47425 116.88775 16 961419 1081
500_RD_223 8.47433 116.88842 17 877472 1081
500_RD_223 7.76642 107.81277 1 360221 1082
500_RD_223 7.76624 107.81295 2 361023 1082
500_RD_223 7.76632 107.81354 3 358580 1082
500_RD_223 7.76670 107.81228 4 359423 1082
500_RD_223 7.76656 107.81263 5 360827 1082
500_RD_223 7.76595 107.81410 6 362117 1082
500_RD_223 7.76634 107.81220 7 361178 1082
500_RD_223 7.76620 107.81302 8 359893 1082
500_RD_223 7.76628 107.81158 9 357572 1082
500_RD_223 7.76621 107.81272 10 354461 1082
500_RD_223 7.76596 107.81155 11 351858 1082
500_RD_223 7.76647 107.81215 12 358190 1082
500_RD_223 7.76629 107.81203 13 352008 1082
500_RD_223 7.76636 107.81175 14 348098 1082
500_RD_223 7.76621 107.81366 15 373058 1082
500_RD_223 7.76701 107.81301 16 369965 1082
500_RD_223 7.76634 107.81263 17 338145 1082
500_RD_223 8.35217 118.64792 1 847606 1083
500_RD_223 8.35218 118.64770 2 848547 1083
500_RD_223 8.35215 118.64765 3 854258 1083
500_RD_223 8.35215 118.64770 4 848975 1083
500_RD_223 8.35223 118.64784 5 850610 1083
500_RD_223 8.35212 118.64757 6 853942 1083
500_RD_223 8.35218 118.64742 7 857002 1083
500_RD_223 8.35230 118.64808 8 858151 1083
500_RD_223 8.35223 118.64726 9 854428 1083
500_RD_223 8.35226 118.64754 10 854338 1083
500_RD_223 8.35220 118.64767 11 851040 1083
500_RD_223 8.35218 118.64739 12 855575 1083
500_RD_223 8.35219 118.64808 13 852677 1083
500_RD_223 8.35230 118.64753 14 846605 1083
500_RD_223 8.35209 118.64705 15 889924 1083
500_RD_223 8.35203 118.64754 16 887671 1083
500_RD_223 8.35218 118.64762 17 806550 1083
500_RD_223 7.38665 121.37135 1 686449 1084
500_RD_223 7.38667 121.37160 2 687907 1084
500_RD_223 7.38660 121.37152 3 694509 1084
500_RD_223 7.38666 121.37163 4 685949 1084
500_RD_223 7.38672 121.37170 5 690581 1084
500_RD_223 7.38664 121.37136 6 692147 1084
500_RD_223 7.38674 121.37133 7 689671 1084
500_RD_223 7.38671 121.37141 8 694030 1084
500_RD_223 7.38669 121.37100 9 691150 1084
500_RD_223 7.38664 121.37173 10 694599 1084
500_RD_223 7.38675 121.37171 11 690168 1084
500_RD_223 7.38666 121.37095 12 694346 1084
500_RD_223 7.38671 121.37159 13 688853 1084
500_RD_223 7.38673 121.37113 14 689568 1084
500_RD_223 7.38668 121.37142 15 716735 1084
500_RD_223 7.38667 121.37145 16 719981 1084
500_RD_223 7.38668 121.37143 17 653332 1084
500_RD_223 8.71259 124.19219 1 191770 1086
500_RD_223 8.71298 124.19211 2 192230 1086
500_RD_223 8.71381 124.19118 3 191745 1086
500_RD_223 8.71277 124.19206 4 191653 1086
500_RD_223 8.71277 124.19083 5 193986 1086
500_RD_223 8.71275 124.19139 6 194417 1086
500_RD_223 8.71254 124.19206 7 194068 1086
500_RD_223 8.71272 124.19215 8 196921 1086
500_RD_223 8.71305 124.19167 9 192610 1086
500_RD_223 8.71267 124.19004 10 193685 1086
500_RD_223 8.71244 124.19346 11 195221 1086
500_RD_223 8.71231 124.19215 12 192029 1086
500_RD_223 8.71305 124.19143 13 195475 1086
500_RD_223 8.71144 124.19205 14 193583 1086
500_RD_223 8.71243 124.19210 15 203975 1086
500_RD_223 8.71272 124.19221 16 205951 1086
500_RD_223 8.71269 124.19182 17 183489 1086
500_RD_223 8.20597 117.10129 1 176341 1090
500_RD_223 8.20574 117.10080 2 177104 1090
500_RD_223 8.20572 117.09974 3 177180 1090
500_RD_223 8.20570 117.10131 4 176458 1090
500_RD_223 8.20590 117.10129 5 176104 1090
500_RD_223 8.20594 117.10071 6 175774 1090
500_RD_223 8.20592 117.09943 7 178437 1090
500_RD_223 8.20560 117.10023 8 179679 1090
500_RD_223 8.20590 117.09990 9 177723 1090
500_RD_223 8.20599 117.10028 10 176474 1090
500_RD_223 8.20608 117.10034 11 177385 1090
500_RD_223 8.20592 117.10120 12 177602 1090
500_RD_223 8.20604 117.10058 13 175988 1090
500_RD_223 8.20591 117.10097 14 176216 1090
500_RD_223 8.20581 117.10049 15 179420 1090
500_RD_223 8.20594 117.10069 16 179364 1090
500_RD_223 8.20588 117.10058 17 166897 1090
500_RD_223 9.76595 130.07119 1 33634 1961
500_RD_223 9.76539 130.07429 2 32434 1961
500_RD_223 9.76586 130.07534 3 32726 1961
500_RD_223 9.76545 130.07968 4 32220 1961
500_RD_223 9.76509 130.07427 5 33148 1961
500_RD_223 9.76548 130.07763 6 32309 1961
500_RD_223 9.76503 130.07163 7 32299 1961
500_RD_223 9.76531 130.07193 8 32921 1961
500_RD_223 9.76526 130.07669 9 33296 1961
500_RD_223 9.76499 130.07537 10 32987 1961
500_RD_223 9.76602 130.07482 11 33473 1961
500_RD_223 9.76589 130.07578 12 32520 1961
500_RD_223 9.76542 130.07733 13 31800 1961
500_RD_223 9.76558 130.06988 14 32408 1961
500_RD_223 9.76484 130.07179 15 33090 1961
500_RD_223 9.76513 130.06789 16 34956 1961
500_RD_223 9.76543 130.07401 17 30954 1961
500_RD_223 8.28792 111.84239 1 47767 2031
500_RD_223 8.28790 111.84726 2 48727 2031
500_RD_223 8.28768 111.84378 3 49910 2031
500_RD_223 8.28792 111.84239 4 47524 2031
500_RD_223 8.28792 111.84239 5 49159 2031
500_RD_223 8.28792 111.84239 6 46242 2031
500_RD_223 8.28847 111.85038 7 48899 2031
500_RD_223 8.28806 111.84263 8 47865 2031
500_RD_223 8.28792 111.84239 9 48295 2031
500_RD_223 8.28792 111.84239 10 47526 2031
500_RD_223 8.28792 111.84239 11 47440 2031
500_RD_223 8.28792 111.84239 12 46844 2031
500_RD_223 8.28807 111.84460 13 47704 2031
500_RD_223 8.28792 111.84239 14 46015 2031
500_RD_223 8.28785 111.84301 15 48993 2031
500_RD_223 8.28792 111.84239 16 50263 2031
500_RD_223 8.28792 111.84239 17 45245 2031
500_RD_223 8.27875 110.21353 1 55103 2033
500_RD_223 8.27841 110.21392 2 56561 2033
500_RD_223 8.27953 110.20979 3 53718 2033
500_RD_223 8.27877 110.20927 4 55254 2033
500_RD_223 8.27904 110.21618 5 54298 2033
500_RD_223 8.27921 110.21087 6 53316 2033
500_RD_223 8.27924 110.21196 7 55618 2033
500_RD_223 8.27911 110.21231 8 54738 2033
500_RD_223 8.27937 110.21243 9 54179 2033
500_RD_223 8.27881 110.21014 10 55151 2033
500_RD_223 8.27918 110.21223 11 52633 2033
500_RD_223 8.27888 110.21034 12 54531 2033
500_RD_223 8.27894 110.21088 13 54078 2033
500_RD_223 8.27920 110.21278 14 54923 2033
500_RD_223 8.27922 110.21121 15 57497 2033
500_RD_223 8.27906 110.21195 16 55823 2033
500_RD_223 8.27904 110.21187 17 51613 2033
500_RD_223 8.32039 111.08120 1 43547 2043
500_RD_223 8.32100 111.08373 2 43135 2043
500_RD_223 8.32053 111.08248 3 44619 2043
500_RD_223 8.32072 111.08116 4 44908 2043
500_RD_223 8.32049 111.07992 5 43664 2043
500_RD_223 8.32080 111.07870 6 45598 2043
500_RD_223 8.32053 111.08084 7 44557 2043
500_RD_223 8.31994 111.08378 8 43321 2043
500_RD_223 8.32057 111.07866 9 43513 2043
500_RD_223 8.32110 111.08227 10 43988 2043
500_RD_223 8.31986 111.08133 11 44151 2043
500_RD_223 8.32045 111.08155 12 44914 2043
500_RD_223 8.32031 111.07798 13 42755 2043
500_RD_223 8.31989 111.08226 14 41554 2043
500_RD_223 8.32063 111.08642 15 44553 2043
500_RD_223 8.32069 111.07736 16 44372 2043
500_RD_223 8.32050 111.08121 17 41362 2043
500_RD_223 8.22752 108.98373 1 39909 2045
500_RD_223 8.22797 108.98642 2 41397 2045
500_RD_223 8.22824 108.98559 3 41807 2045
500_RD_223 8.22799 108.98129 4 40604 2045
500_RD_223 8.22772 108.98313 5 41230 2045
500_RD_223 8.22805 108.98215 6 39825 2045
500_RD_223 8.22812 108.98586 7 41509 2045
500_RD_223 8.22792 108.98021 8 40486 2045
500_RD_223 8.22788 108.98582 9 41305 2045
500_RD_223 8.22786 108.98534 10 42274 2045
500_RD_223 8.22805 108.98200 11 40510 2045
500_RD_223 8.22759 108.98077 12 40786 2045
500_RD_223 8.22786 108.98412 13 40521 2045
500_RD_223 8.22831 108.98289 14 43059 2045
500_RD_223 8.22773 108.98083 15 38257 2045
500_RD_223 8.22806 108.98268 16 42542 2045
500_RD_223 8.22794 108.98333 17 38589 2045
500_RD_223 8.14916 111.30185 1 34269 2055
500_RD_223 8.14979 111.30419 2 34941 2055
500_RD_223 8.14939 111.30307 3 34762 2055
500_RD_223 8.14935 111.30397 4 33415 2055
500_RD_223 8.14931 111.30273 5 34543 2055
500_RD_223 8.14939 111.30085 6 34163 2055
500_RD_223 8.14913 111.30333 7 32511 2055
500_RD_223 8.14933 111.30359 8 35780 2055
500_RD_223 8.14985 111.30168 9 33108 2055
500_RD_223 8.14945 111.30121 10 34262 2055
500_RD_223 8.14977 111.30052 11 33681 2055
500_RD_223 8.15008 111.30154 12 33716 2055
500_RD_223 8.14932 111.30514 13 33277 2055
500_RD_223 8.14924 111.30083 14 32914 2055
500_RD_223 8.14903 111.30637 15 35800 2055
500_RD_223 8.14936 111.30647 16 34734 2055
500_RD_223 8.14939 111.30307 17 32110 2055
500_RD_223 9.99366 128.96304 1 63889 2070
500_RD_223 9.99372 128.96567 2 65191 2070
500_RD_223 9.99335 128.96293 3 66037 2070
500_RD_223 9.99349 128.96617 4 65620 2070
500_RD_223 9.99318 128.96179 5 65887 2070
500_RD_223 9.99381 128.96142 6 66331 2070
500_RD_223 9.99365 128.96180 7 66550 2070
500_RD_223 9.99389 128.96375 8 67169 2070
500_RD_223 9.99343 128.96399 9 68034 2070
500_RD_223 9.99335 128.96447 10 68088 2070
500_RD_223 9.99364 128.96563 11 66844 2070
500_RD_223 9.99386 128.96102 12 66466 2070
500_RD_223 9.99364 128.96311 13 67656 2070
500_RD_223 9.99400 128.96250 14 66058 2070
500_RD_223 9.99344 128.95878 15 69162 2070
500_RD_223 9.99362 128.96130 16 70170 2070
500_RD_223 9.99366 128.96304 17 62891 2070
500_RD_223 8.19337 120.78143 1 226675 2076
500_RD_223 8.19313 120.78176 2 226532 2076
500_RD_223 8.19314 120.78183 3 226248 2076
500_RD_223 8.19336 120.78214 4 226145 2076
500_RD_223 8.19321 120.78222 5 224494 2076
500_RD_223 8.19321 120.78186 6 225042 2076
500_RD_223 8.19313 120.78201 7 226339 2076
500_RD_223 8.19326 120.78132 8 226573 2076
500_RD_223 8.19304 120.78153 9 226145 2076
500_RD_223 8.19317 120.78201 10 228643 2076
500_RD_223 8.19319 120.78182 11 225753 2076
500_RD_223 8.19315 120.78098 12 225673 2076
500_RD_223 8.19316 120.78169 13 226287 2076
500_RD_223 8.19326 120.78107 14 223628 2076
500_RD_223 8.19303 120.78106 15 226717 2076
500_RD_223 8.19312 120.78129 16 229451 2076
500_RD_223 8.19318 120.78163 17 212961 2076
500_RD_223 8.21385 127.02479 1 217719 2077
500_RD_223 8.21394 127.02409 2 218992 2077
500_RD_223 8.21390 127.02370 3 223946 2077
500_RD_223 8.21397 127.02573 4 219912 2077
500_RD_223 8.21393 127.02409 5 222257 2077
500_RD_223 8.21392 127.02433 6 223688 2077
500_RD_223 8.21396 127.02431 7 221061 2077
500_RD_223 8.21393 127.02495 8 222916 2077
500_RD_223 8.21389 127.02419 9 221148 2077
500_RD_223 8.21395 127.02423 10 223640 2077
500_RD_223 8.21401 127.02486 11 222408 2077
500_RD_223 8.21390 127.02431 12 223503 2077
500_RD_223 8.21391 127.02393 13 222544 2077
500_RD_223 8.21391 127.02428 14 223754 2077
500_RD_223 8.21392 127.02385 15 225515 2077
500_RD_223 8.21387 127.02416 16 224751 2077
500_RD_223 8.21392 127.02436 17 209280 2077
500_RD_223 7.94867 119.90712 1 154723 2078
500_RD_223 7.94874 119.90816 2 153817 2078
500_RD_223 7.94874 119.90858 3 155784 2078
500_RD_223 7.94866 119.90790 4 153169 2078
500_RD_223 7.94866 119.90790 5 153621 2078
500_RD_223 7.94889 119.90727 6 156018 2078
500_RD_223 7.94875 119.90690 7 158159 2078
500_RD_223 7.94874 119.90697 8 155952 2078
500_RD_223 7.94866 119.90790 9 154578 2078
500_RD_223 7.94866 119.90794 10 155774 2078
500_RD_223 7.94868 119.90831 11 155950 2078
500_RD_223 7.94866 119.90790 12 155938 2078
500_RD_223 7.94866 119.90790 13 152591 2078
500_RD_223 7.94866 119.90689 14 154943 2078
500_RD_223 7.94866 119.90790 15 155221 2078
500_RD_223 7.94866 119.90790 16 158716 2078
500_RD_223 7.94866 119.90790 17 146174 2078
500_RD_223 8.24611 121.90038 1 191268 2081
500_RD_223 8.24636 121.90066 2 190411 2081
500_RD_223 8.24623 121.90054 3 192500 2081
500_RD_223 8.24636 121.90066 4 189011 2081
500_RD_223 8.24636 121.90118 5 189921 2081
500_RD_223 8.24618 121.90007 6 190650 2081
500_RD_223 8.24612 121.89971 7 189305 2081
500_RD_223 8.24636 121.90066 8 189314 2081
500_RD_223 8.24618 121.90029 9 191349 2081
500_RD_223 8.24639 121.90048 10 190650 2081
500_RD_223 8.24610 121.90055 11 192101 2081
500_RD_223 8.24622 121.90039 12 191954 2081
500_RD_223 8.24636 121.90066 13 190666 2081
500_RD_223 8.24636 121.90066 14 190512 2081
500_RD_223 8.24636 121.90066 15 191605 2081
500_RD_223 8.24636 121.90066 16 193758 2081
500_RD_223 8.24636 121.90066 17 179704 2081
500_RD_223 7.86411 114.95054 1 176943 2082
500_RD_223 7.86421 114.95098 2 177491 2082
500_RD_223 7.86428 114.94939 3 175942 2082
500_RD_223 7.86382 114.94946 4 176498 2082
500_RD_223 7.86408 114.95026 5 176098 2082
500_RD_223 7.86425 114.95033 6 176134 2082
500_RD_223 7.86441 114.94866 7 176776 2082
500_RD_223 7.86387 114.94888 8 176687 2082
500_RD_223 7.86415 114.95066 9 177022 2082
500_RD_223 7.86425 114.95021 10 178629 2082
500_RD_223 7.86426 114.94984 11 173772 2082
500_RD_223 7.86392 114.94947 12 175587 2082
500_RD_223 7.86407 114.94970 13 175170 2082
500_RD_223 7.86415 114.94959 14 175961 2082
500_RD_223 7.86429 114.94905 15 180107 2082
500_RD_223 7.86420 114.94945 16 178218 2082
500_RD_223 7.86414 114.94978 17 166296 2082
500_RD_223 8.24818 121.49433 1 158219 2083
500_RD_223 8.24819 121.49460 2 158074 2083
500_RD_223 8.24853 121.49394 3 160521 2083
500_RD_223 8.24844 121.49476 4 158959 2083
500_RD_223 8.24833 121.49515 5 161864 2083
500_RD_223 8.24825 121.49310 6 160607 2083
500_RD_223 8.24803 121.49394 7 159000 2083
500_RD_223 8.24769 121.49353 8 158252 2083
500_RD_223 8.24834 121.49500 9 161467 2083
500_RD_223 8.24842 121.49437 10 161873 2083
500_RD_223 8.24872 121.49426 11 161342 2083
500_RD_223 8.24787 121.49383 12 159891 2083
500_RD_223 8.24763 121.49446 13 159990 2083
500_RD_223 8.24796 121.49426 14 158601 2083
500_RD_223 8.24822 121.49497 15 161947 2083
500_RD_223 8.24848 121.49482 16 160716 2083
500_RD_223 8.24822 121.49434 17 150666 2083
500_RD_223 7.85349 122.98681 1 173126 2084
500_RD_223 7.85343 122.98703 2 173137 2084
500_RD_223 7.85342 122.98802 3 175929 2084
500_RD_223 7.85342 122.98745 4 173474 2084
500_RD_223 7.85337 122.98750 5 173390 2084
500_RD_223 7.85349 122.98624 6 175909 2084
500_RD_223 7.85346 122.98689 7 176046 2084
500_RD_223 7.85361 122.98886 8 175743 2084
500_RD_223 7.85344 122.98663 9 174890 2084
500_RD_223 7.85355 122.98853 10 176492 2084
500_RD_223 7.85315 122.98755 11 177314 2084
500_RD_223 7.85295 122.98651 12 173154 2084
500_RD_223 7.85353 122.98621 13 176198 2084
500_RD_223 7.85366 122.98786 14 176213 2084
500_RD_223 7.85355 122.98805 15 179878 2084
500_RD_223 7.85332 122.98507 16 177045 2084
500_RD_223 7.85343 122.98703 17 165173 2084
500_RD_223 8.03009 126.91409 1 70152 2094
500_RD_223 8.02931 126.91661 2 70919 2094
500_RD_223 8.02998 126.91440 3 70613 2094
500_RD_223 8.02928 126.91014 4 70029 2094
500_RD_223 8.03001 126.91391 5 71380 2094
500_RD_223 8.02974 126.91533 6 71882 2094
500_RD_223 8.03009 126.91557 7 71320 2094
500_RD_223 8.02961 126.91370 8 72567 2094
500_RD_223 8.02968 126.91322 9 70991 2094
500_RD_223 8.02945 126.91179 10 71393 2094
500_RD_223 8.02960 126.91303 11 71465 2094
500_RD_223 8.02944 126.90920 12 70403 2094
500_RD_223 8.02981 126.91461 13 72771 2094
500_RD_223 8.02957 126.91465 14 71916 2094
500_RD_223 8.02905 126.91233 15 71874 2094
500_RD_223 8.02969 126.91060 16 73237 2094
500_RD_223 8.02966 126.91333 17 67230 2094
500_RD_223 8.20367 127.79297 1 91573 2095
500_RD_223 8.20362 127.79317 2 91717 2095
500_RD_223 8.20373 127.79139 3 93683 2095
500_RD_223 8.20365 127.79261 4 92646 2095
500_RD_223 8.20374 127.79324 5 91933 2095
500_RD_223 8.20382 127.79209 6 92558 2095
500_RD_223 8.20370 127.79222 7 91579 2095
500_RD_223 8.20385 127.79171 8 92852 2095
500_RD_223 8.20362 127.79140 9 93007 2095
500_RD_223 8.20377 127.79254 10 91019 2095
500_RD_223 8.20378 127.79177 11 93503 2095
500_RD_223 8.20377 127.79197 12 92295 2095
500_RD_223 8.20388 127.79431 13 93623 2095
500_RD_223 8.20381 127.79305 14 92498 2095
500_RD_223 8.20392 127.79147 15 93209 2095
500_RD_223 8.20358 127.79291 16 92295 2095
500_RD_223 8.20374 127.79243 17 87058 2095
500_RD_223 7.88016 129.36048 1 230335 2098
500_RD_223 7.88016 129.36048 2 231595 2098
500_RD_223 7.88015 129.35944 3 235609 2098
500_RD_223 7.88001 129.35945 4 233118 2098
500_RD_223 7.87995 129.36121 5 235130 2098
500_RD_223 7.87989 129.36162 6 238270 2098
500_RD_223 7.88025 129.36068 7 234773 2098
500_RD_223 7.88007 129.36138 8 237054 2098
500_RD_223 7.88024 129.35954 9 237624 2098
500_RD_223 7.87994 129.36075 10 238388 2098
500_RD_223 7.88021 129.36055 11 237965 2098
500_RD_223 7.88016 129.36048 12 236549 2098
500_RD_223 7.88016 129.36048 13 237361 2098
500_RD_223 7.87992 129.36112 14 239401 2098
500_RD_223 7.88020 129.35890 15 238585 2098
500_RD_223 7.88017 129.36005 16 238311 2098
500_RD_223 7.88016 129.36048 17 222357 2098
500_RD_223 9.80956 130.47427 1 51506 2347
500_RD_223 9.81001 130.47476 2 49928 2347
500_RD_223 9.81013 130.47584 3 51262 2347
500_RD_223 9.80895 130.47512 4 49528 2347
500_RD_223 9.81133 130.47833 5 49747 2347
500_RD_223 9.80940 130.47045 6 52265 2347
500_RD_223 9.80892 130.47305 7 51778 2347
500_RD_223 9.80895 130.47512 8 51057 2347
500_RD_223 9.80863 130.47601 9 50993 2347
500_RD_223 9.80852 130.47611 10 49627 2347
500_RD_223 9.80914 130.47796 11 51767 2347
500_RD_223 9.80853 130.47526 12 51427 2347
500_RD_223 9.80934 130.47128 13 51871 2347
500_RD_223 9.80895 130.47512 14 51798 2347
500_RD_223 9.80922 130.47201 15 58619 2347
500_RD_223 9.80895 130.47512 16 54575 2347
500_RD_223 9.80895 130.47512 17 48691 2347
500_RD_223 8.62804 129.96356 1 105835 3020
500_RD_223 8.62793 129.96502 2 108098 3020
500_RD_223 8.62804 129.96079 3 108730 3020
500_RD_223 8.62789 129.96087 4 107312 3020
500_RD_223 8.62789 129.96437 5 107590 3020
500_RD_223 8.62808 129.96088 6 107132 3020
500_RD_223 8.62812 129.96350 7 107368 3020
500_RD_223 8.62775 129.96279 8 109421 3020
500_RD_223 8.62811 129.96192 9 107006 3020
500_RD_223 8.62796 129.96188 10 109551 3020
500_RD_223 8.62799 129.96190 11 109858 3020
500_RD_223 8.62799 129.96339 12 108785 3020
500_RD_223 8.62762 129.96173 13 109075 3020
500_RD_223 8.62788 129.96403 14 107811 3020
500_RD_223 8.62795 129.96275 15 114691 3020
500_RD_223 8.62777 129.96364 16 115034 3020
500_RD_223 8.62794 129.96269 17 102547 3020
500_RD_223 9.00185 125.66075 1 135650 3030
500_RD_223 9.00117 125.66123 2 135186 3030
500_RD_223 9.00187 125.66016 3 138200 3030
500_RD_223 9.00265 125.66158 4 135243 3030
500_RD_223 9.00075 125.66083 5 136015 3030
500_RD_223 9.00266 125.66068 6 136688 3030
500_RD_223 9.00223 125.66064 7 136938 3030
500_RD_223 9.00212 125.66203 8 137545 3030
500_RD_223 9.00255 125.65862 9 137558 3030
500_RD_223 9.00223 125.66064 10 139026 3030
500_RD_223 9.00293 125.66138 11 138029 3030
500_RD_223 9.00136 125.65817 12 136675 3030
500_RD_223 9.00223 125.66064 13 137565 3030
500_RD_223 9.00160 125.66082 14 136867 3030
500_RD_223 9.00171 125.66073 15 145530 3030
500_RD_223 9.00203 125.65981 16 144743 3030
500_RD_223 9.00223 125.66064 17 129851 3030
500_RD_223 7.64875 118.54343 1 355349 3032
500_RD_223 7.64875 118.54343 2 353694 3032
500_RD_223 7.64875 118.54343 3 354802 3032
500_RD_223 7.64875 118.54343 4 354302 3032
500_RD_223 7.64875 118.54343 5 356576 3032
500_RD_223 7.64875 118.54343 6 352024 3032
500_RD_223 7.64875 118.54343 7 356235 3032
500_RD_223 7.64875 118.54343 8 356715 3032
500_RD_223 7.64875 118.54343 9 353597 3032
500_RD_223 7.64875 118.54343 10 355499 3032
500_RD_223 7.64875 118.54343 11 355665 3032
500_RD_223 7.64875 118.54343 12 356140 3032
500_RD_223 7.64875 118.54343 13 355391 3032
500_RD_223 7.64875 118.54343 14 353186 3032
500_RD_223 7.64875 118.54343 15 370273 3032
500_RD_223 7.64875 118.54343 16 370257 3032
500_RD_223 7.64875 118.54343 17 335865 3032
500_RD_223 8.19196 119.23638 1 292145 3034
500_RD_223 8.19215 119.23688 2 292927 3034
500_RD_223 8.19208 119.23650 3 294418 3034
500_RD_223 8.19200 119.23739 4 293840 3034
500_RD_223 8.19212 119.23792 5 296642 3034
500_RD_223 8.19196 119.23630 6 294451 3034
500_RD_223 8.19210 119.23695 7 294952 3034
500_RD_223 8.19197 119.23668 8 295590 3034
500_RD_223 8.19199 119.23705 9 296035 3034
500_RD_223 8.19207 119.23630 10 296259 3034
500_RD_223 8.19202 119.23692 11 295258 3034
500_RD_223 8.19205 119.23734 12 295414 3034
500_RD_223 8.19198 119.23725 13 295623 3034
500_RD_223 8.19212 119.23757 14 292624 3034
500_RD_223 8.19212 119.23719 15 310661 3034
500_RD_223 8.19214 119.23617 16 311970 3034
500_RD_223 8.19205 119.23692 17 279342 3034
500_RD_223 6.98306 119.04932 1 64649 3035
500_RD_223 6.98270 119.04991 2 64143 3035
500_RD_223 6.98298 119.05033 3 62163 3035
500_RD_223 6.98230 119.04936 4 63434 3035
500_RD_223 6.98219 119.05258 5 63435 3035
500_RD_223 6.98254 119.05148 6 61213 3035
500_RD_223 6.98228 119.04836 7 64391 3035
500_RD_223 6.98286 119.04979 8 64314 3035
500_RD_223 6.98251 119.05028 9 63258 3035
500_RD_223 6.98303 119.04634 10 63786 3035
500_RD_223 6.98323 119.04974 11 63794 3035
500_RD_223 6.98242 119.04975 12 63094 3035
500_RD_223 6.98316 119.05113 13 63604 3035
500_RD_223 6.98255 119.04865 14 62755 3035
500_RD_223 6.98282 119.04849 15 67618 3035
500_RD_223 6.98266 119.05004 16 65758 3035
500_RD_223 6.98266 119.05004 17 60083 3035
500_RD_223 8.85041 130.97530 1 66768 3036
500_RD_223 8.85075 130.97587 2 65588 3036
500_RD_223 8.85107 130.97733 3 65784 3036
500_RD_223 8.85097 130.97458 4 65986 3036
500_RD_223 8.85106 130.97387 5 67080 3036
500_RD_223 8.85145 130.97153 6 66276 3036
500_RD_223 8.85096 130.97485 7 65838 3036
500_RD_223 8.85056 130.97697 8 67128 3036
500_RD_223 8.85089 130.97445 9 64787 3036
500_RD_223 8.85127 130.97859 10 65812 3036
500_RD_223 8.85040 130.97483 11 68491 3036
500_RD_223 8.85122 130.97362 12 67588 3036
500_RD_223 8.85150 130.97626 13 67611 3036
500_RD_223 8.85082 130.97286 14 67186 3036
500_RD_223 8.85089 130.97556 15 72531 3036
500_RD_223 8.85107 130.97464 16 71625 3036
500_RD_223 8.85095 130.97506 17 63299 3036
500_RD_223 8.87275 121.10228 1 98590 3040
500_RD_223 8.87264 121.09838 2 99339 3040
500_RD_223 8.87239 121.10039 3 98021 3040
500_RD_223 8.87222 121.09932 4 98227 3040
500_RD_223 8.87249 121.10016 5 98018 3040
500_RD_223 8.87174 121.10183 6 97644 3040
500_RD_223 8.87234 121.09934 7 99111 3040
500_RD_223 8.87233 121.09790 8 97578 3040
500_RD_223 8.87273 121.09977 9 99490 3040
500_RD_223 8.87233 121.10085 10 99776 3040
500_RD_223 8.87239 121.09903 11 100081 3040
500_RD_223 8.87225 121.09972 12 98471 3040
500_RD_223 8.87272 121.09922 13 98641 3040
500_RD_223 8.87237 121.09974 14 98894 3040
500_RD_223 8.87259 121.10052 15 105827 3040
500_RD_223 8.87263 121.09885 16 107382 3040
500_RD_223 8.87244 121.09983 17 93829 3040
500_RD_223 8.45418 108.36646 1 173579 3041
500_RD_223 8.45381 108.36740 2 172162 3041
500_RD_223 8.45419 108.36749 3 173178 3041
500_RD_223 8.45408 108.36740 4 173341 3041
500_RD_223 8.45431 108.36831 5 173547 3041
500_RD_223 8.45452 108.36855 6 171846 3041
500_RD_223 8.45426 108.36841 7 172690 3041
500_RD_223 8.45395 108.36774 8 171022 3041
500_RD_223 8.45412 108.36893 9 174067 3041
500_RD_223 8.45423 108.36774 10 171389 3041
500_RD_223 8.45431 108.36619 11 169259 3041
500_RD_223 8.45437 108.36710 12 171321 3041
500_RD_223 8.45404 108.36568 13 168319 3041
500_RD_223 8.45443 108.36780 14 167339 3041
500_RD_223 8.45416 108.36717 15 184143 3041
500_RD_223 8.45437 108.36776 16 183080 3041
500_RD_223 8.45420 108.36752 17 162958 3041
500_RD_223 8.41784 110.25112 1 144326 3043
500_RD_223 8.41761 110.25177 2 146088 3043
500_RD_223 8.41804 110.25052 3 143760 3043
500_RD_223 8.41792 110.25066 4 142672 3043
500_RD_223 8.41838 110.25323 5 143783 3043
500_RD_223 8.41808 110.25114 6 143403 3043
500_RD_223 8.41751 110.25149 7 144194 3043
500_RD_223 8.41807 110.25097 8 144379 3043
500_RD_223 8.41790 110.25129 9 142009 3043
500_RD_223 8.41796 110.25181 10 144149 3043
500_RD_223 8.41819 110.25142 11 141269 3043
500_RD_223 8.41813 110.25209 12 143435 3043
500_RD_223 8.41802 110.25176 13 142829 3043
500_RD_223 8.41813 110.24986 14 140835 3043
500_RD_223 8.41784 110.25095 15 153985 3043
500_RD_223 8.41785 110.25065 16 155255 3043
500_RD_223 8.41790 110.25129 17 136257 3043
500_RD_223 7.96022 127.22074 1 184024 3044
500_RD_223 7.96001 127.22081 2 186103 3044
500_RD_223 7.95989 127.22004 3 185436 3044
500_RD_223 7.95989 127.22132 4 183320 3044
500_RD_223 7.96000 127.22148 5 187432 3044
500_RD_223 7.95986 127.21932 6 186999 3044
500_RD_223 7.96000 127.22224 7 186395 3044
500_RD_223 7.95982 127.21989 8 186841 3044
500_RD_223 7.96011 127.22020 9 184675 3044
500_RD_223 7.96001 127.22111 10 190367 3044
500_RD_223 7.95995 127.22241 11 189969 3044
500_RD_223 7.95968 127.22173 12 184210 3044
500_RD_223 7.96024 127.21938 13 190984 3044
500_RD_223 7.96003 127.22099 14 189395 3044
500_RD_223 7.95999 127.21995 15 198714 3044
500_RD_223 7.95992 127.22035 16 199538 3044
500_RD_223 7.95998 127.22074 17 177318 3044
500_RD_223 9.43171 116.20769 1 98215 3045
500_RD_223 9.43171 116.20769 2 97715 3045
500_RD_223 9.43171 116.20769 3 97869 3045
500_RD_223 9.43171 116.20769 4 96993 3045
500_RD_223 9.43171 116.20769 5 99029 3045
500_RD_223 9.43171 116.20769 6 97070 3045
500_RD_223 9.43171 116.20769 7 98460 3045
500_RD_223 9.43171 116.20769 8 98980 3045
500_RD_223 9.43171 116.20769 9 97658 3045
500_RD_223 9.43171 116.20769 10 97616 3045
500_RD_223 9.43171 116.20769 11 98129 3045
500_RD_223 9.43171 116.20769 12 97650 3045
500_RD_223 9.43171 116.20769 13 96427 3045
500_RD_223 9.43171 116.20769 14 96488 3045
500_RD_223 9.43171 116.20769 15 105697 3045
500_RD_223 9.43171 116.20769 16 103023 3045
500_RD_223 9.43171 116.20769 17 92766 3045
500_RD_223 8.31497 128.01000 1 123092 3051
500_RD_223 8.31507 128.00967 2 124291 3051
500_RD_223 8.31493 128.00912 3 129044 3051
500_RD_223 8.31500 128.01021 4 122210 3051
500_RD_223 8.31509 128.00946 5 125383 3051
500_RD_223 8.31509 128.00956 6 127673 3051
500_RD_223 8.31516 128.01059 7 126311 3051
500_RD_223 8.31489 128.01018 8 124440 3051
500_RD_223 8.31482 128.00902 9 126316 3051
500_RD_223 8.31485 128.01111 10 127064 3051
500_RD_223 8.31486 128.00960 11 126706 3051
500_RD_223 8.31500 128.00811 12 126949 3051
500_RD_223 8.31512 128.00934 13 128053 3051
500_RD_223 8.31546 128.01059 14 128067 3051
500_RD_223 8.31505 128.00976 15 129614 3051
500_RD_223 8.31525 128.00875 16 127634 3051
500_RD_223 8.31504 128.00969 17 118991 3051
500_RD_223 7.69401 119.22905 1 115223 3056
500_RD_223 7.69417 119.22926 2 114417 3056
500_RD_223 7.69344 119.23343 3 115354 3056
500_RD_223 7.69344 119.23001 4 115683 3056
500_RD_223 7.69435 119.22891 5 117316 3056
500_RD_223 7.69378 119.22832 6 112783 3056
500_RD_223 7.69404 119.22999 7 115806 3056
500_RD_223 7.69464 119.22983 8 114554 3056
500_RD_223 7.69413 119.22786 9 113813 3056
500_RD_223 7.69409 119.23104 10 117217 3056
500_RD_223 7.69434 119.22879 11 114546 3056
500_RD_223 7.69416 119.22785 12 112265 3056
500_RD_223 7.69408 119.22718 13 115912 3056
500_RD_223 7.69428 119.23061 14 114823 3056
500_RD_223 7.69437 119.22802 15 123362 3056
500_RD_223 7.69341 119.22708 16 122689 3056
500_RD_223 7.69404 119.22921 17 109163 3056
500_RD_223 8.67713 123.92847 1 107839 3057
500_RD_223 8.67747 123.92635 2 108349 3057
500_RD_223 8.67823 123.92943 3 108515 3057
500_RD_223 8.67741 123.92657 4 109025 3057
500_RD_223 8.67762 123.92696 5 107422 3057
500_RD_223 8.67731 123.92336 6 109034 3057
500_RD_223 8.67785 123.92988 7 108770 3057
500_RD_223 8.67771 123.93051 8 110383 3057
500_RD_223 8.67796 123.92434 9 107679 3057
500_RD_223 8.67739 123.92851 10 109417 3057
500_RD_223 8.67826 123.92560 11 109802 3057
500_RD_223 8.67821 123.92264 12 109635 3057
500_RD_223 8.67776 123.92819 13 109246 3057
500_RD_223 8.67760 123.92639 14 108986 3057
500_RD_223 8.67740 123.92220 15 118426 3057
500_RD_223 8.67743 123.92499 16 119776 3057
500_RD_223 8.67767 123.92649 17 103665 3057
500_RD_223 8.31654 133.14056 1 51579 3073
500_RD_223 8.31762 133.14253 2 53134 3073
500_RD_223 8.31727 133.14142 3 53066 3073
500_RD_223 8.31771 133.14161 4 53598 3073
500_RD_223 8.31682 133.14121 5 52525 3073
500_RD_223 8.31722 133.13805 6 53405 3073
500_RD_223 8.31698 133.13872 7 54291 3073
500_RD_223 8.31774 133.14319 8 51283 3073
500_RD_223 8.31769 133.13838 9 53309 3073
500_RD_223 8.31673 133.13786 10 53384 3073
500_RD_223 8.31767 133.13916 11 53713 3073
500_RD_223 8.31723 133.14138 12 53625 3073
500_RD_223 8.31737 133.14273 13 53372 3073
500_RD_223 8.31673 133.13767 14 52306 3073
500_RD_223 8.31669 133.13430 15 58264 3073
500_RD_223 8.31745 133.13788 16 58152 3073
500_RD_223 8.31722 133.13974 17 50530 3073
500_RD_223 8.30603 127.57395 1 259819 3077
500_RD_223 8.30606 127.57370 2 259606 3077
500_RD_223 8.30603 127.57278 3 261423 3077
500_RD_223 8.30599 127.57357 4 258666 3077
500_RD_223 8.30606 127.57487 5 261822 3077
500_RD_223 8.30609 127.57404 6 264680 3077
500_RD_223 8.30605 127.57362 7 261664 3077
500_RD_223 8.30603 127.57428 8 265102 3077
500_RD_223 8.30607 127.57322 9 263333 3077
500_RD_223 8.30592 127.57429 10 264596 3077
500_RD_223 8.30595 127.57395 11 265453 3077
500_RD_223 8.30592 127.57389 12 263003 3077
500_RD_223 8.30607 127.57348 13 264711 3077
500_RD_223 8.30606 127.57327 14 262463 3077
500_RD_223 8.30596 127.57264 15 269348 3077
500_RD_223 8.30598 127.57282 16 269875 3077
500_RD_223 8.30602 127.57365 17 247974 3077
500_RD_223 8.50443 115.64089 1 99869 3078
500_RD_223 8.50476 115.64101 2 100536 3078
500_RD_223 8.50465 115.64054 3 99148 3078
500_RD_223 8.50511 115.64145 4 100652 3078
500_RD_223 8.50476 115.64101 5 101879 3078
500_RD_223 8.50408 115.64103 6 99951 3078
500_RD_223 8.50476 115.64101 7 100919 3078
500_RD_223 8.50449 115.64267 8 101775 3078
500_RD_223 8.50476 115.64101 9 98670 3078
500_RD_223 8.50443 115.64211 10 100157 3078
500_RD_223 8.50484 115.64262 11 100430 3078
500_RD_223 8.50435 115.63859 12 101933 3078
500_RD_223 8.50488 115.64160 13 101144 3078
500_RD_223 8.50440 115.63922 14 100887 3078
500_RD_223 8.50316 115.64158 15 106254 3078
500_RD_223 8.50423 115.64216 16 108064 3078
500_RD_223 8.50476 115.64101 17 95427 3078
500_RD_223 8.37654 129.92587 1 103223 3080
500_RD_223 8.37645 129.92807 2 103495 3080
500_RD_223 8.37640 129.92802 3 103855 3080
500_RD_223 8.37597 129.92958 4 101405 3080
500_RD_223 8.37667 129.92815 5 100411 3080
500_RD_223 8.37663 129.92692 6 103554 3080
500_RD_223 8.37656 129.92963 7 101242 3080
500_RD_223 8.37696 129.93040 8 103181 3080
500_RD_223 8.37677 129.92857 9 102104 3080
500_RD_223 8.37616 129.92780 10 103583 3080
500_RD_223 8.37649 129.92709 11 104361 3080
500_RD_223 8.37687 129.92830 12 103390 3080
500_RD_223 8.37647 129.92791 13 103442 3080
500_RD_223 8.37643 129.93061 14 104267 3080
500_RD_223 8.37601 129.92650 15 111562 3080
500_RD_223 8.37649 129.92794 16 112230 3080
500_RD_223 8.37649 129.92820 17 97959 3080
500_RD_223 7.72050 107.66789 1 103975 3082
500_RD_223 7.72050 107.66789 2 103436 3082
500_RD_223 7.72050 107.66789 3 101005 3082
500_RD_223 7.72050 107.66789 4 103848 3082
500_RD_223 7.72050 107.66789 5 102129 3082
500_RD_223 7.72050 107.66789 6 101263 3082
500_RD_223 7.72050 107.66789 7 103108 3082
500_RD_223 7.72050 107.66789 8 102051 3082
500_RD_223 7.72050 107.66789 9 102866 3082
500_RD_223 7.72050 107.66789 10 102380 3082
500_RD_223 7.72050 107.66789 11 100293 3082
500_RD_223 7.72050 107.66789 12 101468 3082
500_RD_223 7.72050 107.66789 13 101446 3082
500_RD_223 7.72050 107.66789 14 99157 3082
500_RD_223 7.72050 107.66789 15 107779 3082
500_RD_223 7.72050 107.66789 16 109515 3082
500_RD_223 7.72050 107.66789 17 96807 3082
500_RD_223 8.63451 122.16762 1 190817 4038
500_RD_223 8.63408 122.16626 2 190806 4038
500_RD_223 8.63415 122.16601 3 188146 4038
500_RD_223 8.63424 122.16658 4 189583 4038
500_RD_223 8.63436 122.16663 5 191367 4038
500_RD_223 8.63451 122.16487 6 188166 4038
500_RD_223 8.63450 122.16590 7 191390 4038
500_RD_223 8.63454 122.16803 8 193604 4038
500_RD_223 8.63458 122.16627 9 188120 4038
500_RD_223 8.63428 122.16781 10 192461 4038
500_RD_223 8.63429 122.16529 11 191450 4038
500_RD_223 8.63443 122.16654 12 187726 4038
500_RD_223 8.63427 122.16747 13 192415 4038
500_RD_223 8.63425 122.16746 14 193450 4038
500_RD_223 8.63424 122.16759 15 202554 4038
500_RD_223 8.63427 122.16930 16 202033 4038
500_RD_223 8.63434 122.16688 17 180829 4038
500_RD_223 8.77246 119.92236 1 91855 4049
500_RD_223 8.77231 119.92348 2 92464 4049
500_RD_223 8.77186 119.92198 3 93272 4049
500_RD_223 8.77214 119.92257 4 90922 4049
500_RD_223 8.77244 119.92254 5 93000 4049
500_RD_223 8.77214 119.92088 6 92337 4049
500_RD_223 8.77223 119.92398 7 93216 4049
500_RD_223 8.77195 119.92159 8 95520 4049
500_RD_223 8.77190 119.91992 9 91096 4049
500_RD_223 8.77263 119.92240 10 92000 4049
500_RD_223 8.77225 119.92263 11 92179 4049
500_RD_223 8.77223 119.91943 12 91994 4049
500_RD_223 8.77227 119.92272 13 92949 4049
500_RD_223 8.77233 119.92244 14 91031 4049
500_RD_223 8.77210 119.92203 15 96557 4049
500_RD_223 8.77225 119.92175 16 96253 4049
500_RD_223 8.77221 119.92205 17 87450 4049
500_RD_223 9.09404 123.99677 1 55620 4059
500_RD_223 9.09399 123.99651 2 55773 4059
500_RD_223 9.09441 123.99834 3 55765 4059
500_RD_223 9.09312 123.99404 4 55273 4059
500_RD_223 9.09358 124.00166 5 53952 4059
500_RD_223 9.09572 123.99737 6 55191 4059
500_RD_223 9.09389 123.99937 7 55354 4059
500_RD_223 9.09472 123.99336 8 56002 4059
500_RD_223 9.09367 123.99592 9 56719 4059
500_RD_223 9.09418 123.99693 10 54798 4059
500_RD_223 9.09515 123.99782 11 56399 4059
500_RD_223 9.09407 123.99723 12 56245 4059
500_RD_223 9.09395 123.99373 13 56232 4059
500_RD_223 9.09397 124.00067 14 55223 4059
500_RD_223 9.09407 123.99492 15 59484 4059
500_RD_223 9.09325 123.99617 16 59316 4059
500_RD_223 9.09418 123.99693 17 52785 4059
500_RD_223 8.73429 121.06743 1 168166 4071
500_RD_223 8.73437 121.06942 2 167454 4071
500_RD_223 8.73423 121.06816 3 165826 4071
500_RD_223 8.73423 121.06832 4 167705 4071
500_RD_223 8.73442 121.06775 5 167725 4071
500_RD_223 8.73427 121.06883 6 165416 4071
500_RD_223 8.73419 121.06891 7 168612 4071
500_RD_223 8.73442 121.06775 8 170171 4071
500_RD_223 8.73442 121.06775 9 166528 4071
500_RD_223 8.73455 121.06699 10 169619 4071
500_RD_223 8.73442 121.06775 11 166447 4071
500_RD_223 8.73407 121.06749 12 167782 4071
500_RD_223 8.73430 121.06763 13 168718 4071
500_RD_223 8.73445 121.06724 14 167791 4071
500_RD_223 8.73446 121.06679 15 174934 4071
500_RD_223 8.73450 121.06611 16 175616 4071
500_RD_223 8.73442 121.06775 17 158736 4071
500_RD_223 7.78830 120.80930 1 96111 4080
500_RD_223 7.78865 120.80958 2 95629 4080
500_RD_223 7.78820 120.80849 3 94711 4080
500_RD_223 7.78887 120.80916 4 95097 4080
500_RD_223 7.78810 120.80696 5 95813 4080
500_RD_223 7.78840 120.81056 6 94031 4080
500_RD_223 7.78779 120.81134 7 95205 4080
500_RD_223 7.78850 120.81173 8 96620 4080
500_RD_223 7.78771 120.80529 9 93764 4080
500_RD_223 7.78945 120.81021 10 96658 4080
500_RD_223 7.78913 120.80859 11 95825 4080
500_RD_223 7.78830 120.80930 12 94500 4080
500_RD_223 7.78888 120.80919 13 97241 4080
500_RD_223 7.78863 120.80768 14 94669 4080
500_RD_223 7.78852 120.80905 15 102114 4080
500_RD_223 7.78830 120.80930 16 100999 4080
500_RD_223 7.78830 120.80930 17 90529 4080
