SS CSH unique_name 9.9_900_289_r1rho@1@1 9.9_900_289_r1rho@2@1 9.9_900_289_r1rho@3@1 9.9_900_289_r1rho@4@1 9.9_900_289_r1rho@5@1 9.9_900_289_r1rho@6@1 9.9_900_289_r1rho@7@1 9.9_900_289_r1rho@8@1 9.9_900_289_r1rho@9@1 9.9_900_289_r1rho@10@1 9.9_900_289_r1rho@11@1 9.9_900_289_r1rho@12@1 9.9_900_289_r1rho@13@1 9.9_900_289_r1rho@14@1 9.9_900_289_r1rho@15@1 9.9_900_289_r1rho@16@1 9.9_900_289_r1rho@17@1 9.9_900_289_r1rho@18@1 9.9_900_289_r1rho@19@1 9.9_900_289_r1rho@20@1 9.9_900_289_r1rho@21@1 9.9_900_289_r1rho@22@1 9.9_900_289_r1rho@23@1 9.9_900_289_r1rho@24@1 9.9_900_289_r1rho@25@1 9.9_900_289_r1rho@26@1 9.9_900_289_r1rho@27@1 9.9_900_289_r1rho@28@1 9.9_900_289_r1rho@29@1 9.9_900_289_r1rho@30@1 9.9_900_289_r1rho@31@1 9.9_900_289_r1rho@32@1 9.9_900_289_r1rho@33@1 9.9_900_289_r1rho@34@1 9.9_900_289_r1rho@35@1 9.9_900_289_r1rho@36@1 9.9_900_289_r1rho@37@1 9.9_900_289_r1rho@38@1 9.9_900_289_r1rho@39@1 9.9_900_289_r1rho@40@1 9.9_900_289_r1rho@41@1 9.9_900_289_r1rho@42@1 9.9_900_289_r1rho@43@1 9.9_900_289_r1rho@44@1 9.9_900_289_r1rho@45@1 9.9_900_289_r1rho@46@1 9.9_900_289_r1rho@47@1 9.9_900_289_r1rho@48@1 9.9_900_289_r1rho@49@1 9.9_900_289_r1rho@50@1 9.9_900_289_r1rho@51@1 9.9_900_289_r1rho@52@1 9.9_900_289_r1rho@53@1 9.9_900_289_r1rho@54@1 9.9_900_289_r1rho@55@1 9.9_900_289_r1rho@56@1 9.9_900_289_r1rho@57@1 9.9_900_289_r1rho@58@1 9.9_900_289_r1rho@59@1 9.9_900_289_r1rho@60@1 9.9_900_289_r1rho@61@1 9.9_900_289_r1rho@62@1 9.9_900_289_r1rho@63@1 9.9_900_289_r1rho@64@1 9.9_900_289_r1rho@65@1 9.9_900_289_r1rho@66@1 9.9_900_289_r1rho@67@1 9.9_900_289_r1rho@68@1 9.9_900_289_r1rho@69@1 9.9_900_289_r1rho@70@1 9.9_900_289_r1rho@71@1 9.9_900_289_r1rho@72@1 9.9_900_289_r1rho@73@1 9.9_900_289_r1rho@74@1 
1014 8.051 117.036 1.00 0.99 0.98 1.00 0.98 1.00 1.00 0.98 0.99 1.01 0.98 1.01 1.00 0.99 0.99 1.00 0.97 1.01 1.00 0.97 0.99 0.99 0.97 1.01 1.00 0.98 0.99 1.01 0.98 0.99 1.00 0.99 0.98 1.00 0.97 0.98 
1020 8.446 129.400 -8.69 1.00 1.00 1.01 1.00 1.00 1.03 1.00 1.00 1.00 1.00 1.00 1.02 1.00 1.00 1.01 1.01 1.00 1.02 1.00 1.00 1.01 1.01 1.00 1.01 1.00 1.00 1.00 1.01 1.00 1.00 1.00 1.00 1.00 1.01 1.00 0.97 
1029 7.201 121.307 1.00 1.00 0.99 1.01 1.00 0.98 0.99 1.00 0.99 1.00 1.00 0.99 1.00 0.99 0.99 1.00 0.98 1.00 0.99 1.00 1.00 0.99 0.98 1.00 1.00 0.99 1.00 1.00 0.99 1.00 1.00 0.99 0.99 1.00 0.99 0.99 
1030 8.945 125.033 0.38 1.00 0.99 1.01 1.00 1.00 1.02 1.00 0.99 1.00 1.00 1.00 1.03 1.00 1.00 1.00 1.02 0.99 1.00 1.00 1.00 1.00 1.02 1.00 1.00 1.00 1.00 0.99 1.02 1.00 0.99 1.02 1.00 1.00 1.02 1.00 0.97 
1031 9.166 111.965 1.00 0.99 1.00 1.00 0.99 1.00 1.00 0.99 1.00 1.00 0.99 1.00 1.00 1.00 1.00 1.00 0.99 1.00 1.00 1.00 1.00 1.00 0.99 0.99 1.00 1.00 1.00 1.00 1.00 0.98 1.00 1.00 1.00 1.00 1.00 0.98 
1032 7.660 118.257 1.01 1.00 1.00 1.01 1.00 1.00 1.01 1.01 1.00 1.00 1.00 1.00 1.00 1.01 1.00 1.00 1.01 1.00 0.99 1.01 1.00 1.00 1.01 1.00 1.00 1.00 1.00 1.01 1.01 1.00 1.00 1.00 1.00 1.01 1.00 1.00 0.98 
1033 8.933 109.855 1.00 0.99 1.00 1.00 0.99 1.00 1.00 0.99 1.00 1.00 0.99 1.00 1.00 1.00 1.00 1.00 0.99 0.99 1.00 1.00 1.00 1.00 0.99 0.99 1.00 1.00 1.00 1.00 1.00 0.98 1.00 1.00 1.00 1.00 0.99 0.98 
1034 8.243 118.793 4.12 1.00 1.00 1.00 1.00 1.00 1.01 1.00 1.00 1.00 1.01 1.00 1.00 1.01 1.00 1.00 1.01 1.00 1.00 1.01 1.00 1.00 1.01 1.00 1.00 1.00 1.00 1.00 1.01 1.00 1.00 1.00 1.00 1.00 1.00 1.00 0.98 
1035 7.050 118.818 1.01 0.99 0.99 1.00 0.99 0.98 1.00 1.00 1.00 1.01 0.98 1.02 1.00 1.00 1.00 1.00 0.99 1.00 1.01 1.00 1.00 1.01 1.00 1.00 1.00 1.00 1.00 1.01 0.98 0.99 0.99 1.00 1.00 1.00 0.98 0.98 
1036 8.953 130.654 -1.32 1.00 1.00 1.01 1.01 1.00 1.03 1.00 1.00 1.01 1.00 1.00 1.03 1.00 1.00 1.00 1.01 1.00 1.02 1.00 1.00 1.00 1.01 1.00 1.01 1.00 1.00 1.00 1.01 1.00 1.00 1.00 1.00 1.00 1.01 1.00 0.97 
1037 8.860 127.921 1.00 1.00 0.98 1.00 0.99 0.97 1.00 1.00 0.99 1.00 0.99 0.98 1.00 0.99 0.99 1.00 0.99 0.98 1.00 0.99 0.99 0.99 0.99 1.00 1.00 0.99 0.99 1.00 0.98 1.01 1.00 0.99 1.00 1.00 0.99 1.00 
1038 8.501 122.278 1.12 1.00 1.00 1.01 1.01 1.00 1.02 1.00 1.00 1.01 1.01 0.99 1.01 1.01 1.00 1.00 1.01 1.00 1.00 1.01 1.00 1.01 1.01 1.00 0.99 1.01 1.00 1.00 1.01 1.00 0.99 1.01 1.00 1.01 1.01 1.00 0.98 
1041 8.379 107.746 1.00 0.99 1.00 1.00 0.99 1.00 1.00 0.99 1.00 1.00 0.99 1.00 1.00 1.00 0.99 1.00 1.00 0.99 1.00 1.00 1.00 1.00 1.00 0.98 1.00 1.00 0.99 1.00 1.00 0.98 1.00 1.00 0.99 1.00 1.00 0.98 
1043 8.446 110.327 1.36 1.01 1.00 1.00 1.01 1.00 1.00 1.01 1.00 1.00 1.01 1.00 1.00 1.01 1.00 1.01 1.01 1.00 1.00 1.00 1.00 1.01 1.01 1.00 1.01 1.00 1.00 1.01 1.01 1.00 1.02 1.00 1.00 1.01 1.01 1.00 1.00 
1044 8.035 127.225 1.00 1.00 0.99 1.00 1.00 0.97 1.00 1.00 1.00 1.00 1.00 0.98 1.00 1.00 1.00 1.00 0.99 0.99 1.00 0.99 1.00 1.00 0.99 0.99 1.00 0.99 1.00 1.00 0.99 1.00 1.00 0.99 1.00 1.00 0.99 1.00 
1045 9.494 115.900 0.54 1.00 1.00 1.00 1.01 1.00 1.00 1.00 1.00 1.00 1.01 1.00 1.00 1.01 1.00 1.00 1.02 1.00 1.00 1.00 1.00 1.01 1.01 1.00 1.00 1.00 1.00 1.01 1.01 1.00 1.01 1.00 1.00 1.00 1.00 1.00 0.98 
1046 7.151 110.711 1.00 0.99 1.00 1.00 0.99 1.00 1.00 0.99 1.00 1.00 0.99 1.00 1.00 1.00 1.00 1.00 0.99 0.99 1.00 1.00 0.99 1.00 0.99 0.99 1.00 1.00 1.00 1.00 1.00 0.98 1.00 1.00 0.99 1.00 0.99 0.97 
1048 7.537 115.400 0.27 1.01 1.00 1.00 1.01 1.00 1.00 1.01 1.00 1.00 1.01 1.00 0.99 1.01 1.00 1.01 1.01 1.00 1.00 1.01 1.00 1.00 1.01 1.00 1.01 1.00 1.00 1.01 1.02 1.00 1.01 1.00 1.00 1.01 1.00 1.00 0.98 
1049 8.749 119.762 1.00 1.00 0.99 1.00 0.99 0.99 1.00 1.00 0.99 1.00 0.99 0.99 1.00 0.99 1.00 1.00 0.99 1.00 1.00 0.98 1.00 1.00 0.99 1.00 1.00 0.99 0.99 1.00 0.99 1.00 1.00 1.00 0.99 1.00 0.99 0.99 
1050 8.707 124.428 0.44 1.00 1.01 1.03 1.01 1.00 1.03 1.01 1.00 1.03 1.01 1.00 1.01 1.00 1.01 1.01 1.02 1.00 0.99 1.03 1.00 1.00 1.03 1.01 0.99 1.03 1.00 1.00 1.03 1.00 0.99 1.02 1.00 1.01 1.03 0.99 0.97 
1052 8.978 126.825 1.00 1.00 0.99 1.00 1.00 0.97 1.00 1.00 0.99 1.00 0.99 0.98 1.00 1.00 0.99 1.00 1.00 0.99 1.00 1.00 0.99 1.00 0.99 1.00 1.00 0.99 1.00 1.00 0.99 1.00 1.00 0.99 1.00 1.00 0.99 1.00 
1053 8.194 119.900 0.33 1.00 1.00 1.01 1.01 1.00 1.01 1.01 1.00 1.01 1.01 1.00 1.00 1.01 1.00 1.00 1.02 1.00 0.99 1.01 1.00 1.00 1.02 1.00 0.99 1.01 1.00 1.01 1.01 1.00 1.00 1.00 1.00 1.01 1.00 1.00 0.98 
1054 8.094 114.313 1.00 1.00 0.99 1.00 0.99 1.00 1.00 0.99 1.00 1.00 0.99 1.01 1.00 0.99 1.00 1.00 0.98 1.00 1.01 0.99 0.99 1.00 0.99 0.99 0.99 0.99 0.99 1.00 0.99 0.99 1.00 1.00 0.98 1.00 1.00 0.98 
1055 8.408 110.570 0.26 1.01 0.99 1.01 1.02 0.99 0.98 1.02 1.00 1.01 1.03 1.00 0.99 1.02 0.99 1.02 1.02 1.01 1.00 1.00 1.01 1.02 1.00 1.00 1.02 1.00 1.00 1.02 1.01 1.00 1.02 1.00 1.00 1.01 1.01 0.99 0.99 
1056 7.812 119.109 1.00 1.00 0.99 1.00 0.99 0.99 1.00 0.99 1.00 1.00 0.99 0.99 1.00 0.99 1.00 1.00 0.99 1.00 1.00 0.99 1.00 1.00 0.99 1.00 1.00 1.00 1.00 1.00 0.99 1.00 1.00 0.99 0.99 1.00 0.99 0.99 
1059 9.003 123.748 0.22 1.00 1.00 1.00 1.01 1.00 1.03 1.01 1.00 1.01 1.01 1.00 1.02 1.01 1.00 1.01 1.01 1.00 1.01 1.02 1.00 1.00 1.01 1.00 0.99 1.01 1.00 0.99 1.00 0.99 1.00 1.00 1.00 1.00 1.00 1.00 0.97 
1062 7.887 115.966 1.01 0.99 0.99 1.00 0.98 0.99 1.00 0.98 1.00 1.00 0.98 1.00 1.00 0.97 1.00 1.00 0.97 1.00 1.00 0.98 1.00 1.00 0.98 0.99 1.01 0.98 0.99 1.00 0.99 0.99 1.00 0.99 0.99 1.00 0.99 0.99 
1066 8.104 117.897 1.01 1.00 0.99 1.01 1.01 1.00 1.01 1.00 1.00 1.00 1.01 1.00 1.00 1.00 1.00 1.00 1.02 1.00 1.00 1.01 1.01 1.01 1.03 1.00 1.00 1.01 1.00 1.01 1.01 1.00 1.01 1.01 1.00 1.00 1.01 0.99 0.99 
1069 8.292 125.102 1.00 1.00 0.98 1.00 0.98 0.97 1.00 0.99 0.99 1.00 0.99 0.98 1.00 0.99 0.98 1.00 0.97 0.99 1.00 0.98 0.99 1.00 0.97 1.00 1.00 0.98 0.99 1.00 0.97 1.01 1.00 0.98 0.99 0.99 0.97 1.00 
1071 8.615 120.342 0.52 1.01 0.99 1.00 1.01 1.00 1.02 1.00 1.01 1.01 1.01 1.00 1.00 1.01 1.00 1.00 1.02 1.00 1.00 1.02 1.00 1.00 1.02 0.99 0.99 1.01 1.00 1.00 1.02 1.00 1.00 1.01 1.00 1.02 1.01 1.00 0.98 
1072 8.701 120.111 1.00 1.00 0.99 1.00 0.99 0.98 1.00 1.00 0.99 1.00 0.99 1.00 0.99 0.99 1.00 1.01 0.99 1.00 1.00 0.99 1.00 1.00 0.99 1.00 1.00 1.00 1.00 1.00 0.99 1.00 1.00 1.00 0.99 1.00 0.99 0.99 
1073 8.278 132.376 0.63 1.00 1.01 1.03 1.01 0.99 1.03 1.00 1.00 1.02 1.00 1.00 1.03 1.01 1.00 1.01 1.01 1.01 1.03 1.00 0.99 1.02 1.01 1.00 1.01 1.00 0.99 1.01 1.01 1.00 1.00 1.01 1.00 1.01 1.01 1.01 0.97 
1077 8.894 124.400 1.00 1.00 0.98 1.00 0.99 0.98 1.00 1.00 0.99 1.00 0.99 0.99 1.00 0.99 0.99 1.00 0.99 1.00 1.00 0.99 0.99 1.00 0.98 1.00 1.00 0.99 0.99 1.00 0.98 1.01 1.00 0.99 0.99 1.00 0.99 1.00 
1078 8.510 115.517 0.70 1.00 1.00 1.01 1.01 1.01 1.00 1.00 1.00 1.00 1.01 1.00 1.00 1.01 1.00 1.00 1.01 1.00 1.00 1.00 1.00 1.00 1.01 1.00 1.00 1.01 1.00 1.01 1.01 1.00 1.01 1.00 1.00 1.01 1.01 1.00 0.99 
1079 8.423 123.126 1.00 1.00 1.00 1.00 0.99 0.98 1.00 1.00 1.00 1.00 1.00 0.99 1.00 1.00 1.00 1.00 0.99 1.00 1.00 0.99 1.00 1.00 0.99 1.00 1.00 0.99 1.00 1.00 0.98 1.00 1.00 0.99 1.00 1.00 0.99 0.99 
1080 8.555 128.961 0.10 0.99 1.00 1.02 1.01 0.99 1.03 1.00 1.01 1.01 1.01 1.00 1.03 1.00 1.01 1.02 1.01 1.00 1.02 1.01 1.00 1.02 1.01 1.01 1.01 1.02 1.01 1.00 1.02 1.00 1.00 1.01 1.01 1.01 1.02 0.99 0.97 
1081 8.499 116.458 1.00 1.00 1.00 1.00 0.99 0.99 1.00 0.99 1.00 1.00 0.99 1.00 1.00 0.99 1.00 1.00 0.99 1.00 1.00 0.99 1.00 1.00 0.99 1.00 1.00 1.00 1.00 1.00 0.99 0.99 1.00 1.00 0.99 1.00 1.00 0.99 
1082 7.778 107.386 0.20 1.00 1.00 1.00 1.01 1.00 1.00 1.01 1.00 1.00 1.01 1.00 1.01 1.00 1.00 1.00 1.00 1.00 1.01 1.00 1.00 1.00 1.01 1.00 1.02 1.00 1.00 1.00 1.01 1.00 1.02 0.99 1.00 1.00 1.00 1.00 1.00 
1083 8.375 118.222 1.00 1.00 1.00 1.00 0.99 0.99 1.00 1.00 1.00 1.00 0.99 1.00 1.00 0.99 1.00 1.00 0.99 1.00 1.00 1.00 1.00 1.00 0.99 1.00 1.00 1.00 1.00 1.00 0.99 1.00 1.00 1.00 1.00 1.00 0.99 0.99 
1084 7.406 120.965 0.80 1.00 1.00 1.00 1.01 1.00 1.02 1.00 1.00 1.00 1.01 1.00 1.01 1.00 1.00 1.00 1.01 1.00 1.00 1.00 1.00 1.00 1.01 1.00 1.00 1.00 1.00 1.00 1.01 1.00 1.00 1.01 1.00 1.00 1.01 1.00 0.98 
1086 8.743 123.780 1.00 1.00 1.00 1.00 0.99 0.98 1.00 1.00 1.00 1.00 0.99 0.98 1.00 0.99 1.00 1.00 0.99 0.99 1.01 0.99 1.00 1.00 0.98 0.99 1.00 0.99 1.00 1.00 0.99 1.00 1.00 0.99 1.00 1.00 0.99 1.00 
1090 8.243 116.722 1.18 1.00 1.00 1.00 1.00 1.00 1.01 1.00 1.00 0.99 1.01 1.00 1.00 1.00 1.00 1.00 1.00 1.00 1.00 1.00 1.01 1.00 1.00 1.00 1.00 1.00 1.00 1.00 1.00 1.00 1.01 1.00 1.00 1.00 1.00 1.00 0.98 
2031 8.315 111.416 0.99 0.99 1.00 0.99 1.00 1.00 0.99 0.98 1.01 1.01 1.00 1.00 1.01 1.00 1.00 1.01 0.98 0.99 1.00 1.00 1.02 0.99 1.00 0.98 1.00 1.00 1.00 1.00 1.01 0.98 0.99 0.99 1.00 1.00 1.00 0.98 
2033 8.336 109.767 1.13 1.00 1.00 1.02 1.01 0.99 0.99 1.00 1.00 1.00 1.01 1.02 0.98 1.00 1.00 1.01 1.01 1.01 1.02 1.00 0.99 1.01 1.02 0.99 1.02 1.00 1.00 1.01 1.01 0.99 1.02 1.01 1.00 1.01 1.01 0.99 0.99 
2043 8.354 110.663 1.01 0.98 1.02 1.00 0.99 1.00 1.00 1.00 1.01 1.00 1.00 0.98 1.01 0.99 1.01 1.00 0.99 1.00 1.02 0.99 0.99 0.98 0.99 0.99 0.99 1.00 1.00 1.00 0.99 0.96 1.01 1.00 0.99 1.01 0.99 0.97 
2045 8.256 108.549 0.90 1.03 1.00 0.99 1.01 1.00 1.00 0.98 1.01 1.01 1.01 1.01 1.00 1.01 0.99 1.02 0.98 1.00 1.00 0.99 1.00 0.97 1.02 1.03 1.00 1.02 0.99 1.01 0.99 1.01 1.00 1.01 1.01 1.00 1.01 0.98 0.98 
2055 8.177 110.886 1.00 1.00 1.00 0.99 0.98 0.98 1.01 1.01 1.01 1.01 0.99 1.01 1.00 0.99 0.99 1.01 1.00 0.99 1.01 1.00 1.01 1.02 0.99 1.00 1.02 0.98 0.98 1.00 0.99 0.97 0.99 1.01 1.00 0.99 1.01 0.98 
2070 10.016 128.492 1.28 1.01 0.99 1.03 1.00 1.00 1.04 1.00 1.00 1.02 0.99 1.00 1.03 0.99 1.01 0.99 1.00 1.00 1.00 1.01 0.98 1.01 1.00 1.00 1.01 1.01 1.01 1.02 1.02 1.00 0.99 1.02 1.00 0.99 1.00 0.99 0.96 
2076 8.227 120.441 1.00 1.00 1.00 1.00 1.00 0.99 1.00 1.00 1.00 1.00 1.00 0.99 1.00 1.00 1.00 1.00 0.99 1.00 1.00 1.00 1.00 1.00 0.99 1.00 1.00 1.00 1.00 0.99 0.99 1.00 1.00 1.00 1.00 1.00 1.00 1.00 
2077 8.251 126.679 0.80 1.00 1.00 1.00 1.00 1.00 1.03 1.00 1.00 1.00 1.00 1.00 1.01 1.00 1.00 1.00 1.00 1.00 1.01 1.00 1.00 1.00 1.00 1.00 1.00 1.01 1.00 1.00 1.00 1.00 1.00 1.01 1.00 0.99 1.00 1.00 0.97 
2078 7.981 119.573 1.00 0.99 1.00 1.00 1.00 0.99 0.99 0.99 1.00 1.00 1.00 1.00 1.00 0.99 1.00 1.00 1.00 1.00 1.00 0.99 1.00 1.00 0.99 1.00 1.00 0.99 1.00 1.00 1.00 1.00 1.00 1.00 1.00 1.00 1.00 0.99 
2081 8.273 121.460 2.62 1.00 1.01 1.00 1.00 1.00 1.02 1.00 1.00 1.00 1.00 1.00 1.00 1.00 1.00 1.00 1.00 1.00 1.00 1.01 1.00 1.00 1.01 1.00 0.99 1.00 1.00 1.00 1.00 1.00 1.00 1.00 1.00 1.00 1.00 0.99 0.97 
2082 7.889 114.574 1.00 1.00 1.00 1.00 1.00 1.00 1.00 0.99 1.00 1.01 1.00 1.00 1.00 0.99 1.00 1.00 1.00 1.00 1.00 1.00 1.01 1.00 1.00 0.99 1.00 0.99 1.00 1.00 1.00 0.99 1.00 1.00 1.00 1.00 1.00 0.98 
2083 8.272 121.090 1.48 1.00 1.00 1.00 1.00 1.00 1.02 1.00 1.00 1.00 1.00 1.00 1.01 1.00 1.00 1.00 1.01 1.00 1.00 1.00 1.00 1.00 1.00 1.00 0.99 1.00 1.00 1.00 1.00 1.00 1.00 1.00 1.00 1.00 1.00 1.00 0.98 
2084 7.879 122.594 1.00 1.00 1.00 1.00 0.99 0.98 0.99 1.00 1.00 1.00 1.00 0.99 1.00 1.00 1.00 1.00 0.99 1.00 1.00 0.99 1.00 1.00 0.99 1.00 1.00 1.00 1.00 1.00 1.00 1.00 1.00 0.99 1.00 1.00 1.00 1.00 
2094 8.062 126.641 0.22 1.00 1.00 1.01 1.00 1.00 1.03 1.01 1.00 1.00 1.00 1.00 1.01 1.00 1.00 1.00 0.99 1.00 1.01 1.01 1.00 1.00 1.00 1.00 1.00 1.01 1.00 1.00 1.01 1.00 1.00 1.01 1.01 1.01 1.01 1.00 0.97 
2095 8.235 127.453 0.99 0.99 1.00 1.00 1.00 0.97 0.99 1.00 1.01 1.00 1.01 0.98 1.01 1.00 0.99 0.99 1.00 0.98 1.00 1.00 1.00 1.00 0.99 1.01 0.99 1.00 1.00 1.00 1.00 1.01 1.00 0.99 1.00 1.00 1.00 1.01 
2098 7.907 129.003 -2.75 1.00 1.00 1.00 1.00 1.00 1.03 1.00 1.00 1.01 1.00 1.00 1.02 0.99 1.00 1.00 1.00 1.00 1.02 1.00 1.00 1.00 1.00 1.00 1.01 1.00 1.00 1.00 1.01 1.00 1.00 1.01 0.99 1.00 1.01 1.00 0.97 
2347 9.840 130.075 0.99 1.00 1.00 1.00 0.99 0.98 0.99 1.01 0.99 0.99 0.98 0.97 1.00 0.99 0.99 1.00 1.00 0.97 1.01 1.00 0.99 1.01 0.99 0.98 0.98 0.99 1.00 0.99 0.98 1.00 0.99 0.98 1.00 0.99 0.98 1.00 
3020 8.663 129.525 1.07 1.00 1.00 1.02 1.01 1.00 1.04 0.99 0.99 1.01 1.01 1.01 1.02 1.02 1.00 1.00 1.01 1.00 1.02 1.02 0.99 1.02 1.02 1.00 1.00 1.00 1.01 1.01 1.02 1.01 1.01 1.01 1.00 1.00 1.00 1.02 0.97 
3030 9.040 125.280 1.01 1.00 1.00 1.00 0.99 0.98 1.00 0.99 1.00 1.00 0.99 0.98 1.00 1.00 1.00 1.00 0.99 0.99 1.00 0.99 1.00 1.00 0.98 1.01 0.99 0.99 1.00 1.00 0.99 1.00 1.00 1.00 1.01 0.99 0.99 1.00 
3032 7.657 118.023 7.41 1.00 1.00 1.00 1.01 1.00 1.00 1.00 1.00 1.01 1.01 1.00 1.00 1.01 1.00 1.01 1.01 1.00 0.99 1.01 1.01 1.01 1.01 0.99 0.99 1.01 1.00 1.00 1.01 1.00 1.01 1.00 1.00 1.00 1.00 0.99 0.98 
3034 8.203 118.818 1.00 1.00 1.00 1.00 0.99 0.99 1.00 1.00 1.00 1.00 0.99 1.00 1.00 0.99 1.00 1.00 0.99 1.00 1.00 0.99 1.00 1.00 0.99 1.00 1.00 0.99 1.00 1.00 0.99 1.00 1.00 0.99 1.00 1.00 0.99 0.99 
3035 6.993 118.577 0.22 1.01 1.01 1.00 1.02 1.00 1.01 1.00 1.00 0.99 1.01 1.00 1.00 1.01 1.00 1.00 1.01 0.99 0.99 1.00 1.00 1.00 1.00 1.01 0.99 1.00 1.00 1.00 1.00 1.00 1.00 1.01 1.00 1.01 1.00 1.00 0.98 
3036 8.868 130.587 0.99 1.01 0.99 0.99 0.98 0.95 1.00 1.00 0.99 1.00 1.00 0.98 1.00 0.99 1.00 1.00 0.99 0.98 1.00 1.00 0.99 1.00 0.99 0.98 1.00 1.00 1.01 1.01 0.97 1.00 1.00 1.00 1.00 1.00 0.98 0.99 
3040 8.893 120.680 19.09 1.00 1.00 1.00 1.01 0.99 1.02 1.00 1.00 1.01 1.01 1.00 1.00 1.00 1.00 1.01 1.01 0.99 1.00 1.01 1.00 1.00 1.02 0.99 0.99 1.00 1.00 1.00 1.02 1.00 1.00 1.00 1.00 1.01 1.01 1.01 0.98 
3041 8.484 107.895 1.00 0.99 1.00 1.00 0.99 1.00 1.00 0.99 1.00 1.00 0.99 1.00 1.00 1.00 0.99 1.00 0.99 0.99 1.00 1.00 1.00 1.00 1.00 0.98 1.00 1.00 1.00 0.99 0.99 0.97 1.00 1.00 0.99 1.00 0.99 0.97 
3043 8.446 109.818 0.90 1.01 1.00 1.01 1.02 0.99 0.99 1.01 1.00 1.00 1.01 1.00 1.00 1.01 1.00 1.00 1.01 1.00 1.00 1.00 1.00 1.00 1.01 1.00 1.01 1.00 1.00 1.01 1.02 1.00 1.02 1.00 1.00 1.01 1.01 1.00 0.99 
3044 7.976 126.761 1.00 1.00 1.00 1.00 0.99 0.97 1.00 1.00 0.99 1.00 0.99 0.98 1.00 0.99 0.99 1.00 0.99 0.99 1.00 0.99 0.99 1.00 0.99 1.00 1.00 0.99 1.00 1.00 0.99 1.00 1.00 0.99 1.00 1.00 0.99 1.01 
3045 9.453 115.771 0.28 1.00 0.99 1.01 1.01 0.99 1.01 1.01 1.00 1.00 1.02 0.99 0.99 1.01 1.00 1.00 1.01 1.00 1.00 1.00 1.01 1.00 1.02 1.00 1.01 1.01 1.00 1.00 1.01 1.00 1.01 1.01 1.00 1.00 1.01 0.99 0.98 
3051 8.349 127.667 1.00 1.00 1.00 1.00 1.00 0.97 1.00 1.00 1.00 1.00 1.00 0.97 1.00 1.00 1.00 1.00 1.00 0.98 1.00 1.00 1.00 0.99 1.00 1.00 1.00 0.99 1.00 1.00 1.00 1.00 1.00 0.99 1.00 0.99 0.99 1.00 
3056 7.718 118.750 0.42 1.00 0.99 1.01 1.02 1.00 1.01 1.00 1.00 1.00 1.02 1.00 1.00 1.01 1.00 1.00 1.02 1.01 0.99 1.01 1.00 1.00 1.02 1.00 1.00 1.01 1.01 1.00 1.02 1.01 1.00 1.01 1.00 1.01 1.01 1.00 0.98 
3057 8.708 123.452 1.00 1.00 0.99 1.00 0.99 0.98 1.00 1.00 0.99 1.00 0.98 0.98 1.00 1.00 1.00 1.00 0.98 0.99 1.00 0.99 1.00 1.00 0.98 1.00 1.00 0.99 0.99 1.00 0.98 1.00 1.00 0.99 0.99 1.00 0.98 1.00 
3073 8.333 132.779 0.48 1.00 1.00 1.01 1.02 1.00 1.03 0.98 1.00 1.00 1.03 1.00 1.02 1.00 1.01 1.00 1.01 1.00 1.03 1.00 1.00 1.00 1.02 1.00 1.02 1.01 1.01 1.00 1.01 0.99 1.00 1.01 1.00 1.00 1.02 0.99 0.98 
3077 8.342 127.195 1.00 1.00 1.00 1.00 1.00 0.97 1.00 1.00 1.00 1.00 1.00 0.98 1.00 0.99 1.00 1.00 1.00 0.99 1.00 0.99 1.00 1.00 1.00 0.99 1.00 0.99 1.01 1.00 0.99 1.00 1.00 1.00 1.00 1.00 1.00 1.00 
3078 8.509 115.130 0.24 1.00 1.00 1.00 1.01 1.00 1.00 1.00 1.00 1.01 1.02 1.00 1.00 1.01 1.00 0.99 1.02 1.00 1.00 1.00 0.99 1.00 1.01 1.00 1.00 0.99 1.00 1.01 1.01 1.00 1.01 1.00 1.00 1.00 1.00 1.00 0.99 
3080 8.392 129.529 1.00 1.00 1.00 0.99 0.99 0.97 1.00 1.00 1.00 1.00 0.99 0.97 1.00 1.00 1.00 0.99 0.98 0.99 1.00 1.00 1.00 1.00 0.98 0.99 1.01 1.00 1.00 1.00 0.98 0.99 1.00 0.99 1.00 1.01 0.98 1.00 
3082 7.738 107.241 1.89 1.01 1.01 1.00 1.03 1.00 0.99 1.00 1.00 1.00 1.01 1.00 1.01 0.99 1.00 1.01 1.00 1.01 1.01 1.01 1.00 1.00 1.01 0.99 1.01 1.00 0.99 1.00 1.01 1.00 1.03 1.00 1.00 1.01 1.01 1.00 1.00 
4038 8.653 121.716 1.00 1.00 0.98 1.00 0.99 0.97 1.00 1.00 0.98 1.00 0.99 0.98 1.00 0.99 0.99 1.00 0.98 1.00 1.01 0.98 0.99 1.00 0.98 1.01 1.00 0.98 0.99 1.00 0.98 1.00 1.01 0.99 0.98 1.00 0.99 1.01 
4049 8.779 119.453 0.65 1.00 1.00 1.00 1.00 1.00 1.02 1.01 0.99 1.00 1.01 1.00 1.01 1.00 1.01 1.01 1.01 1.00 1.00 1.01 1.00 1.00 1.01 1.00 1.00 1.01 1.00 1.00 1.01 1.00 1.00 1.00 0.99 1.01 1.02 1.00 0.99 
4059 9.114 123.562 0.99 1.00 1.00 1.01 1.00 0.97 0.99 0.98 0.98 1.00 0.94 0.98 1.01 1.03 1.00 1.01 1.00 0.99 0.98 1.00 0.99 1.02 1.00 0.97 0.97 0.99 0.99 1.01 0.99 1.02 1.02 0.97 1.01 0.97 0.99 0.99 
4071 8.740 120.633 -2.55 0.99 1.00 1.01 1.00 1.00 1.01 1.01 1.01 1.00 1.00 1.00 1.00 1.00 1.00 1.00 1.01 1.00 0.99 1.01 1.01 1.00 1.02 1.00 0.99 1.01 1.01 1.01 1.01 1.00 1.00 1.00 0.99 1.02 1.00 1.00 0.98 
4080 7.803 120.561 1.00 1.00 0.98 1.01 0.99 0.98 1.00 1.00 0.99 1.00 0.98 1.01 1.01 0.98 0.99 1.00 0.97 1.00 1.00 0.99 0.99 1.00 0.98 1.00 1.00 1.00 0.99 1.00 0.99 1.01 1.01 1.00 0.99 0.99 0.99 0.99 
