A14 3289 4410 3168 4542 4537 2757 5275 4393 4704 4479 4999 3454 3318 4342 8572 8690 
A20 6516 7194 11096 6070 8530 9798 9306 9753 11090 10520 10733 9659 11499 10902 18409 17795 
A29 3768 2798 4080 3751 3124 3390 4190 4155 4553 4731 3781 4329 4488 3892 6240 7205 
A30 2837 4028 3481 4058 4119 4489 4380 4846 3872 5084 5295 4013 4368 5717 8577 8428 
A31 14311 15493 15210 14329 13333 15260 13611 12746 14408 12838 10277 14194 12952 10061 21097 21102 
A32 10379 10918 9580 9154 11842 9731 11927 11637 8960 12162 11057 10200 11754 9851 15779 17366 
A33 17529 16517 15978 16903 16496 15037 16504 14337 16256 13584 11927 16013 12331 10143 23466 26101 
A34 18708 18508 21282 18493 21552 22549 22003 21945 20951 21276 20227 22758 19344 18679 32838 32255 
A35 1890 2493 1225 1847 1488 1307 2808 2840 2586 1712 2493 2577 2528 1311 3345 3176 
A36 4991 5202 8794 4695 5776 9775 8279 8744 9323 9061 9244 9491 9279 10280 14590 15093 
A37 4477 3658 3514 3469 3635 3368 4207 4223 3892 5332 5389 4079 4663 4394 7896 8303 
A38 3501 3021 2908 3994 4148 3530 3810 4286 2734 4838 4667 2841 4189 3853 7398 8469 
A41 10641 12653 11005 10170 12019 10879 10619 10725 10522 8816 8139 11214 8464 6664 17276 17464 
A42 3065 2791 2994 2955 3958 2898 3286 4016 2820 4025 4320 2347 4101 3242 7414 7936 
A43 10481 10402 9751 10372 10825 9097 10990 9254 9278 9052 8193 8871 7797 7161 17290 16690 
A44 9808 8462 11820 8750 11722 12970 12205 13891 12368 13825 13863 12006 13565 13626 19054 19902 
A45 8007 7356 8142 6786 7292 6960 8526 9125 7755 7933 7396 7277 6384 6599 12003 12630 
A46 6334 5827 6375 7039 6145 7082 5865 5102 5885 4807 5676 6228 4934 4899 9573 9731 
A48 2872 3053 2728 3401 3134 2164 3316 3061 2413 2912 3430 3050 3147 2413 6138 6311 
A49 4280 3583 3856 4021 4186 4456 4554 3614 3291 3913 3137 3171 4150 3022 6589 6587 
A50 4606 3447 3167 4600 4832 3723 5771 4729 3801 5549 5513 4111 5090 5387 9115 9348 
A51 790 -163 1092 -111 533 1724 1064 184 1860 688 1245 773 500 769 1126 728 
A52 9081 9645 12616 9052 11284 12876 12449 14678 13171 14283 14885 12112 13910 14373 23900 23738 
A53 8221 8056 6758 7830 8316 6433 8440 8843 6831 9288 8727 6953 9480 6799 14204 14049 
A54 6813 6547 7032 8022 8072 5589 7394 6912 7274 7211 6892 6753 6720 5590 12876 12738 
A55 6383 6420 4918 6606 6366 4423 7287 5939 4225 5987 5045 4250 4716 3969 10163 11969 
A56 5738 5961 5119 5191 5505 4755 6374 6852 5857 6508 5483 5779 6659 5484 9904 9738 
A59 2584 3486 3545 3694 3925 3342 3138 3405 3148 3630 3821 4120 4806 3459 6968 6413 
A62 5966 6063 5776 6223 6754 6457 7683 7180 5286 7112 5710 6551 6083 4352 11132 11575 
A66 5359 4732 4389 4873 5828 5289 4990 4976 5984 5984 4522 4798 5090 4599 8923 8977 
A69 6624 7228 7920 6961 7648 7492 9656 9257 7852 10004 10064 8761 10404 8623 20566 19313 
A71 2892 2823 3214 3737 3143 2458 3070 4258 2916 3414 2846 3457 3385 3552 6810 6598 
A72 7307 7054 7818 7016 8095 7527 7192 8106 7623 9015 8073 7279 7720 6962 11496 12556 
A73 1797 3050 4066 2813 3106 4979 3112 4437 4031 4575 5727 3807 5226 5163 8609 8191 
A77 3320 3643 3150 3609 4716 3462 4401 5216 3078 4998 4923 2989 4693 4376 8445 8855 
A78 4674 4942 3087 5345 5345 3415 6128 5549 3510 5734 4558 2735 4253 3946 8737 8570 
A79 7358 8384 9708 7324 8137 9532 9176 9852 9770 9660 10161 10044 10107 9765 16814 16739 
A80 2618 2272 3497 2427 2870 4039 3342 3976 3904 3997 4961 4005 4582 4610 8350 7282 
A81 19304 20186 18204 18156 20302 20693 20773 20976 18931 20250 19066 20384 17868 16089 30618 30910 
A82 9245 9829 8059 9445 9368 8330 8292 7941 9136 6393 6505 9269 7578 5273 15645 13751 
A83 15149 14588 16749 13050 17252 16513 16551 17851 16449 16075 16244 17296 16016 14089 26885 25753 
A84 11801 10515 15017 11280 12094 13678 13997 15369 12568 13924 13248 13926 15391 11939 21618 21513 
A86 3155 3414 4192 3176 4093 4313 4288 4679 3827 5273 5703 3278 5289 4427 8693 7949 
A90 1643 2035 2453 2384 1802 1895 2356 2245 1658 1401 1727 2342 2156 2680 2987 3196 
1961 510 159 588 240 687 136 423 1013 214 315 1029 649 1020 212 1289 719 
B31 1581 1498 1267 1704 1316 1936 1486 889 1370 426 549 1594 689 630 1253 1037 
B33 1839 1271 1719 1173 1407 1473 1388 1423 1183 959 885 1399 850 671 1301 2461 
B41 1402 1298 680 590 1229 582 708 348 963 619 987 820 107 -18 1510 581 
B43 1280 1011 1209 664 966 648 1240 1095 -341 1194 215 1596 946 1104 897 1447 
B45 1417 505 704 619 703 497 1227 781 673 506 868 523 303 718 498 1393 
B55 888 1648 975 1234 922 1144 1650 864 1762 841 1038 2017 916 1095 1226 637 
B70 994 1222 1605 1287 1038 561 1325 1550 1744 2146 2244 1222 1745 2151 3112 3613 
B76 1732 1079 1768 1701 1094 1594 1726 1398 1124 1141 1432 1729 1875 1068 2196 2054 
B77 1246 621 1807 399 1828 1889 1500 954 1564 2219 2157 1494 1870 1374 2201 2145 
B78 968 1337 1050 408 1028 638 1443 1929 1173 2019 1804 1389 1620 1149 1792 1798 
B81 2000 2010 3064 1837 2487 2987 2803 2189 2441 2067 1188 2165 2131 1506 3077 2515 
B82 2244 2046 2480 1876 2614 1591 1968 2001 1802 1645 2736 2184 2215 1427 2408 2156 
B83 1096 899 1681 1017 1379 2346 2548 2115 2128 2066 2183 1814 1882 1637 2727 2155 
B84 1745 1830 1945 1232 2898 1675 2322 2149 1943 2238 2296 2692 1621 1377 1803 2494 
B94 976 710 1544 1145 1401 1765 1619 1573 1762 1521 1722 660 1399 1703 2438 1988 
B95 881 1004 1387 916 1869 2132 1243 1561 1474 2115 1545 1948 1106 2134 1484 2565 
B98 2708 2100 3012 1720 2750 2864 2466 3041 1986 2336 3258 2778 2861 3590 2209 3086 
C20 1839 1768 1456 2389 2071 2193 2613 2014 2425 2487 3311 2533 3133 3276 4949 4717 
C30 1246 1069 679 965 988 1519 1075 464 1262 1885 449 1124 680 1187 1881 2030 
C34 1879 1798 2367 1219 1655 1910 2173 1704 1416 1616 2391 1285 1654 1719 3488 4471 
C40 675 -111 617 513 952 627 353 1308 113 162 379 123 991 1064 1642 1988 
C41 1376 2210 627 1631 2223 1455 991 1340 1670 818 962 884 1385 1398 2183 3192 
C43 1132 1229 1506 730 1286 1154 479 1033 804 1343 1046 1032 772 959 2713 2278 
C44 1464 748 150 863 1169 700 1408 847 869 1998 1378 956 1459 1773 3640 2661 
C56 1621 1736 779 1501 1236 936 1691 1836 1052 2033 1256 1167 1523 2015 2951 3897 
C77 1078 1039 2339 1745 1394 2270 1750 2983 1828 2018 2271 1912 1623 2890 2441 3099 
D38 4434 3775 3424 3716 4420 3210 5309 4688 4500 5973 4591 3306 5664 4660 7548 7677 
D49 1911 2235 2537 2471 2526 2245 2156 2979 2988 2240 2204 1366 2635 2081 3737 3679 
D59 892 1359 665 1808 1436 953 873 661 1261 2139 1542 1833 1444 1909 2160 2352 
D71 3746 3356 3415 3130 4245 2842 3766 4548 3716 4991 3549 3222 3708 3758 5353 6021 
D80 1700 1561 1583 1567 1172 1713 2103 1471 2081 2384 2268 2516 1748 2416 3615 2955 
