500_RD_401 2 8.02583 117.44333 1.029 78210 79331 1014
500_RD_401 4 8.02577 117.44359 1.036 78089 79463 1014
500_RD_401 6 8.02583 117.44354 0.956 79458 77678 1014
500_RD_401 8 8.02602 117.44446 0.978 80196 79314 1014
500_RD_401 10 8.02575 117.44231 0.994 79625 79400 1014
500_RD_401 12 8.02570 117.44212 0.962 79920 78375 1014
500_RD_401 14 8.02557 117.44149 1.027 78239 79263 1014
500_RD_401 16 8.02572 117.44343 1.003 83493 83611 1014
500_RD_401 1 8.43105 129.79059 -6.865 74921 175392 1020
500_RD_401 3 8.43103 129.79017 1.045 176070 179972 1020
500_RD_401 5 8.43104 129.79058 1.029 174946 177406 1020
500_RD_401 7 8.43105 129.79064 0.995 178674 178182 1020
500_RD_401 9 8.43091 129.78924 1.015 178629 179966 1020
500_RD_401 11 8.43113 129.79064 1.002 179396 179609 1020
500_RD_401 13 8.43108 129.79065 1.021 178535 180375 1020
500_RD_401 15 8.43094 129.79025 1.087 179778 187285 1020
500_RD_401 17 8.43103 129.79046 0.826 186671 168876 1020
500_RD_401 2 7.19685 121.77759 0.974 72246 71276 1029
500_RD_401 4 7.19643 121.77790 0.991 72558 72229 1029
500_RD_401 6 7.19652 121.77693 1.007 71602 71868 1029
500_RD_401 8 7.19653 121.77548 0.999 72668 72633 1029
500_RD_401 10 7.19642 121.77719 1.005 73031 73209 1029
500_RD_401 12 7.19681 121.77760 1.015 72259 72807 1029
500_RD_401 14 7.19642 121.77715 0.984 72966 72370 1029
500_RD_401 16 7.19642 121.77659 1.026 74718 75683 1029
500_RD_401 1 8.90888 125.38358 1.423 68478 80434 1030
500_RD_401 3 8.90950 125.38404 0.987 81625 81078 1030
500_RD_401 5 8.90907 125.38537 1.001 81655 81716 1030
500_RD_401 7 8.90874 125.38334 0.997 82086 81977 1030
500_RD_401 9 8.90881 125.38329 0.977 82443 81469 1030
500_RD_401 11 8.90894 125.38281 1.005 82681 82892 1030
500_RD_401 13 8.90890 125.38124 1.009 81610 81965 1030
500_RD_401 15 8.90947 125.38273 1.071 83314 86174 1030
500_RD_401 17 8.90901 125.38337 0.822 86025 77597 1030
500_RD_401 2 9.14155 112.41926 1.010 245529 246711 1031
500_RD_401 4 9.14144 112.41997 0.993 246428 245547 1031
500_RD_401 6 9.14147 112.42000 1.016 244551 246478 1031
500_RD_401 8 9.14124 112.41899 0.993 244829 243964 1031
500_RD_401 10 9.14143 112.41920 0.987 245626 244056 1031
500_RD_401 12 9.14143 112.41939 1.033 241495 245412 1031
500_RD_401 14 9.14161 112.41991 0.977 244170 241279 1031
500_RD_401 16 9.14111 112.41901 1.000 252315 252320 1031
500_RD_401 1 7.65621 118.73151 0.714 231218 192673 1032
500_RD_401 3 7.65628 118.73287 0.986 193212 191874 1032
500_RD_401 5 7.65625 118.73264 1.028 191448 194136 1032
500_RD_401 7 7.65620 118.73220 1.023 192025 194221 1032
500_RD_401 9 7.65621 118.73216 0.973 193931 191254 1032
500_RD_401 11 7.65629 118.73267 0.989 194456 193351 1032
500_RD_401 13 7.65622 118.73193 1.016 192494 194048 1032
500_RD_401 15 7.65617 118.73277 1.064 192145 198073 1032
500_RD_401 17 7.65624 118.73236 0.840 199660 182294 1032
500_RD_401 2 8.91443 110.30298 0.993 276646 275634 1033
500_RD_401 4 8.91449 110.30304 1.007 275095 276020 1033
500_RD_401 6 8.91445 110.30268 0.989 275613 274154 1033
500_RD_401 8 8.91456 110.30272 0.984 275621 273454 1033
500_RD_401 10 8.91459 110.30279 0.981 275373 272701 1033
500_RD_401 12 8.91470 110.30264 1.031 271044 275130 1033
500_RD_401 14 8.91450 110.30263 0.984 271448 269260 1033
500_RD_401 16 8.91438 110.30267 1.019 282583 285218 1033
500_RD_401 1 8.23543 119.20788 2.546 259117 372070 1034
500_RD_401 3 8.23539 119.20815 1.015 371870 374644 1034
500_RD_401 5 8.23535 119.20765 1.017 371855 374914 1034
500_RD_401 7 8.23540 119.20792 0.997 375911 375365 1034
500_RD_401 9 8.23536 119.20756 0.995 375307 374313 1034
500_RD_401 11 8.23539 119.20801 0.994 374638 373589 1034
500_RD_401 13 8.23547 119.20780 0.982 376120 372706 1034
500_RD_401 15 8.23535 119.20791 1.079 372041 386200 1034
500_RD_401 17 8.23540 119.20784 0.846 385617 353362 1034
500_RD_401 2 7.04788 119.30108 1.033 37514 38117 1035
500_RD_401 4 7.04994 119.29736 1.034 36849 37471 1035
500_RD_401 6 7.04822 119.30003 0.990 37112 36931 1035
500_RD_401 8 7.04905 119.29907 1.002 38432 38464 1035
500_RD_401 10 7.04922 119.29920 0.955 38210 37336 1035
500_RD_401 12 7.04997 119.29855 1.004 38117 38201 1035
500_RD_401 14 7.04961 119.29978 0.938 38152 36935 1035
500_RD_401 16 7.04873 119.30025 0.991 38969 38800 1035
500_RD_401 1 8.94180 131.03690 -1.933 35624 147613 1036
500_RD_401 3 8.94187 131.03628 1.050 147824 151416 1036
500_RD_401 5 8.94183 131.03634 1.015 147317 148398 1036
500_RD_401 7 8.94206 131.03599 0.981 152397 150901 1036
500_RD_401 9 8.94156 131.03588 1.008 151366 151945 1036
500_RD_401 11 8.94178 131.03677 1.002 151683 151866 1036
500_RD_401 13 8.94168 131.03736 0.997 152113 151901 1036
500_RD_401 15 8.94189 131.03647 1.058 152902 157212 1036
500_RD_401 17 8.94182 131.03634 0.825 157715 142622 1036
500_RD_401 2 8.83746 128.32328 0.979 78976 78157 1037
500_RD_401 4 8.83734 128.32530 0.999 78013 77968 1037
500_RD_401 6 8.83736 128.32482 0.993 78134 77867 1037
500_RD_401 8 8.83765 128.32458 1.000 78706 78722 1037
500_RD_401 10 8.83754 128.32370 1.037 78391 79831 1037
500_RD_401 12 8.83732 128.32327 0.968 79888 78578 1037
500_RD_401 14 8.83730 128.32390 0.993 79162 78893 1037
500_RD_401 16 8.83713 128.32304 1.010 82395 82802 1037
500_RD_401 1 8.49409 122.63447 0.927 74499 71688 1038
500_RD_401 3 8.49433 122.63483 0.997 71208 71095 1038
500_RD_401 5 8.49428 122.63543 1.004 72181 72335 1038
500_RD_401 7 8.49414 122.63425 1.008 71717 71997 1038
500_RD_401 9 8.49405 122.63326 0.958 72473 70921 1038
500_RD_401 11 8.49419 122.63559 0.995 73025 72854 1038
500_RD_401 13 8.49431 122.63624 1.039 71028 72376 1038
500_RD_401 15 8.49442 122.63343 1.104 72040 75585 1038
500_RD_401 17 8.49421 122.63457 0.801 76656 68187 1038
500_RD_401 2 8.34967 108.20593 1.022 187916 189928 1041
500_RD_401 4 8.34963 108.20685 0.991 188280 187445 1041
500_RD_401 6 8.34952 108.20638 0.988 189294 188154 1041
500_RD_401 8 8.34961 108.20636 1.001 187894 188000 1041
500_RD_401 10 8.34948 108.20629 0.982 187797 186091 1041
500_RD_401 12 8.34934 108.20605 1.034 185414 188489 1041
500_RD_401 14 8.34963 108.20560 0.981 185739 183939 1041
500_RD_401 16 8.34945 108.20657 1.002 194551 194739 1041
500_RD_401 1 8.05365 122.40673 0.225 177275 65234 1042
500_RD_401 3 8.05342 122.40572 1.006 64960 65163 1042
500_RD_401 5 8.05358 122.40613 1.031 65124 66127 1042
500_RD_401 7 8.05353 122.40597 1.012 65067 65455 1042
500_RD_401 9 8.05350 122.40586 0.965 66185 64989 1042
500_RD_401 11 8.05371 122.40694 1.009 66194 66489 1042
500_RD_401 13 8.05362 122.40587 1.056 64516 66270 1042
500_RD_401 15 8.05363 122.40661 1.136 65411 69583 1042
500_RD_401 17 8.05358 122.40626 0.797 70105 62169 1042
500_RD_401 2 8.41930 110.76523 0.999 175977 175898 1043
500_RD_401 4 8.41935 110.76510 1.007 175247 175868 1043
500_RD_401 6 8.41930 110.76453 0.981 176321 174593 1043
500_RD_401 8 8.41925 110.76504 0.981 176486 174750 1043
500_RD_401 10 8.41933 110.76585 0.997 174774 174548 1043
500_RD_401 12 8.41925 110.76457 1.008 173689 174367 1043
500_RD_401 14 8.41922 110.76540 0.993 173293 172657 1043
500_RD_401 16 8.41930 110.76516 0.993 182786 182186 1043
500_RD_401 1 8.01509 127.65152 1.920 165496 217641 1044
500_RD_401 3 8.01507 127.65054 1.032 216295 219653 1044
500_RD_401 5 8.01512 127.65140 1.028 216583 219555 1044
500_RD_401 7 8.01510 127.65169 0.993 220803 220038 1044
500_RD_401 9 8.01505 127.65076 0.986 221724 220201 1044
500_RD_401 11 8.01509 127.65127 1.000 221658 221696 1044
500_RD_401 13 8.01515 127.65074 1.014 219839 221398 1044
500_RD_401 15 8.01507 127.65046 1.050 221459 226887 1044
500_RD_401 17 8.01510 127.65104 0.839 227735 207833 1044
500_RD_401 2 9.47868 116.33732 0.991 138172 137521 1045
500_RD_401 4 9.47911 116.33787 0.981 138307 136951 1045
500_RD_401 6 9.47896 116.33713 0.995 137457 137125 1045
500_RD_401 8 9.47893 116.33550 1.009 138691 139290 1045
500_RD_401 10 9.47897 116.33647 1.003 137920 138098 1045
500_RD_401 12 9.47891 116.33599 0.998 137561 137442 1045
500_RD_401 14 9.47923 116.33661 1.003 136549 136764 1045
500_RD_401 16 9.47911 116.33633 1.009 142168 142795 1045
500_RD_401 1 7.14207 111.21155 0.707 130165 107836 1046
500_RD_401 3 7.14180 111.21145 1.010 107329 107877 1046
500_RD_401 5 7.14192 111.21054 0.984 108541 107647 1046
500_RD_401 7 7.14187 111.21048 0.978 108584 107367 1046
500_RD_401 9 7.14204 111.20995 1.015 106604 107387 1046
500_RD_401 11 7.14180 111.21041 1.016 106309 107178 1046
500_RD_401 13 7.14220 111.21050 0.976 107730 106436 1046
500_RD_401 15 7.14201 111.21119 1.092 106401 111075 1046
500_RD_401 17 7.14195 111.21081 0.839 111233 101502 1046
500_RD_401 2 7.52599 115.88819 1.006 56420 56601 1048
500_RD_401 4 7.52405 115.88740 1.024 56276 56949 1048
500_RD_401 6 7.52516 115.88591 0.966 56682 55712 1048
500_RD_401 8 7.52538 115.88794 0.991 56864 56609 1048
500_RD_401 10 7.52489 115.88615 1.018 55961 56460 1048
500_RD_401 12 7.52505 115.88764 0.987 56978 56598 1048
500_RD_401 14 7.52519 115.88890 0.974 56695 55961 1048
500_RD_401 16 7.52520 115.88891 1.006 59686 59859 1048
500_RD_401 1 8.75459 120.28781 1.942 53548 70693 1049
500_RD_401 3 8.75443 120.28591 1.008 69996 70269 1049
500_RD_401 5 8.75485 120.28697 1.005 70434 70599 1049
500_RD_401 7 8.75439 120.28604 1.003 70869 70967 1049
500_RD_401 9 8.75441 120.28650 0.991 70027 69704 1049
500_RD_401 11 8.75418 120.28689 0.978 70326 69550 1049
500_RD_401 13 8.75461 120.28519 1.029 69584 70563 1049
500_RD_401 15 8.75425 120.28636 1.108 69435 73002 1049
500_RD_401 17 8.75441 120.28650 0.834 73000 66413 1049
500_RD_401 2 8.66740 124.81039 0.974 87398 86239 1050
500_RD_401 4 8.66745 124.81020 1.034 85959 87392 1050
500_RD_401 6 8.66755 124.80959 0.975 87624 86515 1050
500_RD_401 8 8.66779 124.80952 0.977 88563 87521 1050
500_RD_401 10 8.66744 124.81095 1.041 86593 88341 1050
500_RD_401 12 8.66781 124.81000 0.969 88305 86903 1050
500_RD_401 14 8.66783 124.80985 1.007 87882 88179 1050
500_RD_401 16 8.66757 124.80993 1.005 91907 92140 1050
500_RD_401 1 8.31236 128.01383 0.089 82792 13597 1051
500_RD_401 3 8.31230 128.01306 1.220 12644 13899 1051
500_RD_401 5 8.31344 128.01683 1.107 12696 13340 1051
500_RD_401 7 8.31205 128.01685 0.913 14531 13871 1051
500_RD_401 9 8.31188 128.01539 1.296 12991 14667 1051
500_RD_401 11 8.31174 128.01532 1.086 13495 14052 1051
500_RD_401 13 8.31200 128.01639 0.961 13580 13307 1051
500_RD_401 15 8.31213 128.01443 1.054 13576 13933 1051
500_RD_401 17 8.31209 128.01524 0.898 13535 12807 1051
500_RD_401 2 8.93923 127.24983 1.005 231131 231695 1052
500_RD_401 4 8.93924 127.25041 0.970 234666 231102 1052
500_RD_401 6 8.93932 127.25019 1.014 233334 234926 1052
500_RD_401 8 8.93929 127.25086 1.019 234499 236728 1052
500_RD_401 10 8.93921 127.24986 1.009 235221 236333 1052
500_RD_401 12 8.93940 127.24979 0.977 236935 234162 1052
500_RD_401 14 8.93927 127.25046 1.004 235960 236423 1052
500_RD_401 16 8.93928 127.24976 0.999 245950 245788 1052
500_RD_401 1 8.17817 120.24824 0.497 222050 147446 1053
500_RD_401 3 8.17819 120.24819 0.983 147281 145983 1053
500_RD_401 5 8.17819 120.24790 1.007 147055 147541 1053
500_RD_401 7 8.17818 120.24886 1.028 145658 147665 1053
500_RD_401 9 8.17810 120.24678 0.973 148068 146056 1053
500_RD_401 11 8.17820 120.24873 0.992 148513 147952 1053
500_RD_401 13 8.17827 120.24809 1.035 146178 148705 1053
500_RD_401 15 8.17810 120.24807 1.107 146024 153429 1053
500_RD_401 17 8.17818 120.24807 0.832 153274 139225 1053
500_RD_401 2 8.06551 114.68160 0.996 129254 128988 1054
500_RD_401 4 8.06579 114.68047 1.015 129473 130463 1054
500_RD_401 6 8.06556 114.67993 0.963 130513 128030 1054
500_RD_401 8 8.06572 114.68106 0.993 129835 129353 1054
500_RD_401 10 8.06579 114.68045 0.999 129715 129652 1054
500_RD_401 12 8.06562 114.68068 0.998 129333 129194 1054
500_RD_401 14 8.06560 114.68085 0.983 129161 128031 1054
500_RD_401 16 8.06544 114.68088 0.998 135317 135179 1054
500_RD_401 1 8.40181 111.10131 0.751 122441 105040 1055
500_RD_401 3 8.40154 111.10165 0.972 105077 103575 1055
500_RD_401 5 8.40166 111.10173 0.995 105263 105023 1055
500_RD_401 7 8.40173 111.10268 1.057 103080 105944 1055
500_RD_401 9 8.40173 111.10101 0.968 104596 102882 1055
500_RD_401 11 8.40180 111.09986 0.982 104644 103702 1055
500_RD_401 13 8.40202 111.10190 1.009 102907 103373 1055
500_RD_401 15 8.40167 111.10111 1.128 102626 108820 1055
500_RD_401 17 8.40172 111.10133 0.805 110626 98657 1055
500_RD_401 2 7.78706 119.60695 1.004 106643 106866 1056
500_RD_401 4 7.78726 119.60904 1.001 106024 106096 1056
500_RD_401 6 7.78725 119.60744 0.986 106410 105660 1056
500_RD_401 8 7.78705 119.60702 1.009 107279 107757 1056
500_RD_401 10 7.78713 119.60651 1.012 106762 107413 1056
500_RD_401 12 7.78696 119.60547 1.006 106388 106684 1056
500_RD_401 14 7.78706 119.60774 0.978 107564 106389 1056
500_RD_401 16 7.78718 119.60866 0.997 110809 110643 1056
500_RD_401 1 9.00561 124.15131 0.487 100905 66068 1059
500_RD_401 3 9.00526 124.15039 1.002 66970 67029 1059
500_RD_401 5 9.00490 124.15161 1.007 67178 67409 1059
500_RD_401 7 9.00552 124.14950 0.994 66826 66622 1059
500_RD_401 9 9.00547 124.15078 0.992 66889 66632 1059
500_RD_401 11 9.00542 124.14990 1.006 67114 67305 1059
500_RD_401 13 9.00480 124.14995 1.021 67604 68290 1059
500_RD_401 15 9.00514 124.15113 1.111 66943 70452 1059
500_RD_401 17 9.00526 124.15078 0.832 69897 63484 1059
500_RD_401 2 7.85473 116.25957 1.002 115866 115963 1062
500_RD_401 4 7.85469 116.26048 1.008 115676 116123 1062
500_RD_401 6 7.85489 116.25931 0.995 116654 116357 1062
500_RD_401 8 7.85466 116.26025 0.991 117583 117080 1062
500_RD_401 10 7.85478 116.25954 1.032 115186 117012 1062
500_RD_401 12 7.85460 116.26007 1.015 115610 116451 1062
500_RD_401 14 7.85463 116.26008 0.971 115983 114252 1062
500_RD_401 16 7.85470 116.26025 1.007 121032 121475 1062
500_RD_401 1 8.08780 118.31256 0.756 109900 94664 1066
500_RD_401 3 8.08756 118.31294 0.993 94037 93694 1066
500_RD_401 5 8.08810 118.31234 1.020 94178 95133 1066
500_RD_401 7 8.08767 118.31334 0.994 94594 94295 1066
500_RD_401 9 8.08767 118.31260 1.022 94281 95289 1066
500_RD_401 11 8.08796 118.31202 0.970 95289 93827 1066
500_RD_401 13 8.08791 118.31281 1.006 94103 94395 1066
500_RD_401 15 8.08773 118.31266 1.097 93904 98228 1066
500_RD_401 17 8.08779 118.31272 0.833 98282 89305 1066
500_RD_401 2 8.26574 125.49921 1.007 164994 165598 1069
500_RD_401 4 8.26584 125.49838 0.989 166290 165331 1069
500_RD_401 6 8.26580 125.49847 0.998 166018 165862 1069
500_RD_401 8 8.26572 125.49859 0.995 168026 167627 1069
500_RD_401 10 8.26560 125.49788 1.026 166222 168374 1069
500_RD_401 12 8.26563 125.49857 0.985 168434 167131 1069
500_RD_401 14 8.26564 125.49853 0.979 168774 166993 1069
500_RD_401 16 8.26563 125.49741 0.986 178936 177683 1069
500_RD_401 1 8.61680 120.77140 0.241 158370 61472 1071
500_RD_401 3 8.61683 120.77085 1.013 61403 61794 1071
500_RD_401 5 8.61708 120.77290 0.981 62317 61723 1071
500_RD_401 7 8.61684 120.77168 1.020 61038 61650 1071
500_RD_401 9 8.61651 120.77084 0.958 62838 61496 1071
500_RD_401 11 8.61643 120.77265 0.982 61994 61426 1071
500_RD_401 13 8.61653 120.77117 0.998 62037 61965 1071
500_RD_401 15 8.61704 120.77075 1.111 62132 65390 1071
500_RD_401 17 8.61680 120.77139 0.816 65178 58580 1071
500_RD_401 2 8.68431 120.55605 0.996 138145 137892 1072
500_RD_401 4 8.68452 120.55680 0.988 138656 137854 1072
500_RD_401 6 8.68385 120.55619 0.992 138933 138365 1072
500_RD_401 8 8.68455 120.55674 1.013 138030 138944 1072
500_RD_401 10 8.68394 120.55591 1.020 138461 139853 1072
500_RD_401 12 8.68466 120.55632 0.989 138911 138117 1072
500_RD_401 14 8.68425 120.55637 0.989 138558 137800 1072
500_RD_401 16 8.68421 120.55649 1.015 142334 143394 1072
500_RD_401 1 8.26576 132.72788 0.398 130838 74480 1073
500_RD_401 3 8.26564 132.72845 1.027 75733 76749 1073
500_RD_401 5 8.26525 132.72769 1.008 75496 75789 1073
500_RD_401 7 8.26588 132.72798 0.953 77662 75795 1073
500_RD_401 9 8.26565 132.72739 0.990 77120 76714 1073
500_RD_401 11 8.26531 132.72756 1.030 77258 78410 1073
500_RD_401 13 8.26576 132.72788 1.038 76490 77909 1073
500_RD_401 15 8.26534 132.72630 1.093 77846 81292 1073
500_RD_401 17 8.26576 132.72788 0.816 80874 72683 1073
500_RD_401 2 8.85045 124.86771 1.008 77189 77512 1077
500_RD_401 4 8.85017 124.86604 1.012 77019 77478 1077
500_RD_401 6 8.85055 124.86595 0.969 78585 77331 1077
500_RD_401 8 8.85048 124.86715 1.021 78270 79085 1077
500_RD_401 10 8.85020 124.86794 1.051 76947 78867 1077
500_RD_401 12 8.84971 124.86644 0.952 78792 76858 1077
500_RD_401 14 8.85028 124.86805 0.992 78562 78245 1077
500_RD_401 16 8.85013 124.86519 1.010 82314 82724 1077
500_RD_401 1 8.50943 116.04981 1.363 73869 85204 1078
500_RD_401 3 8.50939 116.04999 0.958 85472 83617 1078
500_RD_401 5 8.50986 116.05086 1.000 85875 85875 1078
500_RD_401 7 8.50943 116.05001 1.067 83945 86658 1078
500_RD_401 9 8.50908 116.04965 0.954 86079 84040 1078
500_RD_401 11 8.50930 116.04959 0.973 86264 85088 1078
500_RD_401 13 8.50969 116.04996 1.037 83265 84783 1078
500_RD_401 15 8.50980 116.04946 1.120 84476 89267 1078
500_RD_401 17 8.50944 116.04979 0.825 89100 80530 1078
500_RD_401 2 8.40691 123.58009 1.012 169894 170920 1079
500_RD_401 4 8.40691 123.57963 0.973 172244 169860 1079
500_RD_401 6 8.40686 123.57951 1.016 170673 172068 1079
500_RD_401 8 8.40671 123.57988 1.008 171712 172388 1079
500_RD_401 10 8.40694 123.57923 0.999 172306 172196 1079
500_RD_401 12 8.40670 123.57980 0.999 172697 172580 1079
500_RD_401 14 8.40689 123.58022 0.996 172643 172301 1079
500_RD_401 16 8.40679 123.57926 0.999 179350 179275 1079
500_RD_401 1 8.51035 129.46891 0.271 162536 69347 1080
500_RD_401 3 8.51042 129.46940 1.036 69001 70226 1080
500_RD_401 5 8.51037 129.46976 1.013 69156 69599 1080
500_RD_401 7 8.51025 129.46816 0.980 70768 70071 1080
500_RD_401 9 8.51047 129.46808 0.998 70705 70633 1080
500_RD_401 11 8.51030 129.46777 1.028 70726 71690 1080
500_RD_401 13 8.51030 129.47006 1.016 70734 71311 1080
500_RD_401 15 8.51036 129.46788 1.111 71339 75079 1080
500_RD_401 17 8.51037 129.46856 0.821 74011 66729 1080
500_RD_401 2 8.47860 116.90812 1.005 352020 352902 1081
500_RD_401 4 8.47860 116.90774 1.000 350920 350872 1081
500_RD_401 6 8.47858 116.90809 1.002 353018 353409 1081
500_RD_401 8 8.47855 116.90784 1.001 353489 353692 1081
500_RD_401 10 8.47869 116.90770 1.008 351647 352966 1081
500_RD_401 12 8.47863 116.90786 1.008 351782 353100 1081
500_RD_401 14 8.47854 116.90747 0.990 350584 348805 1081
500_RD_401 16 8.47847 116.90787 1.002 363334 363626 1081
500_RD_401 1 7.77189 107.82382 0.299 332716 153311 1082
500_RD_401 3 7.77194 107.82361 0.977 153895 152125 1082
500_RD_401 5 7.77221 107.82521 0.999 153511 153434 1082
500_RD_401 7 7.77210 107.82441 1.000 152396 152358 1082
500_RD_401 9 7.77185 107.82476 1.016 152007 153202 1082
500_RD_401 11 7.77222 107.82418 1.001 150459 150571 1082
500_RD_401 13 7.77185 107.82478 0.978 153335 151644 1082
500_RD_401 15 7.77165 107.82564 1.149 149339 159711 1082
500_RD_401 17 7.77201 107.82447 0.840 157817 144066 1082
500_RD_401 2 8.35627 118.66354 0.996 291657 291096 1083
500_RD_401 4 8.35621 118.66507 0.975 293257 289558 1083
500_RD_401 6 8.35618 118.66393 0.995 293760 293021 1083
500_RD_401 8 8.35628 118.66382 1.009 293059 294359 1083
500_RD_401 10 8.35621 118.66410 0.997 292957 292583 1083
500_RD_401 12 8.35616 118.66413 1.007 292752 293804 1083
500_RD_401 14 8.35616 118.66384 0.987 292524 290597 1083
500_RD_401 16 8.35595 118.66307 0.993 303393 302261 1083
500_RD_401 1 7.38974 121.37519 0.765 276508 239674 1084
500_RD_401 3 7.38973 121.37510 1.038 238388 242890 1084
500_RD_401 5 7.38978 121.37521 1.007 239153 239967 1084
500_RD_401 7 7.38981 121.37537 1.003 241551 241870 1084
500_RD_401 9 7.38971 121.37466 0.977 243242 240441 1084
500_RD_401 11 7.38975 121.37513 0.994 241797 241121 1084
500_RD_401 13 7.38972 121.37571 1.012 241799 243264 1084
500_RD_401 15 7.38965 121.37499 1.084 239812 249491 1084
500_RD_401 17 7.38974 121.37521 0.841 249386 227873 1084
500_RD_401 2 8.71526 124.20419 1.007 78907 79166 1086
500_RD_401 4 8.71578 124.20471 0.975 79944 78928 1086
500_RD_401 6 8.71608 124.20463 1.006 79845 80065 1086
500_RD_401 8 8.71523 124.20638 1.010 80040 80431 1086
500_RD_401 10 8.71521 124.20424 1.037 79579 81025 1086
500_RD_401 12 8.71526 124.20419 0.942 81455 79030 1086
500_RD_401 14 8.71556 124.20497 0.979 81041 80179 1086
500_RD_401 16 8.71526 124.20419 0.983 84445 83701 1086
500_RD_401 1 8.20690 117.10764 0.318 75752 36596 1090
500_RD_401 3 8.20682 117.10840 1.023 36988 37406 1090
500_RD_401 5 8.20680 117.10986 0.969 37337 36755 1090
500_RD_401 7 8.20653 117.11059 1.025 36848 37309 1090
500_RD_401 9 8.20690 117.10867 0.969 37198 36611 1090
500_RD_401 11 8.20657 117.11123 1.018 36354 36680 1090
500_RD_401 13 8.20675 117.10919 0.990 37295 37109 1090
500_RD_401 15 8.20687 117.10968 1.016 37633 37940 1090
500_RD_401 17 8.20675 117.10911 0.845 38149 34953 1090
500_RD_401 2 9.76839 130.07757 0.930 9714 9363 1961
500_RD_401 4 9.76616 130.07957 0.931 9792 9444 1961
500_RD_401 6 9.76486 130.08263 0.894 9891 9340 1961
500_RD_401 8 9.76503 130.07827 1.131 9627 10217 1961
500_RD_401 10 9.76544 130.09405 1.022 9418 9519 1961
500_RD_401 12 9.76618 130.08489 0.928 10233 9853 1961
500_RD_401 14 9.76666 130.08261 0.854 10224 9416 1961
500_RD_401 16 9.76663 130.07969 0.897 10493 9923 1961
500_RD_401 1 8.29357 111.84517 -8.692 9204 20801 2031
500_RD_401 3 8.29366 111.84339 0.978 20718 20487 2031
500_RD_401 5 8.29363 111.84615 0.964 20924 20536 2031
500_RD_401 7 8.29401 111.84661 0.958 21156 20706 2031
500_RD_401 9 8.29336 111.84838 1.049 20109 20590 2031
500_RD_401 11 8.29403 111.84408 1.013 19646 19769 2031
500_RD_401 13 8.29404 111.84431 0.917 20814 19909 2031
500_RD_401 15 8.29400 111.84422 1.065 19850 20473 2031
500_RD_401 17 8.29375 111.84546 0.903 20257 19220 2031
500_RD_401 2 8.28494 110.23801 0.952 23239 22671 2033
500_RD_401 4 8.28499 110.23907 0.954 23119 22573 2033
500_RD_401 6 8.28474 110.23973 1.006 22807 22873 2033
500_RD_401 8 8.28499 110.23964 1.003 22788 22823 2033
500_RD_401 10 8.28448 110.23705 0.980 22583 22359 2033
500_RD_401 12 8.28477 110.24254 1.047 22285 22799 2033
500_RD_401 14 8.28519 110.23782 0.984 22250 22071 2033
500_RD_401 16 8.28436 110.24052 1.108 22701 23861 2033
500_RD_401 1 8.21842 111.67383 0.477 21400 13814 2041
500_RD_401 3 8.21882 111.67751 0.914 13710 13092 2041
500_RD_401 5 8.21867 111.67991 1.103 13002 13641 2041
500_RD_401 7 8.21849 111.68097 1.020 12994 13120 2041
500_RD_401 9 8.21847 111.68195 1.101 12760 13375 2041
500_RD_401 11 8.21888 111.68315 1.058 13031 13399 2041
500_RD_401 13 8.21863 111.67593 0.898 13232 12519 2041
500_RD_401 15 8.21889 111.68304 1.281 12394 13922 2041
500_RD_401 17 8.21866 111.68024 0.914 12993 12412 2041
500_RD_401 2 8.32852 111.04464 0.968 16455 16186 2043
500_RD_401 4 8.32586 111.04576 0.936 16384 15839 2043
500_RD_401 6 8.32521 111.04634 0.961 16141 15823 2043
500_RD_401 8 8.32728 111.04340 0.982 16415 16270 2043
500_RD_401 10 8.32633 111.04446 1.231 14834 16369 2043
500_RD_401 12 8.32687 111.04036 1.197 15390 16771 2043
500_RD_401 14 8.32647 111.04392 1.020 16121 16279 2043
500_RD_401 16 8.32773 111.04250 1.071 16072 16622 2043
500_RD_401 1 8.22639 108.95236 0.785 15175 13347 2045
500_RD_401 3 8.22606 108.94776 1.033 12435 12634 2045
500_RD_401 5 8.22560 108.94975 1.013 12549 12633 2045
500_RD_401 7 8.22619 108.94871 1.125 12427 13157 2045
500_RD_401 9 8.22589 108.95028 0.983 12711 12603 2045
500_RD_401 11 8.22538 108.94873 1.060 12436 12798 2045
500_RD_401 13 8.22574 108.95244 0.965 12453 12233 2045
500_RD_401 15 8.22654 108.94763 0.966 12648 12428 2045
500_RD_401 17 8.22597 108.95095 0.811 13323 11930 2045
500_RD_401 2 8.15600 111.30739 1.080 19744 20504 2055
500_RD_401 4 8.15597 111.30627 1.026 19831 20090 2055
500_RD_401 6 8.15548 111.30946 1.023 19778 20000 2055
500_RD_401 8 8.15533 111.30603 0.926 20506 19720 2055
500_RD_401 10 8.15621 111.30800 0.914 20618 19697 2055
500_RD_401 12 8.15608 111.30935 1.104 19894 20873 2055
500_RD_401 14 8.15560 111.30766 1.018 19772 19951 2055
500_RD_401 16 8.15631 111.30793 0.943 20082 19493 2055
500_RD_401 1 9.99814 128.94293 3.118 18856 28554 2070
500_RD_401 3 9.99796 128.94051 1.027 28782 29165 2070
500_RD_401 5 9.99822 128.94396 0.983 28847 28598 2070
500_RD_401 7 9.99806 128.94750 1.056 28121 28885 2070
500_RD_401 9 9.99775 128.94351 1.013 29110 29304 2070
500_RD_401 11 9.99776 128.94392 1.007 29706 29804 2070
500_RD_401 13 9.99844 128.94510 1.037 28782 29305 2070
500_RD_401 15 9.99823 128.93988 1.067 29711 30672 2070
500_RD_401 17 9.99810 128.94391 0.792 31173 27560 2070
500_RD_401 2 8.19725 120.80481 0.952 26443 25790 2076
500_RD_401 4 8.19739 120.80733 0.995 26479 26412 2076
500_RD_401 6 8.19714 120.80395 1.040 25805 26305 2076
500_RD_401 8 8.19740 120.80911 0.975 26437 26109 2076
500_RD_401 10 8.19725 120.80481 1.001 25835 25852 2076
500_RD_401 12 8.19725 120.80481 1.023 26143 26440 2076
500_RD_401 14 8.19750 120.80319 0.941 26586 25779 2076
500_RD_401 16 8.19692 120.80180 0.990 26907 26765 2076
500_RD_401 1 8.21754 127.01955 1.158 24711 26519 2077
500_RD_401 3 8.21747 127.01895 1.096 25894 27080 2077
500_RD_401 5 8.21774 127.02128 1.118 25672 27101 2077
500_RD_401 7 8.21756 127.01877 0.972 27162 26773 2077
500_RD_401 9 8.21738 127.02151 1.048 26227 26837 2077
500_RD_401 11 8.21744 127.01869 0.995 27492 27430 2077
500_RD_401 13 8.21780 127.02093 1.028 26767 27143 2077
500_RD_401 15 8.21761 127.01875 1.064 26647 27474 2077
500_RD_401 17 8.21761 127.01875 0.855 27418 25273 2077
500_RD_401 2 7.95459 119.92665 1.033 22516 22885 2078
500_RD_401 4 7.95413 119.92418 0.945 22598 21956 2078
500_RD_401 6 7.95410 119.92678 0.966 22576 22186 2078
500_RD_401 8 7.95439 119.92661 1.043 22991 23477 2078
500_RD_401 10 7.95459 119.92644 1.077 22721 23567 2078
500_RD_401 12 7.95418 119.92845 0.965 23352 22937 2078
500_RD_401 14 7.95403 119.92585 0.960 23168 22697 2078
500_RD_401 16 7.95437 119.92442 1.001 23340 23346 2078
500_RD_401 1 8.25052 121.92844 8.314 21548 38469 2081
500_RD_401 3 8.25027 121.92693 1.056 38479 39533 2081
500_RD_401 5 8.25065 121.92737 1.035 38306 38956 2081
500_RD_401 7 8.25051 121.92822 0.991 39456 39272 2081
500_RD_401 9 8.25064 121.92607 1.013 38658 38910 2081
500_RD_401 11 8.25052 121.92644 0.955 38536 37657 2081
500_RD_401 13 8.25080 121.92692 0.998 38634 38600 2081
500_RD_401 15 8.25071 121.93013 1.086 37975 39546 2081
500_RD_401 17 8.25064 121.92766 0.879 38984 36469 2081
500_RD_401 2 7.86762 114.96190 0.989 35631 35433 2082
500_RD_401 4 7.86786 114.96004 0.967 35867 35263 2082
500_RD_401 6 7.86747 114.96154 0.945 36001 34978 2082
500_RD_401 8 7.86732 114.95987 1.002 35355 35388 2082
500_RD_401 10 7.86777 114.96202 0.991 35189 35032 2082
500_RD_401 12 7.86754 114.95875 0.970 36123 35571 2082
500_RD_401 14 7.86773 114.96275 0.957 35602 34814 2082
500_RD_401 16 7.86781 114.95929 0.986 35795 35543 2082
500_RD_401 1 8.24813 121.50852 0.854 33387 30764 2083
500_RD_401 3 8.25038 121.50817 1.053 30567 31349 2083
500_RD_401 5 8.25036 121.50765 1.024 30685 31047 2083
500_RD_401 7 8.24882 121.50920 1.013 32014 32216 2083
500_RD_401 9 8.24911 121.50959 1.001 31783 31796 2083
500_RD_401 11 8.24984 121.50883 1.007 31734 31851 2083
500_RD_401 13 8.24746 121.50971 1.004 31482 31550 2083
500_RD_401 15 8.24900 121.51047 1.072 31305 32395 2083
500_RD_401 17 8.24954 121.50847 0.873 31823 29668 2083
500_RD_401 2 7.85862 122.99293 1.005 34010 34095 2084
500_RD_401 4 7.85843 122.99438 0.959 34210 33497 2084
500_RD_401 6 7.85826 122.99495 0.933 35163 33940 2084
500_RD_401 8 7.85850 122.99223 0.990 34587 34414 2084
500_RD_401 10 7.85845 122.99660 1.017 34208 34503 2084
500_RD_401 12 7.85870 122.99676 1.023 34561 34957 2084
500_RD_401 14 7.85948 122.99353 0.986 33886 33642 2084
500_RD_401 16 7.85858 122.99395 1.041 34068 34759 2084
500_RD_401 1 8.03168 126.90618 0.629 32265 24906 2094
500_RD_401 3 8.03168 126.90618 1.070 24640 25474 2094
500_RD_401 5 8.03168 126.90618 1.021 25075 25331 2094
500_RD_401 7 8.03189 126.90844 0.989 25695 25549 2094
500_RD_401 9 8.03164 126.90711 1.015 25503 25692 2094
500_RD_401 11 8.03181 126.90561 1.016 25451 25652 2094
500_RD_401 13 8.03168 126.90618 1.062 24590 25329 2094
500_RD_401 15 8.03229 126.90899 1.059 25633 26368 2094
500_RD_401 17 8.03168 126.90618 0.858 25918 23930 2094
500_RD_401 2 8.20641 127.82137 1.009 26250 26373 2095
500_RD_401 4 8.20592 127.81825 0.965 26756 26285 2095
500_RD_401 6 8.20591 127.82124 1.019 27238 27501 2095
500_RD_401 8 8.20596 127.82359 1.024 26612 26930 2095
500_RD_401 10 8.20551 127.82257 1.049 26843 27484 2095
500_RD_401 12 8.20643 127.82030 1.030 26914 27317 2095
500_RD_401 14 8.20643 127.81989 1.081 26475 27503 2095
500_RD_401 16 8.20562 127.82373 1.084 26853 27934 2095
500_RD_401 1 7.87965 129.38579 8.648 25369 45479 2098
500_RD_401 3 7.87993 129.38475 1.041 44871 45783 2098
500_RD_401 5 7.87880 129.38455 1.047 44491 45521 2098
500_RD_401 7 7.87971 129.38633 0.983 45635 45237 2098
500_RD_401 9 7.87985 129.38482 0.955 45812 44757 2098
500_RD_401 11 7.88002 129.38282 1.042 45107 46029 2098
500_RD_401 13 7.87984 129.38603 1.004 45549 45632 2098
500_RD_401 15 7.87985 129.38482 0.942 46361 44980 2098
500_RD_401 17 7.87985 129.38482 0.874 45857 42771 2098
500_RD_401 2 8.61673 129.99848 0.997 45007 44936 3020
500_RD_401 4 8.61651 129.99816 1.043 44624 45557 3020
500_RD_401 6 8.61688 129.99920 1.005 45239 45361 3020
500_RD_401 8 8.61670 129.99970 0.974 45781 45182 3020
500_RD_401 10 8.61678 129.99927 1.003 45593 45655 3020
500_RD_401 12 8.61645 130.00005 0.967 46479 45701 3020
500_RD_401 14 8.61675 129.99946 1.006 46301 46444 3020
500_RD_401 16 8.61680 129.99750 0.990 48117 47885 3020
500_RD_401 1 9.00880 125.65705 0.297 43168 19758 3030
500_RD_401 3 9.01031 125.66294 0.961 19581 19191 3030
500_RD_401 5 9.00917 125.66069 1.002 19477 19500 3030
500_RD_401 7 9.01035 125.65829 0.957 20031 19587 3030
500_RD_401 9 9.00955 125.66181 1.088 18976 19774 3030
500_RD_401 11 9.00959 125.65780 0.868 20397 18961 3030
500_RD_401 13 9.00897 125.65944 0.956 19636 19192 3030
500_RD_401 15 9.00976 125.65377 1.073 19699 20393 3030
500_RD_401 17 9.00948 125.65905 0.820 20542 18512 3030
500_RD_401 2 8.19666 119.24703 0.995 34619 34538 3034
500_RD_401 4 8.19700 119.24598 0.937 35107 33959 3034
500_RD_401 6 8.19693 119.24545 1.015 34395 34650 3034
500_RD_401 8 8.19697 119.24576 0.973 34913 34444 3034
500_RD_401 10 8.19735 119.24512 1.012 34156 34356 3034
500_RD_401 12 8.19641 119.24546 0.939 35131 34025 3034
500_RD_401 14 8.19703 119.25036 1.004 34394 34459 3034
500_RD_401 16 8.19646 119.24896 1.056 36228 37211 3034
500_RD_401 1 8.86955 121.06242 0.226 32740 12075 3040
500_RD_401 3 8.87080 121.06611 1.138 11289 12017 3040
500_RD_401 5 8.87001 121.06263 1.077 11913 12352 3040
500_RD_401 7 8.86972 121.06255 0.955 12027 11753 3040
500_RD_401 9 8.87083 121.06503 0.828 12708 11513 3040
500_RD_401 11 8.87083 121.06503 1.038 11562 11779 3040
500_RD_401 13 8.86982 121.06519 1.163 11523 12391 3040
500_RD_401 15 8.87083 121.06503 1.097 12464 13042 3040
500_RD_401 17 8.87083 121.06503 0.741 13388 11400 3040
500_RD_401 2 8.45378 108.34051 1.067 25721 26555 3041
500_RD_401 4 8.45354 108.34209 1.084 24972 25976 3041
500_RD_401 6 8.45334 108.34288 0.944 26568 25800 3041
500_RD_401 8 8.45413 108.33983 1.028 25336 25685 3041
500_RD_401 10 8.45388 108.34341 0.937 26015 25163 3041
500_RD_401 12 8.45333 108.34099 0.994 25307 25229 3041
500_RD_401 14 8.45371 108.34281 1.001 25730 25743 3041
500_RD_401 16 8.45334 108.34490 1.079 26528 27537 3041
500_RD_401 1 8.42431 110.28032 0.735 24345 20625 3043
500_RD_401 3 8.42472 110.27952 1.027 20722 20999 3043
500_RD_401 5 8.42510 110.28081 1.057 20223 20779 3043
500_RD_401 7 8.42544 110.28310 0.937 20647 19972 3043
500_RD_401 9 8.42488 110.27841 0.978 20526 20297 3043
500_RD_401 11 8.42476 110.27816 0.972 20836 20539 3043
500_RD_401 13 8.42479 110.27876 0.975 20525 20265 3043
500_RD_401 15 8.42510 110.28023 1.188 20452 22206 3043
500_RD_401 17 8.42472 110.27970 0.811 21771 19493 3043
500_RD_401 2 7.96252 127.19922 0.941 23548 22832 3044
500_RD_401 4 7.96259 127.20485 1.066 22234 22947 3044
500_RD_401 6 7.96263 127.20294 0.960 23253 22784 3044
500_RD_401 8 7.96280 127.20310 0.953 23492 22931 3044
500_RD_401 10 7.96217 127.20074 1.103 22953 24082 3044
500_RD_401 12 7.96250 127.19879 0.965 23462 23040 3044
500_RD_401 14 7.96267 127.20003 1.027 23543 23857 3044
500_RD_401 16 7.96231 127.20225 0.927 25724 24745 3044
500_RD_401 1 7.68702 119.24502 1.885 22084 28858 3056
500_RD_401 3 7.68690 119.24558 0.936 28973 28016 3056
500_RD_401 5 7.68721 119.24644 0.982 28738 28473 3056
500_RD_401 7 7.68678 119.24328 1.055 28173 28928 3056
500_RD_401 9 7.68706 119.24380 0.947 29073 28289 3056
500_RD_401 11 7.68669 119.24181 0.948 29270 28493 3056
500_RD_401 13 7.68669 119.24351 1.025 28404 28760 3056
500_RD_401 15 7.68705 119.24292 1.066 29252 30188 3056
500_RD_401 17 7.68695 119.24388 0.778 31134 27237 3056
500_RD_401 2 8.30794 127.57411 0.998 33763 33724 3077
500_RD_401 4 8.30865 127.57737 0.967 35024 34430 3077
500_RD_401 6 8.30828 127.57761 1.053 34079 34955 3077
500_RD_401 8 8.30830 127.57892 1.074 34435 35668 3077
500_RD_401 10 8.30830 127.57620 1.011 34513 34703 3077
500_RD_401 12 8.30874 127.57381 0.980 34956 34597 3077
500_RD_401 14 8.30829 127.57584 1.077 34308 35575 3077
500_RD_401 16 8.30812 127.57475 1.038 35126 35784 3077
500_RD_401 1 8.63499 122.18657 -5.098 32685 81321 4038
500_RD_401 3 8.63507 122.18615 0.991 80662 80311 4038
500_RD_401 5 8.63536 122.18647 1.018 80603 81307 4038
500_RD_401 7 8.63498 122.18553 1.054 80097 82196 4038
500_RD_401 9 8.63496 122.18615 0.995 81575 81387 4038
500_RD_401 11 8.63514 122.18846 0.967 82860 81478 4038
500_RD_401 13 8.63521 122.18625 1.061 80193 82551 4038
500_RD_401 15 8.63509 122.18713 1.073 81547 84435 4038
500_RD_401 17 8.63512 122.18704 0.834 84564 76887 4038
500_RD_401 2 8.78599 119.94909 1.016 41896 42220 4049
500_RD_401 4 8.78576 119.94600 0.997 42522 42456 4049
500_RD_401 6 8.78593 119.94740 0.987 42511 42230 4049
500_RD_401 8 8.78585 119.94877 1.040 42141 42964 4049
500_RD_401 10 8.78598 119.95104 0.966 42973 42225 4049
500_RD_401 12 8.78568 119.94941 0.961 42189 41351 4049
500_RD_401 14 8.78575 119.94720 0.974 42620 42066 4049
500_RD_401 16 8.78607 119.94691 0.997 43722 43664 4049
500_RD_401 1 9.11395 123.96744 0.433 39985 24181 4059
500_RD_401 3 9.11442 123.96969 0.945 24648 23954 4059
500_RD_401 5 9.11464 123.96873 0.971 25097 24725 4059
500_RD_401 7 9.11436 123.96766 0.993 24242 24162 4059
500_RD_401 9 9.11394 123.96872 1.051 23950 24550 4059
500_RD_401 11 9.11435 123.96871 0.954 25428 24831 4059
500_RD_401 13 9.11399 123.96834 0.970 25122 24733 4059
500_RD_401 15 9.11435 123.96697 1.020 25198 25449 4059
500_RD_401 17 9.11422 123.96818 0.832 25641 23289 4059
500_RD_401 2 8.73999 121.07191 0.988 67119 66729 4071
500_RD_401 4 8.73961 121.07375 0.992 66788 66503 4071
500_RD_401 6 8.73970 121.07233 0.959 67618 66215 4071
500_RD_401 8 8.74139 121.07260 1.024 67139 67921 4071
500_RD_401 10 8.74087 121.07512 1.039 67089 68364 4071
500_RD_401 12 8.74058 121.07326 0.990 66922 66595 4071
500_RD_401 14 8.74079 121.07552 1.001 67081 67131 4071
500_RD_401 16 8.73962 121.07488 1.020 68726 69394 4071
500_RD_401 1 7.79474 120.70148 0.375 63373 34555 4080
500_RD_401 3 7.79446 120.70008 1.001 34416 34438 4080
500_RD_401 5 7.79423 120.70287 0.977 34422 34027 4080
500_RD_401 7 7.79350 120.70271 1.023 34568 34958 4080
500_RD_401 9 7.79488 120.70297 1.036 34326 34936 4080
500_RD_401 11 7.79432 120.70284 0.993 35239 35123 4080
500_RD_401 13 7.79491 120.70303 0.957 35371 34603 4080
500_RD_401 15 7.79454 120.70467 1.070 35271 36470 4080
500_RD_401 17 7.79442 120.70203 0.848 35810 32855 4080
