x
500_RD_401 8.02580 117.44270 1 78210 1014
500_RD_401 8.02583 117.44333 2 79331 1014
500_RD_401 8.02584 117.44216 3 78089 1014
500_RD_401 8.02577 117.44359 4 79463 1014
500_RD_401 8.02558 117.44318 5 79458 1014
500_RD_401 8.02583 117.44354 6 77678 1014
500_RD_401 8.02589 117.44294 7 80196 1014
500_RD_401 8.02602 117.44446 8 79314 1014
500_RD_401 8.02565 117.44110 9 79625 1014
500_RD_401 8.02575 117.44231 10 79400 1014
500_RD_401 8.02570 117.44367 11 79920 1014
500_RD_401 8.02570 117.44212 12 78375 1014
500_RD_401 8.02615 117.44337 13 78239 1014
500_RD_401 8.02557 117.44149 14 79263 1014
500_RD_401 8.02564 117.44440 15 83493 1014
500_RD_401 8.02572 117.44343 16 83611 1014
500_RD_401 8.02577 117.44299 17 74921 1014
500_RD_401 8.43105 129.79059 1 175392 1020
500_RD_401 8.43095 129.79053 2 176070 1020
500_RD_401 8.43103 129.79017 3 179972 1020
500_RD_401 8.43102 129.79109 4 174946 1020
500_RD_401 8.43104 129.79058 5 177406 1020
500_RD_401 8.43098 129.78993 6 178674 1020
500_RD_401 8.43105 129.79064 7 178182 1020
500_RD_401 8.43111 129.79082 8 178629 1020
500_RD_401 8.43091 129.78924 9 179966 1020
500_RD_401 8.43111 129.79086 10 179396 1020
500_RD_401 8.43113 129.79064 11 179609 1020
500_RD_401 8.43098 129.79035 12 178535 1020
500_RD_401 8.43108 129.79065 13 180375 1020
500_RD_401 8.43104 129.79068 14 179778 1020
500_RD_401 8.43094 129.79025 15 187285 1020
500_RD_401 8.43101 129.79033 16 186671 1020
500_RD_401 8.43103 129.79046 17 168876 1020
500_RD_401 7.19638 121.77558 1 72246 1029
500_RD_401 7.19685 121.77759 2 71276 1029
500_RD_401 7.19662 121.77642 3 72558 1029
500_RD_401 7.19643 121.77790 4 72229 1029
500_RD_401 7.19680 121.77599 5 71602 1029
500_RD_401 7.19652 121.77693 6 71868 1029
500_RD_401 7.19643 121.77743 7 72668 1029
500_RD_401 7.19653 121.77548 8 72633 1029
500_RD_401 7.19636 121.77573 9 73031 1029
500_RD_401 7.19642 121.77719 10 73209 1029
500_RD_401 7.19657 121.77697 11 72259 1029
500_RD_401 7.19681 121.77760 12 72807 1029
500_RD_401 7.19670 121.77605 13 72966 1029
500_RD_401 7.19642 121.77715 14 72370 1029
500_RD_401 7.19628 121.77648 15 74718 1029
500_RD_401 7.19642 121.77659 16 75683 1029
500_RD_401 7.19653 121.77669 17 68478 1029
500_RD_401 8.90888 125.38358 1 80434 1030
500_RD_401 8.90865 125.38428 2 81625 1030
500_RD_401 8.90950 125.38404 3 81078 1030
500_RD_401 8.90887 125.38321 4 81655 1030
500_RD_401 8.90907 125.38537 5 81716 1030
500_RD_401 8.90905 125.38216 6 82086 1030
500_RD_401 8.90874 125.38334 7 81977 1030
500_RD_401 8.90886 125.38276 8 82443 1030
500_RD_401 8.90881 125.38329 9 81469 1030
500_RD_401 8.90886 125.38340 10 82681 1030
500_RD_401 8.90894 125.38281 11 82892 1030
500_RD_401 8.90906 125.38315 12 81610 1030
500_RD_401 8.90890 125.38124 13 81965 1030
500_RD_401 8.90933 125.38429 14 83314 1030
500_RD_401 8.90947 125.38273 15 86174 1030
500_RD_401 8.90905 125.38429 16 86025 1030
500_RD_401 8.90901 125.38337 17 77597 1030
500_RD_401 9.14134 112.41969 1 245529 1031
500_RD_401 9.14155 112.41926 2 246711 1031
500_RD_401 9.14133 112.41961 3 246428 1031
500_RD_401 9.14144 112.41997 4 245547 1031
500_RD_401 9.14137 112.41959 5 244551 1031
500_RD_401 9.14147 112.42000 6 246478 1031
500_RD_401 9.14141 112.41894 7 244829 1031
500_RD_401 9.14124 112.41899 8 243964 1031
500_RD_401 9.14141 112.41946 9 245626 1031
500_RD_401 9.14143 112.41920 10 244056 1031
500_RD_401 9.14149 112.41907 11 241495 1031
500_RD_401 9.14143 112.41939 12 245412 1031
500_RD_401 9.14146 112.41932 13 244170 1031
500_RD_401 9.14161 112.41991 14 241279 1031
500_RD_401 9.14148 112.41964 15 252315 1031
500_RD_401 9.14111 112.41901 16 252320 1031
500_RD_401 9.14141 112.41944 17 231218 1031
500_RD_401 7.65621 118.73151 1 192673 1032
500_RD_401 7.65633 118.73403 2 193212 1032
500_RD_401 7.65628 118.73287 3 191874 1032
500_RD_401 7.65631 118.73235 4 191448 1032
500_RD_401 7.65625 118.73264 5 194136 1032
500_RD_401 7.65627 118.73223 6 192025 1032
500_RD_401 7.65620 118.73220 7 194221 1032
500_RD_401 7.65634 118.73310 8 193931 1032
500_RD_401 7.65621 118.73216 9 191254 1032
500_RD_401 7.65630 118.73237 10 194456 1032
500_RD_401 7.65629 118.73267 11 193351 1032
500_RD_401 7.65609 118.73165 12 192494 1032
500_RD_401 7.65622 118.73193 13 194048 1032
500_RD_401 7.65628 118.73187 14 192145 1032
500_RD_401 7.65617 118.73277 15 198073 1032
500_RD_401 7.65617 118.73140 16 199660 1032
500_RD_401 7.65624 118.73236 17 182294 1032
500_RD_401 8.91440 110.30253 1 276646 1033
500_RD_401 8.91443 110.30298 2 275634 1033
500_RD_401 8.91463 110.30316 3 275095 1033
500_RD_401 8.91449 110.30304 4 276020 1033
500_RD_401 8.91456 110.30300 5 275613 1033
500_RD_401 8.91445 110.30268 6 274154 1033
500_RD_401 8.91456 110.30287 7 275621 1033
500_RD_401 8.91456 110.30272 8 273454 1033
500_RD_401 8.91452 110.30307 9 275373 1033
500_RD_401 8.91459 110.30279 10 272701 1033
500_RD_401 8.91447 110.30252 11 271044 1033
500_RD_401 8.91470 110.30264 12 275130 1033
500_RD_401 8.91452 110.30286 13 271448 1033
500_RD_401 8.91450 110.30263 14 269260 1033
500_RD_401 8.91458 110.30298 15 282583 1033
500_RD_401 8.91438 110.30267 16 285218 1033
500_RD_401 8.91452 110.30282 17 259117 1033
500_RD_401 8.23543 119.20788 1 372070 1034
500_RD_401 8.23542 119.20800 2 371870 1034
500_RD_401 8.23539 119.20815 3 374644 1034
500_RD_401 8.23545 119.20797 4 371855 1034
500_RD_401 8.23535 119.20765 5 374914 1034
500_RD_401 8.23539 119.20760 6 375911 1034
500_RD_401 8.23540 119.20792 7 375365 1034
500_RD_401 8.23544 119.20786 8 375307 1034
500_RD_401 8.23536 119.20756 9 374313 1034
500_RD_401 8.23534 119.20778 10 374638 1034
500_RD_401 8.23539 119.20801 11 373589 1034
500_RD_401 8.23543 119.20795 12 376120 1034
500_RD_401 8.23547 119.20780 13 372706 1034
500_RD_401 8.23543 119.20787 14 372041 1034
500_RD_401 8.23535 119.20791 15 386200 1034
500_RD_401 8.23533 119.20753 16 385617 1034
500_RD_401 8.23540 119.20784 17 353362 1034
500_RD_401 7.04937 119.29804 1 37514 1035
500_RD_401 7.04788 119.30108 2 38117 1035
500_RD_401 7.04935 119.29912 3 36849 1035
500_RD_401 7.04994 119.29736 4 37471 1035
500_RD_401 7.04965 119.29883 5 37112 1035
500_RD_401 7.04822 119.30003 6 36931 1035
500_RD_401 7.04922 119.29920 7 38432 1035
500_RD_401 7.04905 119.29907 8 38464 1035
500_RD_401 7.04905 119.30165 9 38210 1035
500_RD_401 7.04922 119.29920 10 37336 1035
500_RD_401 7.04909 119.30010 11 38117 1035
500_RD_401 7.04997 119.29855 12 38201 1035
500_RD_401 7.04831 119.29802 13 38152 1035
500_RD_401 7.04961 119.29978 14 36935 1035
500_RD_401 7.04755 119.29930 15 38969 1035
500_RD_401 7.04873 119.30025 16 38800 1035
500_RD_401 7.04922 119.29920 17 35624 1035
500_RD_401 8.94180 131.03690 1 147613 1036
500_RD_401 8.94187 131.03667 2 147824 1036
500_RD_401 8.94187 131.03628 3 151416 1036
500_RD_401 8.94182 131.03725 4 147317 1036
500_RD_401 8.94183 131.03634 5 148398 1036
500_RD_401 8.94187 131.03573 6 152397 1036
500_RD_401 8.94206 131.03599 7 150901 1036
500_RD_401 8.94193 131.03664 8 151366 1036
500_RD_401 8.94156 131.03588 9 151945 1036
500_RD_401 8.94167 131.03624 10 151683 1036
500_RD_401 8.94178 131.03677 11 151866 1036
500_RD_401 8.94192 131.03551 12 152113 1036
500_RD_401 8.94168 131.03736 13 151901 1036
500_RD_401 8.94180 131.03566 14 152902 1036
500_RD_401 8.94189 131.03647 15 157212 1036
500_RD_401 8.94183 131.03582 16 157715 1036
500_RD_401 8.94182 131.03634 17 142622 1036
500_RD_401 8.83745 128.32571 1 78976 1037
500_RD_401 8.83746 128.32328 2 78157 1037
500_RD_401 8.83738 128.32281 3 78013 1037
500_RD_401 8.83734 128.32530 4 77968 1037
500_RD_401 8.83717 128.32474 5 78134 1037
500_RD_401 8.83736 128.32482 6 77867 1037
500_RD_401 8.83730 128.32390 7 78706 1037
500_RD_401 8.83765 128.32458 8 78722 1037
500_RD_401 8.83730 128.32390 9 78391 1037
500_RD_401 8.83754 128.32370 10 79831 1037
500_RD_401 8.83732 128.32298 11 79888 1037
500_RD_401 8.83732 128.32327 12 78578 1037
500_RD_401 8.83735 128.32422 13 79162 1037
500_RD_401 8.83730 128.32390 14 78893 1037
500_RD_401 8.83730 128.32332 15 82395 1037
500_RD_401 8.83713 128.32304 16 82802 1037
500_RD_401 8.83730 128.32390 17 74499 1037
500_RD_401 8.49409 122.63447 1 71688 1038
500_RD_401 8.49427 122.63487 2 71208 1038
500_RD_401 8.49433 122.63483 3 71095 1038
500_RD_401 8.49400 122.63484 4 72181 1038
500_RD_401 8.49428 122.63543 5 72335 1038
500_RD_401 8.49401 122.63445 6 71717 1038
500_RD_401 8.49414 122.63425 7 71997 1038
500_RD_401 8.49450 122.63404 8 72473 1038
500_RD_401 8.49405 122.63326 9 70921 1038
500_RD_401 8.49422 122.63509 10 73025 1038
500_RD_401 8.49419 122.63559 11 72854 1038
500_RD_401 8.49425 122.63431 12 71028 1038
500_RD_401 8.49431 122.63624 13 72376 1038
500_RD_401 8.49404 122.63442 14 72040 1038
500_RD_401 8.49442 122.63343 15 75585 1038
500_RD_401 8.49427 122.63374 16 76656 1038
500_RD_401 8.49421 122.63457 17 68187 1038
500_RD_401 8.34961 108.20634 1 187916 1041
500_RD_401 8.34967 108.20593 2 189928 1041
500_RD_401 8.34944 108.20712 3 188280 1041
500_RD_401 8.34963 108.20685 4 187445 1041
500_RD_401 8.34957 108.20597 5 189294 1041
500_RD_401 8.34952 108.20638 6 188154 1041
500_RD_401 8.34938 108.20577 7 187894 1041
500_RD_401 8.34961 108.20636 8 188000 1041
500_RD_401 8.34950 108.20709 9 187797 1041
500_RD_401 8.34948 108.20629 10 186091 1041
500_RD_401 8.34951 108.20631 11 185414 1041
500_RD_401 8.34934 108.20605 12 188489 1041
500_RD_401 8.34951 108.20612 13 185739 1041
500_RD_401 8.34963 108.20560 14 183939 1041
500_RD_401 8.34955 108.20676 15 194551 1041
500_RD_401 8.34945 108.20657 16 194739 1041
500_RD_401 8.34953 108.20635 17 177275 1041
500_RD_401 8.05365 122.40673 1 65234 1042
500_RD_401 8.05340 122.40561 2 64960 1042
500_RD_401 8.05342 122.40572 3 65163 1042
500_RD_401 8.05356 122.40638 4 65124 1042
500_RD_401 8.05358 122.40613 5 66127 1042
500_RD_401 8.05383 122.40559 6 65067 1042
500_RD_401 8.05353 122.40597 7 65455 1042
500_RD_401 8.05360 122.40621 8 66185 1042
500_RD_401 8.05350 122.40586 9 64989 1042
500_RD_401 8.05357 122.40673 10 66194 1042
500_RD_401 8.05371 122.40694 11 66489 1042
500_RD_401 8.05361 122.40627 12 64516 1042
500_RD_401 8.05362 122.40587 13 66270 1042
500_RD_401 8.05354 122.40607 14 65411 1042
500_RD_401 8.05363 122.40661 15 69583 1042
500_RD_401 8.05356 122.40732 16 70105 1042
500_RD_401 8.05358 122.40626 17 62169 1042
500_RD_401 8.41939 110.76584 1 175977 1043
500_RD_401 8.41930 110.76523 2 175898 1043
500_RD_401 8.41925 110.76565 3 175247 1043
500_RD_401 8.41935 110.76510 4 175868 1043
500_RD_401 8.41926 110.76586 5 176321 1043
500_RD_401 8.41930 110.76453 6 174593 1043
500_RD_401 8.41932 110.76511 7 176486 1043
500_RD_401 8.41925 110.76504 8 174750 1043
500_RD_401 8.41931 110.76526 9 174774 1043
500_RD_401 8.41933 110.76585 10 174548 1043
500_RD_401 8.41932 110.76512 11 173689 1043
500_RD_401 8.41925 110.76457 12 174367 1043
500_RD_401 8.41940 110.76572 13 173293 1043
500_RD_401 8.41922 110.76540 14 172657 1043
500_RD_401 8.41917 110.76547 15 182786 1043
500_RD_401 8.41930 110.76516 16 182186 1043
500_RD_401 8.41930 110.76531 17 165496 1043
500_RD_401 8.01509 127.65152 1 217641 1044
500_RD_401 8.01508 127.65071 2 216295 1044
500_RD_401 8.01507 127.65054 3 219653 1044
500_RD_401 8.01507 127.65144 4 216583 1044
500_RD_401 8.01512 127.65140 5 219555 1044
500_RD_401 8.01511 127.65097 6 220803 1044
500_RD_401 8.01510 127.65169 7 220038 1044
500_RD_401 8.01510 127.65090 8 221724 1044
500_RD_401 8.01505 127.65076 9 220201 1044
500_RD_401 8.01514 127.65142 10 221658 1044
500_RD_401 8.01509 127.65127 11 221696 1044
500_RD_401 8.01513 127.65158 12 219839 1044
500_RD_401 8.01515 127.65074 13 221398 1044
500_RD_401 8.01507 127.65089 14 221459 1044
500_RD_401 8.01507 127.65046 15 226887 1044
500_RD_401 8.01509 127.65038 16 227735 1044
500_RD_401 8.01510 127.65104 17 207833 1044
500_RD_401 9.47889 116.33622 1 138172 1045
500_RD_401 9.47868 116.33732 2 137521 1045
500_RD_401 9.47912 116.33598 3 138307 1045
500_RD_401 9.47911 116.33787 4 136951 1045
500_RD_401 9.47919 116.33698 5 137457 1045
500_RD_401 9.47896 116.33713 6 137125 1045
500_RD_401 9.47894 116.33657 7 138691 1045
500_RD_401 9.47893 116.33550 8 139290 1045
500_RD_401 9.47900 116.33660 9 137920 1045
500_RD_401 9.47897 116.33647 10 138098 1045
500_RD_401 9.47901 116.33636 11 137561 1045
500_RD_401 9.47891 116.33599 12 137442 1045
500_RD_401 9.47912 116.33704 13 136549 1045
500_RD_401 9.47923 116.33661 14 136764 1045
500_RD_401 9.47867 116.33662 15 142168 1045
500_RD_401 9.47911 116.33633 16 142795 1045
500_RD_401 9.47899 116.33659 17 130165 1045
500_RD_401 7.14207 111.21155 1 107836 1046
500_RD_401 7.14191 111.21015 2 107329 1046
500_RD_401 7.14180 111.21145 3 107877 1046
500_RD_401 7.14185 111.21151 4 108541 1046
500_RD_401 7.14192 111.21054 5 107647 1046
500_RD_401 7.14200 111.21043 6 108584 1046
500_RD_401 7.14187 111.21048 7 107367 1046
500_RD_401 7.14165 111.21106 8 106604 1046
500_RD_401 7.14204 111.20995 9 107387 1046
500_RD_401 7.14212 111.21022 10 106309 1046
500_RD_401 7.14180 111.21041 11 107178 1046
500_RD_401 7.14222 111.21090 12 107730 1046
500_RD_401 7.14220 111.21050 13 106436 1046
500_RD_401 7.14197 111.21158 14 106401 1046
500_RD_401 7.14201 111.21119 15 111075 1046
500_RD_401 7.14180 111.21098 16 111233 1046
500_RD_401 7.14195 111.21081 17 101502 1046
500_RD_401 7.52515 115.88417 1 56420 1048
500_RD_401 7.52599 115.88819 2 56601 1048
500_RD_401 7.52558 115.88624 3 56276 1048
500_RD_401 7.52405 115.88740 4 56949 1048
500_RD_401 7.52485 115.88530 5 56682 1048
500_RD_401 7.52516 115.88591 6 55712 1048
500_RD_401 7.52437 115.88677 7 56864 1048
500_RD_401 7.52538 115.88794 8 56609 1048
500_RD_401 7.52482 115.88766 9 55961 1048
500_RD_401 7.52489 115.88615 10 56460 1048
500_RD_401 7.52523 115.88484 11 56978 1048
500_RD_401 7.52505 115.88764 12 56598 1048
500_RD_401 7.52532 115.88765 13 56695 1048
500_RD_401 7.52519 115.88890 14 55961 1048
500_RD_401 7.52499 115.88704 15 59686 1048
500_RD_401 7.52520 115.88891 16 59859 1048
500_RD_401 7.52507 115.88694 17 53548 1048
500_RD_401 8.75459 120.28781 1 70693 1049
500_RD_401 8.75424 120.28722 2 69996 1049
500_RD_401 8.75443 120.28591 3 70269 1049
500_RD_401 8.75444 120.28648 4 70434 1049
500_RD_401 8.75485 120.28697 5 70599 1049
500_RD_401 8.75477 120.28781 6 70869 1049
500_RD_401 8.75439 120.28604 7 70967 1049
500_RD_401 8.75434 120.28618 8 70027 1049
500_RD_401 8.75441 120.28650 9 69704 1049
500_RD_401 8.75421 120.28581 10 70326 1049
500_RD_401 8.75418 120.28689 11 69550 1049
500_RD_401 8.75426 120.28627 12 69584 1049
500_RD_401 8.75461 120.28519 13 70563 1049
500_RD_401 8.75434 120.28724 14 69435 1049
500_RD_401 8.75425 120.28636 15 73002 1049
500_RD_401 8.75450 120.28491 16 73000 1049
500_RD_401 8.75441 120.28650 17 66413 1049
500_RD_401 8.66771 124.81071 1 87398 1050
500_RD_401 8.66740 124.81039 2 86239 1050
500_RD_401 8.66748 124.81076 3 85959 1050
500_RD_401 8.66745 124.81020 4 87392 1050
500_RD_401 8.66753 124.81045 5 87624 1050
500_RD_401 8.66755 124.80959 6 86515 1050
500_RD_401 8.66754 124.81041 7 88563 1050
500_RD_401 8.66779 124.80952 8 87521 1050
500_RD_401 8.66726 124.80953 9 86593 1050
500_RD_401 8.66744 124.81095 10 88341 1050
500_RD_401 8.66765 124.80994 11 88305 1050
500_RD_401 8.66781 124.81000 12 86903 1050
500_RD_401 8.66785 124.81018 13 87882 1050
500_RD_401 8.66783 124.80985 14 88179 1050
500_RD_401 8.66751 124.81065 15 91907 1050
500_RD_401 8.66757 124.80993 16 92140 1050
500_RD_401 8.66759 124.81019 17 82792 1050
500_RD_401 8.31236 128.01383 1 13597 1051
500_RD_401 8.31249 128.01368 2 12644 1051
500_RD_401 8.31230 128.01306 3 13899 1051
500_RD_401 8.31203 128.01598 4 12696 1051
500_RD_401 8.31344 128.01683 5 13340 1051
500_RD_401 8.31162 128.01666 6 14531 1051
500_RD_401 8.31205 128.01685 7 13871 1051
500_RD_401 8.31192 128.01574 8 12991 1051
500_RD_401 8.31188 128.01539 9 14667 1051
500_RD_401 8.31109 128.01490 10 13495 1051
500_RD_401 8.31174 128.01532 11 14052 1051
500_RD_401 8.31235 128.01105 12 13580 1051
500_RD_401 8.31200 128.01639 13 13307 1051
500_RD_401 8.31226 128.01928 14 13576 1051
500_RD_401 8.31213 128.01443 15 13933 1051
500_RD_401 8.31205 128.01452 16 13535 1051
500_RD_401 8.31209 128.01524 17 12807 1051
500_RD_401 8.93932 127.25049 1 231131 1052
500_RD_401 8.93923 127.24983 2 231695 1052
500_RD_401 8.93926 127.25033 3 234666 1052
500_RD_401 8.93924 127.25041 4 231102 1052
500_RD_401 8.93924 127.25083 5 233334 1052
500_RD_401 8.93932 127.25019 6 234926 1052
500_RD_401 8.93932 127.25033 7 234499 1052
500_RD_401 8.93929 127.25086 8 236728 1052
500_RD_401 8.93936 127.24994 9 235221 1052
500_RD_401 8.93921 127.24986 10 236333 1052
500_RD_401 8.93935 127.25049 11 236935 1052
500_RD_401 8.93940 127.24979 12 234162 1052
500_RD_401 8.93931 127.24987 13 235960 1052
500_RD_401 8.93927 127.25046 14 236423 1052
500_RD_401 8.93914 127.24965 15 245950 1052
500_RD_401 8.93928 127.24976 16 245788 1052
500_RD_401 8.93928 127.25019 17 222050 1052
500_RD_401 8.17817 120.24824 1 147446 1053
500_RD_401 8.17827 120.24768 2 147281 1053
500_RD_401 8.17819 120.24819 3 145983 1053
500_RD_401 8.17813 120.24887 4 147055 1053
500_RD_401 8.17819 120.24790 5 147541 1053
500_RD_401 8.17817 120.24773 6 145658 1053
500_RD_401 8.17818 120.24886 7 147665 1053
500_RD_401 8.17821 120.24830 8 148068 1053
500_RD_401 8.17810 120.24678 9 146056 1053
500_RD_401 8.17817 120.24940 10 148513 1053
500_RD_401 8.17820 120.24873 11 147952 1053
500_RD_401 8.17825 120.24673 12 146178 1053
500_RD_401 8.17827 120.24809 13 148705 1053
500_RD_401 8.17817 120.24790 14 146024 1053
500_RD_401 8.17810 120.24807 15 153429 1053
500_RD_401 8.17815 120.24762 16 153274 1053
500_RD_401 8.17818 120.24807 17 139225 1053
500_RD_401 8.06553 114.68016 1 129254 1054
500_RD_401 8.06551 114.68160 2 128988 1054
500_RD_401 8.06535 114.68085 3 129473 1054
500_RD_401 8.06579 114.68047 4 130463 1054
500_RD_401 8.06551 114.68005 5 130513 1054
500_RD_401 8.06556 114.67993 6 128030 1054
500_RD_401 8.06567 114.68219 7 129835 1054
500_RD_401 8.06572 114.68106 8 129353 1054
500_RD_401 8.06549 114.68163 9 129715 1054
500_RD_401 8.06579 114.68045 10 129652 1054
500_RD_401 8.06560 114.68063 11 129333 1054
500_RD_401 8.06562 114.68068 12 129194 1054
500_RD_401 8.06566 114.68035 13 129161 1054
500_RD_401 8.06560 114.68085 14 128031 1054
500_RD_401 8.06551 114.68191 15 135317 1054
500_RD_401 8.06544 114.68088 16 135179 1054
500_RD_401 8.06560 114.68085 17 122441 1054
500_RD_401 8.40181 111.10131 1 105040 1055
500_RD_401 8.40170 111.10069 2 105077 1055
500_RD_401 8.40154 111.10165 3 103575 1055
500_RD_401 8.40201 111.10078 4 105263 1055
500_RD_401 8.40166 111.10173 5 105023 1055
500_RD_401 8.40155 111.10089 6 103080 1055
500_RD_401 8.40173 111.10268 7 105944 1055
500_RD_401 8.40162 111.10097 8 104596 1055
500_RD_401 8.40173 111.10101 9 102882 1055
500_RD_401 8.40155 111.10115 10 104644 1055
500_RD_401 8.40180 111.09986 11 103702 1055
500_RD_401 8.40183 111.10156 12 102907 1055
500_RD_401 8.40202 111.10190 13 103373 1055
500_RD_401 8.40172 111.10072 14 102626 1055
500_RD_401 8.40167 111.10111 15 108820 1055
500_RD_401 8.40153 111.10318 16 110626 1055
500_RD_401 8.40172 111.10133 17 98657 1055
500_RD_401 7.78722 119.60690 1 106643 1056
500_RD_401 7.78706 119.60695 2 106866 1056
500_RD_401 7.78705 119.60721 3 106024 1056
500_RD_401 7.78726 119.60904 4 106096 1056
500_RD_401 7.78717 119.60637 5 106410 1056
500_RD_401 7.78725 119.60744 6 105660 1056
500_RD_401 7.78690 119.60595 7 107279 1056
500_RD_401 7.78705 119.60702 8 107757 1056
500_RD_401 7.78686 119.60570 9 106762 1056
500_RD_401 7.78713 119.60651 10 107413 1056
500_RD_401 7.78725 119.60740 11 106388 1056
500_RD_401 7.78696 119.60547 12 106684 1056
500_RD_401 7.78698 119.60669 13 107564 1056
500_RD_401 7.78706 119.60774 14 106389 1056
500_RD_401 7.78711 119.60672 15 110809 1056
500_RD_401 7.78718 119.60866 16 110643 1056
500_RD_401 7.78709 119.60699 17 100905 1056
500_RD_401 9.00561 124.15131 1 66068 1059
500_RD_401 9.00551 124.15104 2 66970 1059
500_RD_401 9.00526 124.15039 3 67029 1059
500_RD_401 9.00494 124.15127 4 67178 1059
500_RD_401 9.00490 124.15161 5 67409 1059
500_RD_401 9.00528 124.15089 6 66826 1059
500_RD_401 9.00552 124.14950 7 66622 1059
500_RD_401 9.00525 124.15148 8 66889 1059
500_RD_401 9.00547 124.15078 9 66632 1059
500_RD_401 9.00512 124.15185 10 67114 1059
500_RD_401 9.00542 124.14990 11 67305 1059
500_RD_401 9.00567 124.15229 12 67604 1059
500_RD_401 9.00480 124.14995 13 68290 1059
500_RD_401 9.00522 124.15073 14 66943 1059
500_RD_401 9.00514 124.15113 15 70452 1059
500_RD_401 9.00513 124.14847 16 69897 1059
500_RD_401 9.00526 124.15078 17 63484 1059
500_RD_401 7.85461 116.25972 1 115866 1062
500_RD_401 7.85473 116.25957 2 115963 1062
500_RD_401 7.85465 116.25928 3 115676 1062
500_RD_401 7.85469 116.26048 4 116123 1062
500_RD_401 7.85464 116.26050 5 116654 1062
500_RD_401 7.85489 116.25931 6 116357 1062
500_RD_401 7.85473 116.25988 7 117583 1062
500_RD_401 7.85466 116.26025 8 117080 1062
500_RD_401 7.85454 116.25992 9 115186 1062
500_RD_401 7.85478 116.25954 10 117012 1062
500_RD_401 7.85480 116.25955 11 115610 1062
500_RD_401 7.85460 116.26007 12 116451 1062
500_RD_401 7.85470 116.25986 13 115983 1062
500_RD_401 7.85463 116.26008 14 114252 1062
500_RD_401 7.85460 116.25967 15 121032 1062
500_RD_401 7.85470 116.26025 16 121475 1062
500_RD_401 7.85469 116.25987 17 109900 1062
500_RD_401 8.08780 118.31256 1 94664 1066
500_RD_401 8.08778 118.31306 2 94037 1066
500_RD_401 8.08756 118.31294 3 93694 1066
500_RD_401 8.08804 118.31293 4 94178 1066
500_RD_401 8.08810 118.31234 5 95133 1066
500_RD_401 8.08816 118.31180 6 94594 1066
500_RD_401 8.08767 118.31334 7 94295 1066
500_RD_401 8.08752 118.31330 8 94281 1066
500_RD_401 8.08767 118.31260 9 95289 1066
500_RD_401 8.08748 118.31271 10 95289 1066
500_RD_401 8.08796 118.31202 11 93827 1066
500_RD_401 8.08743 118.31239 12 94103 1066
500_RD_401 8.08791 118.31281 13 94395 1066
500_RD_401 8.08768 118.31288 14 93904 1066
500_RD_401 8.08773 118.31266 15 98228 1066
500_RD_401 8.08808 118.31315 16 98282 1066
500_RD_401 8.08779 118.31272 17 89305 1066
500_RD_401 8.26578 125.49884 1 164994 1069
500_RD_401 8.26574 125.49921 2 165598 1069
500_RD_401 8.26563 125.49791 3 166290 1069
500_RD_401 8.26584 125.49838 4 165331 1069
500_RD_401 8.26583 125.49839 5 166018 1069
500_RD_401 8.26580 125.49847 6 165862 1069
500_RD_401 8.26580 125.49896 7 168026 1069
500_RD_401 8.26572 125.49859 8 167627 1069
500_RD_401 8.26569 125.49753 9 166222 1069
500_RD_401 8.26560 125.49788 10 168374 1069
500_RD_401 8.26579 125.49825 11 168434 1069
500_RD_401 8.26563 125.49857 12 167131 1069
500_RD_401 8.26569 125.49863 13 168774 1069
500_RD_401 8.26564 125.49853 14 166993 1069
500_RD_401 8.26567 125.49737 15 178936 1069
500_RD_401 8.26563 125.49741 16 177683 1069
500_RD_401 8.26572 125.49830 17 158370 1069
500_RD_401 8.61680 120.77140 1 61472 1071
500_RD_401 8.61670 120.77114 2 61403 1071
500_RD_401 8.61683 120.77085 3 61794 1071
500_RD_401 8.61690 120.77210 4 62317 1071
500_RD_401 8.61708 120.77290 5 61723 1071
500_RD_401 8.61683 120.76979 6 61038 1071
500_RD_401 8.61684 120.77168 7 61650 1071
500_RD_401 8.61694 120.77104 8 62838 1071
500_RD_401 8.61651 120.77084 9 61496 1071
500_RD_401 8.61686 120.77207 10 61994 1071
500_RD_401 8.61643 120.77265 11 61426 1071
500_RD_401 8.61619 120.77076 12 62037 1071
500_RD_401 8.61653 120.77117 13 61965 1071
500_RD_401 8.61670 120.77220 14 62132 1071
500_RD_401 8.61704 120.77075 15 65390 1071
500_RD_401 8.61696 120.77080 16 65178 1071
500_RD_401 8.61680 120.77139 17 58580 1071
500_RD_401 8.68425 120.55621 1 138145 1072
500_RD_401 8.68431 120.55605 2 137892 1072
500_RD_401 8.68419 120.55687 3 138656 1072
500_RD_401 8.68452 120.55680 4 137854 1072
500_RD_401 8.68444 120.55639 5 138933 1072
500_RD_401 8.68385 120.55619 6 138365 1072
500_RD_401 8.68413 120.55590 7 138030 1072
500_RD_401 8.68455 120.55674 8 138944 1072
500_RD_401 8.68415 120.55594 9 138461 1072
500_RD_401 8.68394 120.55591 10 139853 1072
500_RD_401 8.68402 120.55601 11 138911 1072
500_RD_401 8.68466 120.55632 12 138117 1072
500_RD_401 8.68445 120.55711 13 138558 1072
500_RD_401 8.68425 120.55637 14 137800 1072
500_RD_401 8.68439 120.55667 15 142334 1072
500_RD_401 8.68421 120.55649 16 143394 1072
500_RD_401 8.68427 120.55637 17 130838 1072
500_RD_401 8.26576 132.72788 1 74480 1073
500_RD_401 8.26576 132.72788 2 75733 1073
500_RD_401 8.26564 132.72845 3 76749 1073
500_RD_401 8.26550 132.72767 4 75496 1073
500_RD_401 8.26525 132.72769 5 75789 1073
500_RD_401 8.26560 132.72820 6 77662 1073
500_RD_401 8.26588 132.72798 7 75795 1073
500_RD_401 8.26576 132.72788 8 77120 1073
500_RD_401 8.26565 132.72739 9 76714 1073
500_RD_401 8.26576 132.72788 10 77258 1073
500_RD_401 8.26531 132.72756 11 78410 1073
500_RD_401 8.26530 132.72618 12 76490 1073
500_RD_401 8.26576 132.72788 13 77909 1073
500_RD_401 8.26572 132.72967 14 77846 1073
500_RD_401 8.26534 132.72630 15 81292 1073
500_RD_401 8.26576 132.72788 16 80874 1073
500_RD_401 8.26576 132.72788 17 72683 1073
500_RD_401 8.84993 124.86775 1 77189 1077
500_RD_401 8.85045 124.86771 2 77512 1077
500_RD_401 8.85076 124.86544 3 77019 1077
500_RD_401 8.85017 124.86604 4 77478 1077
500_RD_401 8.85011 124.86757 5 78585 1077
500_RD_401 8.85055 124.86595 6 77331 1077
500_RD_401 8.85033 124.86646 7 78270 1077
500_RD_401 8.85048 124.86715 8 79085 1077
500_RD_401 8.85058 124.86586 9 76947 1077
500_RD_401 8.85020 124.86794 10 78867 1077
500_RD_401 8.85018 124.86611 11 78792 1077
500_RD_401 8.84971 124.86644 12 76858 1077
500_RD_401 8.84988 124.86647 13 78562 1077
500_RD_401 8.85028 124.86805 14 78245 1077
500_RD_401 8.84996 124.86538 15 82314 1077
500_RD_401 8.85013 124.86519 16 82724 1077
500_RD_401 8.85023 124.86658 17 73869 1077
500_RD_401 8.50943 116.04981 1 85204 1078
500_RD_401 8.50934 116.04963 2 85472 1078
500_RD_401 8.50939 116.04999 3 83617 1078
500_RD_401 8.50908 116.05009 4 85875 1078
500_RD_401 8.50986 116.05086 5 85875 1078
500_RD_401 8.50949 116.04969 6 83945 1078
500_RD_401 8.50943 116.05001 7 86658 1078
500_RD_401 8.50935 116.04951 8 86079 1078
500_RD_401 8.50908 116.04965 9 84040 1078
500_RD_401 8.50940 116.04951 10 86264 1078
500_RD_401 8.50930 116.04959 11 85088 1078
500_RD_401 8.50976 116.05007 12 83265 1078
500_RD_401 8.50969 116.04996 13 84783 1078
500_RD_401 8.50954 116.04833 14 84476 1078
500_RD_401 8.50980 116.04946 15 89267 1078
500_RD_401 8.50924 116.05044 16 89100 1078
500_RD_401 8.50944 116.04979 17 80530 1078
500_RD_401 8.40697 123.57977 1 169894 1079
500_RD_401 8.40691 123.58009 2 170920 1079
500_RD_401 8.40696 123.57929 3 172244 1079
500_RD_401 8.40691 123.57963 4 169860 1079
500_RD_401 8.40699 123.58024 5 170673 1079
500_RD_401 8.40686 123.57951 6 172068 1079
500_RD_401 8.40709 123.57976 7 171712 1079
500_RD_401 8.40671 123.57988 8 172388 1079
500_RD_401 8.40686 123.57933 9 172306 1079
500_RD_401 8.40694 123.57923 10 172196 1079
500_RD_401 8.40690 123.57940 11 172697 1079
500_RD_401 8.40670 123.57980 12 172580 1079
500_RD_401 8.40680 123.57910 13 172643 1079
500_RD_401 8.40689 123.58022 14 172301 1079
500_RD_401 8.40688 123.57917 15 179350 1079
500_RD_401 8.40679 123.57926 16 179275 1079
500_RD_401 8.40688 123.57960 17 162536 1079
500_RD_401 8.51035 129.46891 1 69347 1080
500_RD_401 8.51033 129.46830 2 69001 1080
500_RD_401 8.51042 129.46940 3 70226 1080
500_RD_401 8.51039 129.46899 4 69156 1080
500_RD_401 8.51037 129.46976 5 69599 1080
500_RD_401 8.51053 129.46819 6 70768 1080
500_RD_401 8.51025 129.46816 7 70071 1080
500_RD_401 8.51044 129.46874 8 70705 1080
500_RD_401 8.51047 129.46808 9 70633 1080
500_RD_401 8.51041 129.47010 10 70726 1080
500_RD_401 8.51030 129.46777 11 71690 1080
500_RD_401 8.51063 129.46778 12 70734 1080
500_RD_401 8.51030 129.47006 13 71311 1080
500_RD_401 8.51024 129.46738 14 71339 1080
500_RD_401 8.51036 129.46788 15 75079 1080
500_RD_401 8.51014 129.46770 16 74011 1080
500_RD_401 8.51037 129.46856 17 66729 1080
500_RD_401 8.47856 116.90806 1 352020 1081
500_RD_401 8.47860 116.90812 2 352902 1081
500_RD_401 8.47858 116.90739 3 350920 1081
500_RD_401 8.47860 116.90774 4 350872 1081
500_RD_401 8.47855 116.90794 5 353018 1081
500_RD_401 8.47858 116.90809 6 353409 1081
500_RD_401 8.47862 116.90784 7 353489 1081
500_RD_401 8.47855 116.90784 8 353692 1081
500_RD_401 8.47864 116.90733 9 351647 1081
500_RD_401 8.47869 116.90770 10 352966 1081
500_RD_401 8.47851 116.90828 11 351782 1081
500_RD_401 8.47863 116.90786 12 353100 1081
500_RD_401 8.47866 116.90767 13 350584 1081
500_RD_401 8.47854 116.90747 14 348805 1081
500_RD_401 8.47845 116.90786 15 363334 1081
500_RD_401 8.47847 116.90787 16 363626 1081
500_RD_401 8.47858 116.90782 17 332716 1081
500_RD_401 7.77189 107.82382 1 153311 1082
500_RD_401 7.77209 107.82486 2 153895 1082
500_RD_401 7.77194 107.82361 3 152125 1082
500_RD_401 7.77220 107.82476 4 153511 1082
500_RD_401 7.77221 107.82521 5 153434 1082
500_RD_401 7.77195 107.82413 6 152396 1082
500_RD_401 7.77210 107.82441 7 152358 1082
500_RD_401 7.77204 107.82398 8 152007 1082
500_RD_401 7.77185 107.82476 9 153202 1082
500_RD_401 7.77189 107.82464 10 150459 1082
500_RD_401 7.77222 107.82418 11 150571 1082
500_RD_401 7.77232 107.82454 12 153335 1082
500_RD_401 7.77185 107.82478 13 151644 1082
500_RD_401 7.77181 107.82368 14 149339 1082
500_RD_401 7.77165 107.82564 15 159711 1082
500_RD_401 7.77228 107.82435 16 157817 1082
500_RD_401 7.77201 107.82447 17 144066 1082
500_RD_401 8.35613 118.66375 1 291657 1083
500_RD_401 8.35627 118.66354 2 291096 1083
500_RD_401 8.35604 118.66377 3 293257 1083
500_RD_401 8.35621 118.66507 4 289558 1083
500_RD_401 8.35615 118.66389 5 293760 1083
500_RD_401 8.35618 118.66393 6 293021 1083
500_RD_401 8.35612 118.66367 7 293059 1083
500_RD_401 8.35628 118.66382 8 294359 1083
500_RD_401 8.35606 118.66368 9 292957 1083
500_RD_401 8.35621 118.66410 10 292583 1083
500_RD_401 8.35611 118.66358 11 292752 1083
500_RD_401 8.35616 118.66413 12 293804 1083
500_RD_401 8.35626 118.66396 13 292524 1083
500_RD_401 8.35616 118.66384 14 290597 1083
500_RD_401 8.35603 118.66338 15 303393 1083
500_RD_401 8.35595 118.66307 16 302261 1083
500_RD_401 8.35614 118.66382 17 276508 1083
500_RD_401 7.38974 121.37519 1 239674 1084
500_RD_401 7.38978 121.37586 2 238388 1084
500_RD_401 7.38973 121.37510 3 242890 1084
500_RD_401 7.38973 121.37499 4 239153 1084
500_RD_401 7.38978 121.37521 5 239967 1084
500_RD_401 7.38971 121.37514 6 241551 1084
500_RD_401 7.38981 121.37537 7 241870 1084
500_RD_401 7.38976 121.37478 8 243242 1084
500_RD_401 7.38971 121.37466 9 240441 1084
500_RD_401 7.38979 121.37552 10 241797 1084
500_RD_401 7.38975 121.37513 11 241121 1084
500_RD_401 7.38975 121.37538 12 241799 1084
500_RD_401 7.38972 121.37571 13 243264 1084
500_RD_401 7.38975 121.37552 14 239812 1084
500_RD_401 7.38965 121.37499 15 249491 1084
500_RD_401 7.38973 121.37478 16 249386 1084
500_RD_401 7.38974 121.37521 17 227873 1084
500_RD_401 8.71526 124.20419 1 78907 1086
500_RD_401 8.71526 124.20419 2 79166 1086
500_RD_401 8.71526 124.20419 3 79944 1086
500_RD_401 8.71578 124.20471 4 78928 1086
500_RD_401 8.71583 124.20306 5 79845 1086
500_RD_401 8.71608 124.20463 6 80065 1086
500_RD_401 8.71526 124.20419 7 80040 1086
500_RD_401 8.71523 124.20638 8 80431 1086
500_RD_401 8.71557 124.20387 9 79579 1086
500_RD_401 8.71521 124.20424 10 81025 1086
500_RD_401 8.71606 124.20519 11 81455 1086
500_RD_401 8.71526 124.20419 12 79030 1086
500_RD_401 8.71592 124.20339 13 81041 1086
500_RD_401 8.71556 124.20497 14 80179 1086
500_RD_401 8.71526 124.20419 15 84445 1086
500_RD_401 8.71526 124.20419 16 83701 1086
500_RD_401 8.71526 124.20419 17 75752 1086
500_RD_401 8.20690 117.10764 1 36596 1090
500_RD_401 8.20717 117.10958 2 36988 1090
500_RD_401 8.20682 117.10840 3 37406 1090
500_RD_401 8.20651 117.10920 4 37337 1090
500_RD_401 8.20680 117.10986 5 36755 1090
500_RD_401 8.20647 117.10920 6 36848 1090
500_RD_401 8.20653 117.11059 7 37309 1090
500_RD_401 8.20687 117.10829 8 37198 1090
500_RD_401 8.20690 117.10867 9 36611 1090
500_RD_401 8.20711 117.10786 10 36354 1090
500_RD_401 8.20657 117.11123 11 36680 1090
500_RD_401 8.20690 117.10892 12 37295 1090
500_RD_401 8.20675 117.10919 13 37109 1090
500_RD_401 8.20644 117.10935 14 37633 1090
500_RD_401 8.20687 117.10968 15 37940 1090
500_RD_401 8.20651 117.10808 16 38149 1090
500_RD_401 8.20675 117.10911 17 34953 1090
500_RD_401 9.76571 130.08078 1 9714 1961
500_RD_401 9.76839 130.07757 2 9363 1961
500_RD_401 9.76904 130.06257 3 9792 1961
500_RD_401 9.76616 130.07957 4 9444 1961
500_RD_401 9.76616 130.07957 5 9891 1961
500_RD_401 9.76486 130.08263 6 9340 1961
500_RD_401 9.76557 130.07549 7 9627 1961
500_RD_401 9.76503 130.07827 8 10217 1961
500_RD_401 9.76633 130.08008 9 9418 1961
500_RD_401 9.76544 130.09405 10 9519 1961
500_RD_401 9.76589 130.07984 11 10233 1961
500_RD_401 9.76618 130.08489 12 9853 1961
500_RD_401 9.76753 130.08254 13 10224 1961
500_RD_401 9.76666 130.08261 14 9416 1961
500_RD_401 9.76711 130.07653 15 10493 1961
500_RD_401 9.76663 130.07969 16 9923 1961
500_RD_401 9.76616 130.07957 17 9204 1961
500_RD_401 8.29357 111.84517 1 20801 2031
500_RD_401 8.29366 111.84740 2 20718 2031
500_RD_401 8.29366 111.84339 3 20487 2031
500_RD_401 8.29384 111.84669 4 20924 2031
500_RD_401 8.29363 111.84615 5 20536 2031
500_RD_401 8.29350 111.84887 6 21156 2031
500_RD_401 8.29401 111.84661 7 20706 2031
500_RD_401 8.29377 111.84769 8 20109 2031
500_RD_401 8.29336 111.84838 9 20590 2031
500_RD_401 8.29375 111.84546 10 19646 2031
500_RD_401 8.29403 111.84408 11 19769 2031
500_RD_401 8.29450 111.84531 12 20814 2031
500_RD_401 8.29404 111.84431 13 19909 2031
500_RD_401 8.29303 111.84348 14 19850 2031
500_RD_401 8.29400 111.84422 15 20473 2031
500_RD_401 8.29354 111.84669 16 20257 2031
500_RD_401 8.29375 111.84546 17 19220 2031
500_RD_401 8.28469 110.23805 1 23239 2033
500_RD_401 8.28494 110.23801 2 22671 2033
500_RD_401 8.28470 110.23673 3 23119 2033
500_RD_401 8.28499 110.23907 4 22573 2033
500_RD_401 8.28505 110.23862 5 22807 2033
500_RD_401 8.28474 110.23973 6 22873 2033
500_RD_401 8.28518 110.23725 7 22788 2033
500_RD_401 8.28499 110.23964 8 22823 2033
500_RD_401 8.28536 110.23799 9 22583 2033
500_RD_401 8.28448 110.23705 10 22359 2033
500_RD_401 8.28469 110.24013 11 22285 2033
500_RD_401 8.28477 110.24254 12 22799 2033
500_RD_401 8.28542 110.23944 13 22250 2033
500_RD_401 8.28519 110.23782 14 22071 2033
500_RD_401 8.28483 110.23860 15 22701 2033
500_RD_401 8.28436 110.24052 16 23861 2033
500_RD_401 8.28489 110.23883 17 21400 2033
500_RD_401 8.21842 111.67383 1 13814 2041
500_RD_401 8.21819 111.67812 2 13710 2041
500_RD_401 8.21882 111.67751 3 13092 2041
500_RD_401 8.21836 111.68344 4 13002 2041
500_RD_401 8.21867 111.67991 5 13641 2041
500_RD_401 8.21912 111.67883 6 12994 2041
500_RD_401 8.21849 111.68097 7 13120 2041
500_RD_401 8.21840 111.68022 8 12760 2041
500_RD_401 8.21847 111.68195 9 13375 2041
500_RD_401 8.21837 111.68324 10 13031 2041
500_RD_401 8.21888 111.68315 11 13399 2041
500_RD_401 8.21924 111.68351 12 13232 2041
500_RD_401 8.21863 111.67593 13 12519 2041
500_RD_401 8.21861 111.68126 14 12394 2041
500_RD_401 8.21889 111.68304 15 13922 2041
500_RD_401 8.21903 111.67898 16 12993 2041
500_RD_401 8.21866 111.68024 17 12412 2041
500_RD_401 8.32598 111.04448 1 16455 2043
500_RD_401 8.32852 111.04464 2 16186 2043
500_RD_401 8.32732 111.04647 3 16384 2043
500_RD_401 8.32586 111.04576 4 15839 2043
500_RD_401 8.32514 111.04201 5 16141 2043
500_RD_401 8.32521 111.04634 6 15823 2043
500_RD_401 8.32575 111.04152 7 16415 2043
500_RD_401 8.32728 111.04340 8 16270 2043
500_RD_401 8.32594 111.04386 9 14834 2043
500_RD_401 8.32633 111.04446 10 16369 2043
500_RD_401 8.32725 111.04243 11 15390 2043
500_RD_401 8.32687 111.04036 12 16771 2043
500_RD_401 8.32728 111.04539 13 16121 2043
500_RD_401 8.32647 111.04392 14 16279 2043
500_RD_401 8.32792 111.04215 15 16072 2043
500_RD_401 8.32773 111.04250 16 16622 2043
500_RD_401 8.32671 111.04372 17 15175 2043
500_RD_401 8.22639 108.95236 1 13347 2045
500_RD_401 8.22685 108.95081 2 12435 2045
500_RD_401 8.22606 108.94776 3 12634 2045
500_RD_401 8.22632 108.95785 4 12549 2045
500_RD_401 8.22560 108.94975 5 12633 2045
500_RD_401 8.22646 108.95512 6 12427 2045
500_RD_401 8.22619 108.94871 7 13157 2045
500_RD_401 8.22602 108.95187 8 12711 2045
500_RD_401 8.22589 108.95028 9 12603 2045
500_RD_401 8.22573 108.94983 10 12436 2045
500_RD_401 8.22538 108.94873 11 12798 2045
500_RD_401 8.22519 108.95059 12 12453 2045
500_RD_401 8.22574 108.95244 13 12233 2045
500_RD_401 8.22652 108.95074 14 12648 2045
500_RD_401 8.22654 108.94763 15 12428 2045
500_RD_401 8.22524 108.95129 16 13323 2045
500_RD_401 8.22597 108.95095 17 11930 2045
500_RD_401 8.15571 111.30784 1 19744 2055
500_RD_401 8.15600 111.30739 2 20504 2055
500_RD_401 8.15591 111.30641 3 19831 2055
500_RD_401 8.15597 111.30627 4 20090 2055
500_RD_401 8.15544 111.30548 5 19778 2055
500_RD_401 8.15548 111.30946 6 20000 2055
500_RD_401 8.15602 111.30856 7 20506 2055
500_RD_401 8.15533 111.30603 8 19720 2055
500_RD_401 8.15603 111.30760 9 20618 2055
500_RD_401 8.15621 111.30800 10 19697 2055
500_RD_401 8.15608 111.30781 11 19894 2055
500_RD_401 8.15608 111.30935 12 20873 2055
500_RD_401 8.15584 111.30736 13 19772 2055
500_RD_401 8.15560 111.30766 14 19951 2055
500_RD_401 8.15577 111.30635 15 20082 2055
500_RD_401 8.15631 111.30793 16 19493 2055
500_RD_401 8.15586 111.30748 17 18856 2055
500_RD_401 9.99814 128.94293 1 28554 2070
500_RD_401 9.99796 128.94427 2 28782 2070
500_RD_401 9.99796 128.94051 3 29165 2070
500_RD_401 9.99824 128.94663 4 28847 2070
500_RD_401 9.99822 128.94396 5 28598 2070
500_RD_401 9.99850 128.93989 6 28121 2070
500_RD_401 9.99806 128.94750 7 28885 2070
500_RD_401 9.99791 128.94383 8 29110 2070
500_RD_401 9.99775 128.94351 9 29304 2070
500_RD_401 9.99795 128.94564 10 29706 2070
500_RD_401 9.99776 128.94392 11 29804 2070
500_RD_401 9.99810 128.94391 12 28782 2070
500_RD_401 9.99844 128.94510 13 29305 2070
500_RD_401 9.99767 128.94384 14 29711 2070
500_RD_401 9.99823 128.93988 15 30672 2070
500_RD_401 9.99812 128.94745 16 31173 2070
500_RD_401 9.99810 128.94391 17 27560 2070
500_RD_401 8.19708 120.80511 1 26443 2076
500_RD_401 8.19725 120.80481 2 25790 2076
500_RD_401 8.19754 120.80418 3 26479 2076
500_RD_401 8.19739 120.80733 4 26412 2076
500_RD_401 8.19721 120.80558 5 25805 2076
500_RD_401 8.19714 120.80395 6 26305 2076
500_RD_401 8.19655 120.80422 7 26437 2076
500_RD_401 8.19740 120.80911 8 26109 2076
500_RD_401 8.19709 120.80497 9 25835 2076
500_RD_401 8.19725 120.80481 10 25852 2076
500_RD_401 8.19741 120.80240 11 26143 2076
500_RD_401 8.19725 120.80481 12 26440 2076
500_RD_401 8.19693 120.80503 13 26586 2076
500_RD_401 8.19750 120.80319 14 25779 2076
500_RD_401 8.19668 120.80591 15 26907 2076
500_RD_401 8.19692 120.80180 16 26765 2076
500_RD_401 8.19725 120.80481 17 24711 2076
500_RD_401 8.21754 127.01955 1 26519 2077
500_RD_401 8.21761 127.01875 2 25894 2077
500_RD_401 8.21747 127.01895 3 27080 2077
500_RD_401 8.21761 127.01875 4 25672 2077
500_RD_401 8.21774 127.02128 5 27101 2077
500_RD_401 8.21763 127.01895 6 27162 2077
500_RD_401 8.21756 127.01877 7 26773 2077
500_RD_401 8.21744 127.02005 8 26227 2077
500_RD_401 8.21738 127.02151 9 26837 2077
500_RD_401 8.21773 127.02098 10 27492 2077
500_RD_401 8.21744 127.01869 11 27430 2077
500_RD_401 8.21782 127.01856 12 26767 2077
500_RD_401 8.21780 127.02093 13 27143 2077
500_RD_401 8.21766 127.01866 14 26647 2077
500_RD_401 8.21761 127.01875 15 27474 2077
500_RD_401 8.21761 127.01875 16 27418 2077
500_RD_401 8.21761 127.01875 17 25273 2077
500_RD_401 7.95422 119.92678 1 22516 2078
500_RD_401 7.95459 119.92665 2 22885 2078
500_RD_401 7.95406 119.91944 3 22598 2078
500_RD_401 7.95413 119.92418 4 21956 2078
500_RD_401 7.95436 119.92680 5 22576 2078
500_RD_401 7.95410 119.92678 6 22186 2078
500_RD_401 7.95462 119.92643 7 22991 2078
500_RD_401 7.95439 119.92661 8 23477 2078
500_RD_401 7.95400 119.92793 9 22721 2078
500_RD_401 7.95459 119.92644 10 23567 2078
500_RD_401 7.95459 119.92736 11 23352 2078
500_RD_401 7.95418 119.92845 12 22937 2078
500_RD_401 7.95450 119.92417 13 23168 2078
500_RD_401 7.95403 119.92585 14 22697 2078
500_RD_401 7.95405 119.92645 15 23340 2078
500_RD_401 7.95437 119.92442 16 23346 2078
500_RD_401 7.95431 119.92593 17 21548 2078
500_RD_401 8.25052 121.92844 1 38469 2081
500_RD_401 8.25071 121.92735 2 38479 2081
500_RD_401 8.25027 121.92693 3 39533 2081
500_RD_401 8.25067 121.92747 4 38306 2081
500_RD_401 8.25065 121.92737 5 38956 2081
500_RD_401 8.25077 121.92647 6 39456 2081
500_RD_401 8.25051 121.92822 7 39272 2081
500_RD_401 8.25084 121.92773 8 38658 2081
500_RD_401 8.25064 121.92607 9 38910 2081
500_RD_401 8.25036 121.92744 10 38536 2081
500_RD_401 8.25052 121.92644 11 37657 2081
500_RD_401 8.25094 121.92888 12 38634 2081
500_RD_401 8.25080 121.92692 13 38600 2081
500_RD_401 8.25048 121.92824 14 37975 2081
500_RD_401 8.25071 121.93013 15 39546 2081
500_RD_401 8.25078 121.92859 16 38984 2081
500_RD_401 8.25064 121.92766 17 36469 2081
500_RD_401 7.86761 114.96197 1 35631 2082
500_RD_401 7.86762 114.96190 2 35433 2082
500_RD_401 7.86778 114.96069 3 35867 2082
500_RD_401 7.86786 114.96004 4 35263 2082
500_RD_401 7.86758 114.95997 5 36001 2082
500_RD_401 7.86747 114.96154 6 34978 2082
500_RD_401 7.86744 114.95966 7 35355 2082
500_RD_401 7.86732 114.95987 8 35388 2082
500_RD_401 7.86754 114.96090 9 35189 2082
500_RD_401 7.86777 114.96202 10 35032 2082
500_RD_401 7.86786 114.95788 11 36123 2082
500_RD_401 7.86754 114.95875 12 35571 2082
500_RD_401 7.86748 114.95908 13 35602 2082
500_RD_401 7.86773 114.96275 14 34814 2082
500_RD_401 7.86793 114.95980 15 35795 2082
500_RD_401 7.86781 114.95929 16 35543 2082
500_RD_401 7.86765 114.96036 17 33387 2082
500_RD_401 8.24813 121.50852 1 30764 2083
500_RD_401 8.24954 121.50847 2 30567 2083
500_RD_401 8.25038 121.50817 3 31349 2083
500_RD_401 8.24897 121.50739 4 30685 2083
500_RD_401 8.25036 121.50765 5 31047 2083
500_RD_401 8.25000 121.50764 6 32014 2083
500_RD_401 8.24882 121.50920 7 32216 2083
500_RD_401 8.25098 121.50743 8 31783 2083
500_RD_401 8.24911 121.50959 9 31796 2083
500_RD_401 8.24938 121.50888 10 31734 2083
500_RD_401 8.24984 121.50883 11 31851 2083
500_RD_401 8.25124 121.50787 12 31482 2083
500_RD_401 8.24746 121.50971 13 31550 2083
500_RD_401 8.24988 121.50748 14 31305 2083
500_RD_401 8.24900 121.51047 15 32395 2083
500_RD_401 8.24899 121.50803 16 31823 2083
500_RD_401 8.24954 121.50847 17 29668 2083
500_RD_401 7.85893 122.99524 1 34010 2084
500_RD_401 7.85862 122.99293 2 34095 2084
500_RD_401 7.85824 122.99331 3 34210 2084
500_RD_401 7.85843 122.99438 4 33497 2084
500_RD_401 7.85879 122.99856 5 35163 2084
500_RD_401 7.85826 122.99495 6 33940 2084
500_RD_401 7.85912 122.99298 7 34587 2084
500_RD_401 7.85850 122.99223 8 34414 2084
500_RD_401 7.85875 122.99185 9 34208 2084
500_RD_401 7.85845 122.99660 10 34503 2084
500_RD_401 7.85872 122.99431 11 34561 2084
500_RD_401 7.85870 122.99676 12 34957 2084
500_RD_401 7.85846 122.99345 13 33886 2084
500_RD_401 7.85948 122.99353 14 33642 2084
500_RD_401 7.85771 122.99554 15 34068 2084
500_RD_401 7.85858 122.99395 16 34759 2084
500_RD_401 7.85861 122.99444 17 32265 2084
500_RD_401 8.03168 126.90618 1 24906 2094
500_RD_401 8.03168 126.90618 2 24640 2094
500_RD_401 8.03168 126.90618 3 25474 2094
500_RD_401 8.03186 126.90218 4 25075 2094
500_RD_401 8.03168 126.90618 5 25331 2094
500_RD_401 8.03193 126.90593 6 25695 2094
500_RD_401 8.03189 126.90844 7 25549 2094
500_RD_401 8.03200 126.90485 8 25503 2094
500_RD_401 8.03164 126.90711 9 25692 2094
500_RD_401 8.03191 126.90553 10 25451 2094
500_RD_401 8.03181 126.90561 11 25652 2094
500_RD_401 8.03168 126.90618 12 24590 2094
500_RD_401 8.03168 126.90618 13 25329 2094
500_RD_401 8.03189 126.90856 14 25633 2094
500_RD_401 8.03229 126.90899 15 26368 2094
500_RD_401 8.03168 126.90308 16 25918 2094
500_RD_401 8.03168 126.90618 17 23930 2094
500_RD_401 8.20575 127.82378 1 26250 2095
500_RD_401 8.20641 127.82137 2 26373 2095
500_RD_401 8.20628 127.82236 3 26756 2095
500_RD_401 8.20592 127.81825 4 26285 2095
500_RD_401 8.20586 127.82022 5 27238 2095
500_RD_401 8.20591 127.82124 6 27501 2095
500_RD_401 8.20607 127.82243 7 26612 2095
500_RD_401 8.20596 127.82359 8 26930 2095
500_RD_401 8.20616 127.82105 9 26843 2095
500_RD_401 8.20551 127.82257 10 27484 2095
500_RD_401 8.20615 127.82291 11 26914 2095
500_RD_401 8.20643 127.82030 12 27317 2095
500_RD_401 8.20570 127.82164 13 26475 2095
500_RD_401 8.20643 127.81989 14 27503 2095
500_RD_401 8.20654 127.81841 15 26853 2095
500_RD_401 8.20562 127.82373 16 27934 2095
500_RD_401 8.20604 127.82149 17 25369 2095
500_RD_401 7.87965 129.38579 1 45479 2098
500_RD_401 7.88015 129.38459 2 44871 2098
500_RD_401 7.87993 129.38475 3 45783 2098
500_RD_401 7.87984 129.38620 4 44491 2098
500_RD_401 7.87880 129.38455 5 45521 2098
500_RD_401 7.87980 129.38476 6 45635 2098
500_RD_401 7.87971 129.38633 7 45237 2098
500_RD_401 7.87961 129.38528 8 45812 2098
500_RD_401 7.87985 129.38482 9 44757 2098
500_RD_401 7.87996 129.38499 10 45107 2098
500_RD_401 7.88002 129.38282 11 46029 2098
500_RD_401 7.88017 129.38534 12 45549 2098
500_RD_401 7.87984 129.38603 13 45632 2098
500_RD_401 7.87990 129.38335 14 46361 2098
500_RD_401 7.87985 129.38482 15 44980 2098
500_RD_401 7.87948 129.38492 16 45857 2098
500_RD_401 7.87985 129.38482 17 42771 2098
500_RD_401 8.61660 129.99783 1 45007 3020
500_RD_401 8.61673 129.99848 2 44936 3020
500_RD_401 8.61680 129.99733 3 44624 3020
500_RD_401 8.61651 129.99816 4 45557 3020
500_RD_401 8.61648 130.00069 5 45239 3020
500_RD_401 8.61688 129.99920 6 45361 3020
500_RD_401 8.61655 129.99950 7 45781 3020
500_RD_401 8.61670 129.99970 8 45182 3020
500_RD_401 8.61664 130.00030 9 45593 3020
500_RD_401 8.61678 129.99927 10 45655 3020
500_RD_401 8.61701 129.99954 11 46479 3020
500_RD_401 8.61645 130.00005 12 45701 3020
500_RD_401 8.61683 129.99806 13 46301 3020
500_RD_401 8.61675 129.99946 14 46444 3020
500_RD_401 8.61672 129.99730 15 48117 3020
500_RD_401 8.61680 129.99750 16 47885 3020
500_RD_401 8.61670 129.99889 17 43168 3020
500_RD_401 9.00880 125.65705 1 19758 3030
500_RD_401 9.00956 125.65908 2 19581 3030
500_RD_401 9.01031 125.66294 3 19191 3030
500_RD_401 9.00907 125.66421 4 19477 3030
500_RD_401 9.00917 125.66069 5 19500 3030
500_RD_401 9.00998 125.65902 6 20031 3030
500_RD_401 9.01035 125.65829 7 19587 3030
500_RD_401 9.00804 125.65299 8 18976 3030
500_RD_401 9.00955 125.66181 9 19774 3030
500_RD_401 9.00952 125.66127 10 20397 3030
500_RD_401 9.00959 125.65780 11 18961 3030
500_RD_401 9.00961 125.65751 12 19636 3030
500_RD_401 9.00897 125.65944 13 19192 3030
500_RD_401 9.00998 125.65851 14 19699 3030
500_RD_401 9.00976 125.65377 15 20393 3030
500_RD_401 9.00938 125.66020 16 20542 3030
500_RD_401 9.00948 125.65905 17 18512 3030
500_RD_401 8.19678 119.24592 1 34619 3034
500_RD_401 8.19666 119.24703 2 34538 3034
500_RD_401 8.19662 119.24616 3 35107 3034
500_RD_401 8.19700 119.24598 4 33959 3034
500_RD_401 8.19752 119.24433 5 34395 3034
500_RD_401 8.19693 119.24545 6 34650 3034
500_RD_401 8.19680 119.24594 7 34913 3034
500_RD_401 8.19697 119.24576 8 34444 3034
500_RD_401 8.19693 119.24681 9 34156 3034
500_RD_401 8.19735 119.24512 10 34356 3034
500_RD_401 8.19704 119.24580 11 35131 3034
500_RD_401 8.19641 119.24546 12 34025 3034
500_RD_401 8.19686 119.24637 13 34394 3034
500_RD_401 8.19703 119.25036 14 34459 3034
500_RD_401 8.19639 119.24493 15 36228 3034
500_RD_401 8.19646 119.24896 16 37211 3034
500_RD_401 8.19685 119.24628 17 32740 3034
500_RD_401 8.86955 121.06242 1 12075 3040
500_RD_401 8.87083 121.06503 2 11289 3040
500_RD_401 8.87080 121.06611 3 12017 3040
500_RD_401 8.87083 121.06503 4 11913 3040
500_RD_401 8.87001 121.06263 5 12352 3040
500_RD_401 8.86846 121.06782 6 12027 3040
500_RD_401 8.86972 121.06255 7 11753 3040
500_RD_401 8.87018 121.06474 8 12708 3040
500_RD_401 8.87083 121.06503 9 11513 3040
500_RD_401 8.87083 121.06503 10 11562 3040
500_RD_401 8.87083 121.06503 11 11779 3040
500_RD_401 8.86977 121.05706 12 11523 3040
500_RD_401 8.86982 121.06519 13 12391 3040
500_RD_401 8.87083 121.06503 14 12464 3040
500_RD_401 8.87083 121.06503 15 13042 3040
500_RD_401 8.87083 121.06503 16 13388 3040
500_RD_401 8.87083 121.06503 17 11400 3040
500_RD_401 8.45294 108.34118 1 25721 3041
500_RD_401 8.45378 108.34051 2 26555 3041
500_RD_401 8.45365 108.34324 3 24972 3041
500_RD_401 8.45354 108.34209 4 25976 3041
500_RD_401 8.45342 108.34133 5 26568 3041
500_RD_401 8.45334 108.34288 6 25800 3041
500_RD_401 8.45376 108.34838 7 25336 3041
500_RD_401 8.45413 108.33983 8 25685 3041
500_RD_401 8.45362 108.34113 9 26015 3041
500_RD_401 8.45388 108.34341 10 25163 3041
500_RD_401 8.45297 108.34388 11 25307 3041
500_RD_401 8.45333 108.34099 12 25229 3041
500_RD_401 8.45390 108.34202 13 25730 3041
500_RD_401 8.45371 108.34281 14 25743 3041
500_RD_401 8.45367 108.34335 15 26528 3041
500_RD_401 8.45334 108.34490 16 27537 3041
500_RD_401 8.45357 108.34260 17 24345 3041
500_RD_401 8.42431 110.28032 1 20625 3043
500_RD_401 8.42491 110.28322 2 20722 3043
500_RD_401 8.42472 110.27952 3 20999 3043
500_RD_401 8.42461 110.28248 4 20223 3043
500_RD_401 8.42510 110.28081 5 20779 3043
500_RD_401 8.42462 110.28086 6 20647 3043
500_RD_401 8.42544 110.28310 7 19972 3043
500_RD_401 8.42474 110.27265 8 20526 3043
500_RD_401 8.42488 110.27841 9 20297 3043
500_RD_401 8.42471 110.27954 10 20836 3043
500_RD_401 8.42476 110.27816 11 20539 3043
500_RD_401 8.42426 110.27692 12 20525 3043
500_RD_401 8.42479 110.27876 13 20265 3043
500_RD_401 8.42430 110.28410 14 20452 3043
500_RD_401 8.42510 110.28023 15 22206 3043
500_RD_401 8.42415 110.27587 16 21771 3043
500_RD_401 8.42472 110.27970 17 19493 3043
500_RD_401 7.96251 127.20198 1 23548 3044
500_RD_401 7.96252 127.19922 2 22832 3044
500_RD_401 7.96286 127.20548 3 22234 3044
500_RD_401 7.96259 127.20485 4 22947 3044
500_RD_401 7.96297 127.20200 5 23253 3044
500_RD_401 7.96263 127.20294 6 22784 3044
500_RD_401 7.96278 127.20044 7 23492 3044
500_RD_401 7.96280 127.20310 8 22931 3044
500_RD_401 7.96268 127.19976 9 22953 3044
500_RD_401 7.96217 127.20074 10 24082 3044
500_RD_401 7.96276 127.20036 11 23462 3044
500_RD_401 7.96250 127.19879 12 23040 3044
500_RD_401 7.96264 127.20096 13 23543 3044
500_RD_401 7.96267 127.20003 14 23857 3044
500_RD_401 7.96258 127.20246 15 25724 3044
500_RD_401 7.96231 127.20225 16 24745 3044
500_RD_401 7.96262 127.20157 17 22084 3044
500_RD_401 7.68702 119.24502 1 28858 3056
500_RD_401 7.68694 119.24596 2 28973 3056
500_RD_401 7.68690 119.24558 3 28016 3056
500_RD_401 7.68645 119.24262 4 28738 3056
500_RD_401 7.68721 119.24644 5 28473 3056
500_RD_401 7.68776 119.24036 6 28173 3056
500_RD_401 7.68678 119.24328 7 28928 3056
500_RD_401 7.68706 119.24450 8 29073 3056
500_RD_401 7.68706 119.24380 9 28289 3056
500_RD_401 7.68729 119.24396 10 29270 3056
500_RD_401 7.68669 119.24181 11 28493 3056
500_RD_401 7.68675 119.24474 12 28404 3056
500_RD_401 7.68669 119.24351 13 28760 3056
500_RD_401 7.68656 119.24567 14 29252 3056
500_RD_401 7.68705 119.24292 15 30188 3056
500_RD_401 7.68682 119.24190 16 31134 3056
500_RD_401 7.68695 119.24388 17 27237 3056
500_RD_401 8.30860 127.57577 1 33763 3077
500_RD_401 8.30794 127.57411 2 33724 3077
500_RD_401 8.30820 127.57690 3 35024 3077
500_RD_401 8.30865 127.57737 4 34430 3077
500_RD_401 8.30819 127.57527 5 34079 3077
500_RD_401 8.30828 127.57761 6 34955 3077
500_RD_401 8.30859 127.57840 7 34435 3077
500_RD_401 8.30830 127.57892 8 35668 3077
500_RD_401 8.30818 127.57375 9 34513 3077
500_RD_401 8.30830 127.57620 10 34703 3077
500_RD_401 8.30773 127.57813 11 34956 3077
500_RD_401 8.30874 127.57381 12 34597 3077
500_RD_401 8.30834 127.57773 13 34308 3077
500_RD_401 8.30829 127.57584 14 35575 3077
500_RD_401 8.30838 127.57562 15 35126 3077
500_RD_401 8.30812 127.57475 16 35784 3077
500_RD_401 8.30830 127.57628 17 32685 3077
500_RD_401 8.63499 122.18657 1 81321 4038
500_RD_401 8.63529 122.18741 2 80662 4038
500_RD_401 8.63507 122.18615 3 80311 4038
500_RD_401 8.63534 122.18811 4 80603 4038
500_RD_401 8.63536 122.18647 5 81307 4038
500_RD_401 8.63501 122.18768 6 80097 4038
500_RD_401 8.63498 122.18553 7 82196 4038
500_RD_401 8.63553 122.18619 8 81575 4038
500_RD_401 8.63496 122.18615 9 81387 4038
500_RD_401 8.63474 122.18801 10 82860 4038
500_RD_401 8.63514 122.18846 11 81478 4038
500_RD_401 8.63505 122.18788 12 80193 4038
500_RD_401 8.63521 122.18625 13 82551 4038
500_RD_401 8.63499 122.18729 14 81547 4038
500_RD_401 8.63509 122.18713 15 84435 4038
500_RD_401 8.63528 122.18743 16 84564 4038
500_RD_401 8.63512 122.18704 17 76887 4038
500_RD_401 8.78599 119.94955 1 41896 4049
500_RD_401 8.78599 119.94909 2 42220 4049
500_RD_401 8.78621 119.94775 3 42522 4049
500_RD_401 8.78576 119.94600 4 42456 4049
500_RD_401 8.78615 119.95015 5 42511 4049
500_RD_401 8.78593 119.94740 6 42230 4049
500_RD_401 8.78641 119.94870 7 42141 4049
500_RD_401 8.78585 119.94877 8 42964 4049
500_RD_401 8.78619 119.94955 9 42973 4049
500_RD_401 8.78598 119.95104 10 42225 4049
500_RD_401 8.78554 119.94777 11 42189 4049
500_RD_401 8.78568 119.94941 12 41351 4049
500_RD_401 8.78603 119.94605 13 42620 4049
500_RD_401 8.78575 119.94720 14 42066 4049
500_RD_401 8.78648 119.95116 15 43722 4049
500_RD_401 8.78607 119.94691 16 43664 4049
500_RD_401 8.78600 119.94853 17 39985 4049
500_RD_401 9.11395 123.96744 1 24181 4059
500_RD_401 9.11441 123.96906 2 24648 4059
500_RD_401 9.11442 123.96969 3 23954 4059
500_RD_401 9.11418 123.97098 4 25097 4059
500_RD_401 9.11464 123.96873 5 24725 4059
500_RD_401 9.11352 123.96765 6 24242 4059
500_RD_401 9.11436 123.96766 7 24162 4059
500_RD_401 9.11422 123.96819 8 23950 4059
500_RD_401 9.11394 123.96872 9 24550 4059
500_RD_401 9.11392 123.96915 10 25428 4059
500_RD_401 9.11435 123.96871 11 24831 4059
500_RD_401 9.11386 123.96680 12 25122 4059
500_RD_401 9.11399 123.96834 13 24733 4059
500_RD_401 9.11411 123.96606 14 25198 4059
500_RD_401 9.11435 123.96697 15 25449 4059
500_RD_401 9.11434 123.96715 16 25641 4059
500_RD_401 9.11422 123.96818 17 23289 4059
500_RD_401 8.74057 121.07443 1 67119 4071
500_RD_401 8.73999 121.07191 2 66729 4071
500_RD_401 8.74030 121.07293 3 66788 4071
500_RD_401 8.73961 121.07375 4 66503 4071
500_RD_401 8.74103 121.07486 5 67618 4071
500_RD_401 8.73970 121.07233 6 66215 4071
500_RD_401 8.74038 121.07362 7 67139 4071
500_RD_401 8.74139 121.07260 8 67921 4071
500_RD_401 8.74012 121.07326 9 67089 4071
500_RD_401 8.74087 121.07512 10 68364 4071
500_RD_401 8.74146 121.07458 11 66922 4071
500_RD_401 8.74058 121.07326 12 66595 4071
500_RD_401 8.74038 121.07195 13 67081 4071
500_RD_401 8.74079 121.07552 14 67131 4071
500_RD_401 8.73962 121.07288 15 68726 4071
500_RD_401 8.73962 121.07488 16 69394 4071
500_RD_401 8.74038 121.07362 17 63373 4071
500_RD_401 7.79474 120.70148 1 34555 4080
500_RD_401 7.79423 120.70371 2 34416 4080
500_RD_401 7.79446 120.70008 3 34438 4080
500_RD_401 7.79448 120.70471 4 34422 4080
500_RD_401 7.79423 120.70287 5 34027 4080
500_RD_401 7.79421 120.69929 6 34568 4080
500_RD_401 7.79350 120.70271 7 34958 4080
500_RD_401 7.79420 120.70219 8 34326 4080
500_RD_401 7.79488 120.70297 9 34936 4080
500_RD_401 7.79443 120.69871 10 35239 4080
500_RD_401 7.79432 120.70284 11 35123 4080
500_RD_401 7.79487 120.70047 12 35371 4080
500_RD_401 7.79491 120.70303 13 34603 4080
500_RD_401 7.79396 120.70084 14 35271 4080
500_RD_401 7.79454 120.70467 15 36470 4080
500_RD_401 7.79462 120.70198 16 35810 4080
500_RD_401 7.79442 120.70203 17 32855 4080
