F2 Position 0 0
A 14 1 10458
A 14 2 8874
A 14 3 10854
A 14 4 7983
A 14 5 11330
A 14 6 8798
A 14 7 8799
A 14 8 8773
A 14 9 12677
A 14 10 23301
A 14 11 9533
A 14 12 10402
A 14 13 7539
A 14 14 10022
A 14 15 10017
A 14 16 7644
A 14 17 9685
A 14 18 7910
A 14 19 12444
A 14 20 21707
A 14 21 8853
A 14 22 9855
A 14 23 8232
A 14 24 6568
A 14 25 10512
A 14 26 8627
A 14 27 11651
A 14 28 10874
A 14 29 7701
A 14 30 23349
A 14 31 7639
A 14 32 9945
A 14 33 7699
A 14 34 10188
A 14 35 8215
A 14 36 8169
A 14 37 8216
A 14 38 11833
A 14 39 8650
A 14 40 23639
A 20 1 22025
A 20 2 22615
A 20 3 24625
A 20 4 20205
A 20 5 23465
A 20 6 25015
A 20 7 22245
A 20 8 23145
A 20 9 23285
A 20 10 38535
A 20 11 23155
A 20 12 20995
A 20 13 21905
A 20 14 23015
A 20 15 25045
A 20 16 22565
A 20 17 25145
A 20 18 23905
A 20 19 22965
A 20 20 41375
A 20 21 22865
A 20 22 21825
A 20 23 21325
A 20 24 24665
A 20 25 23045
A 20 26 21575
A 20 27 25275
A 20 28 25585
A 20 29 24645
A 20 30 40945
A 20 31 21885
A 20 32 24495
A 20 33 24275
A 20 34 25575
A 20 35 22375
A 20 36 22515
A 20 37 23685
A 20 38 23075
A 20 39 20655
A 20 40 42435
A 29 1 9764
A 29 2 8750
A 29 3 9323
A 29 4 9086
A 29 5 8930
A 29 6 8253
A 29 7 8832
A 29 8 6090
A 29 9 9401
A 29 10 16326
A 29 11 8651
A 29 12 8949
A 29 13 8420
A 29 14 7412
A 29 15 9285
A 29 16 7062
A 29 17 6180
A 29 18 7064
A 29 19 11208
A 29 20 15577
A 29 21 8040
A 29 22 10184
A 29 23 9611
A 29 24 9006
A 29 25 8420
A 29 26 6910
A 29 27 9940
A 29 28 9614
A 29 29 8801
A 29 30 17245
A 29 31 8317
A 29 32 9868
A 29 33 7602
A 29 34 9313
A 29 35 10082
A 29 36 8532
A 29 37 7015
A 29 38 10758
A 29 39 8582
A 29 40 15588
A 30 1 11523
A 30 2 9627
A 30 3 11331
A 30 4 7208
A 30 5 11680
A 30 6 8767
A 30 7 7982
A 30 8 10439
A 30 9 11476
A 30 10 20040
A 30 11 11056
A 30 12 10254
A 30 13 11071
A 30 14 11087
A 30 15 10441
A 30 16 9842
A 30 17 10872
A 30 18 8620
A 30 19 12320
A 30 20 20397
A 30 21 9391
A 30 22 10646
A 30 23 8077
A 30 24 8388
A 30 25 12317
A 30 26 9453
A 30 27 11732
A 30 28 9295
A 30 29 10118
A 30 30 18674
A 30 31 10852
A 30 32 8964
A 30 33 9577
A 30 34 10039
A 30 35 9771
A 30 36 6529
A 30 37 7145
A 30 38 11995
A 30 39 8989
A 30 40 19037
A 31 1 37390
A 31 2 37050
A 31 3 36590
A 31 4 36170
A 31 5 38570
A 31 6 34760
A 31 7 35760
A 31 8 36470
A 31 9 36120
A 31 10 60010
A 31 11 35930
A 31 12 35660
A 31 13 35950
A 31 14 31670
A 31 15 35530
A 31 16 33350
A 31 17 37190
A 31 18 32580
A 31 19 35360
A 31 20 57430
A 31 21 34910
A 31 22 36180
A 31 23 37700
A 31 24 35230
A 31 25 34870
A 31 26 37990
A 31 27 37360
A 31 28 34990
A 31 29 33920
A 31 30 56410
A 31 31 34950
A 31 32 33420
A 31 33 37050
A 31 34 37600
A 31 35 35910
A 31 36 38260
A 31 37 37140
A 31 38 35750
A 31 39 35220
A 31 40 57040
A 32 1 29120
A 32 2 25080
A 32 3 28240
A 32 4 24590
A 32 5 27410
A 32 6 26330
A 32 7 23960
A 32 8 28990
A 32 9 26460
A 32 10 40440
A 32 11 25330
A 32 12 26150
A 32 13 25100
A 32 14 25370
A 32 15 29160
A 32 16 26140
A 32 17 24300
A 32 18 27220
A 32 19 27190
A 32 20 40110
A 32 21 25420
A 32 22 29640
A 32 23 25490
A 32 24 26870
A 32 25 28620
A 32 26 27460
A 32 27 28780
A 32 28 26970
A 32 29 27840
A 32 30 40940
A 32 31 25570
A 32 32 27020
A 32 33 29090
A 32 34 27140
A 32 35 24760
A 32 36 24280
A 32 37 24400
A 32 38 28070
A 32 39 24160
A 32 40 41270
A 33 1 39490
A 33 2 41090
A 33 3 39620
A 33 4 40440
A 33 5 40790
A 33 6 40100
A 33 7 39540
A 33 8 41590
A 33 9 40680
A 33 10 65760
A 33 11 38380
A 33 12 39770
A 33 13 41210
A 33 14 43470
A 33 15 39890
A 33 16 42220
A 33 17 37200
A 33 18 39030
A 33 19 37520
A 33 20 67660
A 33 21 40760
A 33 22 40210
A 33 23 42390
A 33 24 37970
A 33 25 39890
A 33 26 41620
A 33 27 37970
A 33 28 40640
A 33 29 40030
A 33 30 66070
A 33 31 39780
A 33 32 39640
A 33 33 41900
A 33 34 39530
A 33 35 39930
A 33 36 40760
A 33 37 40240
A 33 38 37880
A 33 39 40870
A 33 40 65360
A 34 1 51110
A 34 2 53280
A 34 3 51420
A 34 4 54970
A 34 5 53730
A 34 6 50710
A 34 7 55130
A 34 8 51360
A 34 9 51870
A 34 10 83110
A 34 11 51370
A 34 12 53210
A 34 13 54000
A 34 14 51460
A 34 15 55070
A 34 16 52480
A 34 17 51350
A 34 18 51730
A 34 19 51850
A 34 20 79750
A 34 21 53500
A 34 22 53310
A 34 23 54230
A 34 24 49540
A 34 25 51880
A 34 26 52100
A 34 27 55030
A 34 28 52470
A 34 29 52910
A 34 30 80950
A 34 31 54430
A 34 32 52890
A 34 33 52460
A 34 34 48880
A 34 35 54070
A 34 36 53040
A 34 37 53730
A 34 38 53950
A 34 39 52680
A 34 40 79020
A 35 1 4749
A 35 2 3669
A 35 3 4592
A 35 4 4742
A 35 5 6967
A 35 6 4709
A 35 7 4555
A 35 8 5594
A 35 9 4987
A 35 10 7674
A 35 11 4416
A 35 12 5267
A 35 13 5946
A 35 14 5700
A 35 15 4106
A 35 16 3964
A 35 17 5637
A 35 18 4611
A 35 19 5910
A 35 20 7854
A 35 21 5567
A 35 22 5018
A 35 23 4382
A 35 24 5245
A 35 25 5556
A 35 26 7567
A 35 27 5092
A 35 28 1594
A 35 29 6453
A 35 30 9703
A 35 31 6208
A 35 32 6167
A 35 33 5754
A 35 34 9244
A 35 35 3608
A 35 36 6266
A 35 37 3163
A 35 38 6263
A 35 39 3423
A 35 40 8107
A 36 1 22236
A 36 2 19180
A 36 3 20936
A 36 4 20777
A 36 5 22007
A 36 6 21220
A 36 7 20846
A 36 8 24470
A 36 9 22103
A 36 10 36960
A 36 11 20351
A 36 12 18944
A 36 13 20340
A 36 14 22298
A 36 15 20250
A 36 16 20695
A 36 17 18744
A 36 18 18306
A 36 19 20519
A 36 20 36330
A 36 21 18544
A 36 22 19840
A 36 23 20953
A 36 24 20223
A 36 25 20134
A 36 26 22016
A 36 27 21944
A 36 28 18637
A 36 29 23079
A 36 30 36032
A 36 31 21149
A 36 32 21278
A 36 33 21003
A 36 34 22092
A 36 35 19704
A 36 36 21124
A 36 37 20904
A 36 38 20775
A 36 39 20939
A 36 40 35527
A 37 1 9567
A 37 2 8714
A 37 3 11227
A 37 4 7923
A 37 5 9995
A 37 6 7751
A 37 7 8741
A 37 8 9763
A 37 9 10267
A 37 10 18934
A 37 11 9709
A 37 12 10522
A 37 13 10484
A 37 14 8637
A 37 15 10273
A 37 16 10010
A 37 17 9079
A 37 18 8183
A 37 19 11153
A 37 20 20132
A 37 21 9437
A 37 22 10424
A 37 23 11241
A 37 24 9812
A 37 25 9144
A 37 26 10799
A 37 27 9670
A 37 28 10085
A 37 29 10199
A 37 30 20497
A 37 31 10527
A 37 32 10692
A 37 33 9469
A 37 34 10169
A 37 35 9093
A 37 36 9361
A 37 37 8484
A 37 38 11864
A 37 39 8711
A 37 40 19917
A 38 1 8413
A 38 2 4013
A 38 3 12004
A 38 4 4318
A 38 5 9685
A 38 6 6281
A 38 7 6048
A 38 8 6199
A 38 9 10330
A 38 10 18734
A 38 11 7031
A 38 12 7538
A 38 13 6577
A 38 14 8169
A 38 15 10093
A 38 16 4598
A 38 17 7193
A 38 18 5618
A 38 19 8813
A 38 20 16986
A 38 21 6495
A 38 22 10444
A 38 23 6926
A 38 24 7719
A 38 25 10567
A 38 26 8068
A 38 27 10856
A 38 28 7214
A 38 29 9094
A 38 30 17662
A 38 31 8397
A 38 32 9264
A 38 33 4971
A 38 34 8555
A 38 35 5244
A 38 36 7767
A 38 37 5818
A 38 38 9653
A 38 39 3571
A 38 40 16457
A 41 1 24380
A 41 2 25550
A 41 3 27430
A 41 4 27090
A 41 5 25170
A 41 6 24900
A 41 7 24080
A 41 8 23440
A 41 9 25610
A 41 10 38740
A 41 11 24200
A 41 12 25860
A 41 13 26120
A 41 14 24930
A 41 15 24580
A 41 16 23920
A 41 17 24250
A 41 18 23640
A 41 19 27350
A 41 20 39860
A 41 21 25430
A 41 22 24890
A 41 23 24740
A 41 24 23420
A 41 25 25820
A 41 26 21780
A 41 27 24890
A 41 28 27310
A 41 29 24290
A 41 30 38590
A 41 31 24210
A 41 32 24150
A 41 33 24570
A 41 34 23650
A 41 35 24670
A 41 36 23490
A 41 37 23730
A 41 38 25490
A 41 39 24400
A 41 40 38920
A 42 1 7105
A 42 2 5375
A 42 3 7937
A 42 4 6057
A 42 5 7924
A 42 6 3889
A 42 7 7081
A 42 8 4014
A 42 9 7019
A 42 10 17799
A 42 11 6452
A 42 12 6987
A 42 13 6967
A 42 14 6673
A 42 15 8211
A 42 16 7367
A 42 17 4403
A 42 18 4535
A 42 19 7401
A 42 20 16522
A 42 21 4795
A 42 22 6482
A 42 23 4366
A 42 24 4972
A 42 25 8136
A 42 26 3130
A 42 27 7815
A 42 28 6225
A 42 29 7981
A 42 30 16240
A 42 31 6192
A 42 32 7947
A 42 33 6207
A 42 34 7076
A 42 35 4860
A 42 36 5435
A 42 37 4966
A 42 38 8567
A 42 39 4218
A 42 40 15686
A 43 1 20868
A 43 2 18079
A 43 3 20713
A 43 4 21652
A 43 5 23024
A 43 6 20795
A 43 7 19653
A 43 8 20629
A 43 9 22454
A 43 10 39690
A 43 11 20971
A 43 12 20334
A 43 13 20096
A 43 14 21361
A 43 15 21678
A 43 16 16369
A 43 17 19105
A 43 18 17818
A 43 19 22956
A 43 20 39353
A 43 21 19006
A 43 22 22372
A 43 23 18381
A 43 24 22579
A 43 25 21368
A 43 26 22142
A 43 27 21123
A 43 28 20064
A 43 29 20548
A 43 30 38596
A 43 31 21432
A 43 32 19524
A 43 33 21170
A 43 34 22067
A 43 35 22039
A 43 36 20608
A 43 37 18237
A 43 38 21969
A 43 39 18364
A 43 40 37798
A 44 1 30260
A 44 2 26840
A 44 3 31960
A 44 4 31560
A 44 5 31800
A 44 6 30250
A 44 7 27620
A 44 8 28340
A 44 9 31410
A 44 10 44730
A 44 11 28490
A 44 12 29720
A 44 13 32840
A 44 14 29600
A 44 15 31500
A 44 16 29150
A 44 17 30440
A 44 18 29070
A 44 19 28410
A 44 20 45540
A 44 21 31520
A 44 22 30130
A 44 23 27290
A 44 24 28480
A 44 25 27640
A 44 26 29970
A 44 27 29370
A 44 28 30260
A 44 29 30480
A 44 30 44850
A 44 31 33230
A 44 32 29810
A 44 33 30020
A 44 34 28490
A 44 35 28270
A 44 36 33080
A 44 37 27480
A 44 38 30720
A 44 39 27010
A 44 40 45860
A 45 1 14505
A 45 2 16274
A 45 3 19766
A 45 4 16527
A 45 5 18105
A 45 6 18468
A 45 7 14313
A 45 8 16382
A 45 9 17687
A 45 10 31527
A 45 11 17465
A 45 12 18389
A 45 13 15474
A 45 14 17069
A 45 15 18522
A 45 16 16379
A 45 17 15093
A 45 18 17638
A 45 19 19812
A 45 20 31664
A 45 21 15502
A 45 22 16618
A 45 23 17472
A 45 24 17297
A 45 25 20713
A 45 26 18498
A 45 27 17075
A 45 28 21083
A 45 29 15549
A 45 30 29872
A 45 31 15913
A 45 32 16681
A 45 33 18164
A 45 34 18261
A 45 35 14466
A 45 36 14962
A 45 37 16992
A 45 38 17210
A 45 39 16631
A 45 40 30049
A 46 1 17960
A 46 2 19898
A 46 3 16688
A 46 4 16055
A 46 5 19872
A 46 6 15814
A 46 7 15722
A 46 8 17493
A 46 9 16081
A 46 10 28866
A 46 11 15245
A 46 12 17413
A 46 13 17315
A 46 14 18470
A 46 15 19014
A 46 16 17671
A 46 17 16223
A 46 18 16533
A 46 19 18201
A 46 20 29772
A 46 21 14638
A 46 22 16082
A 46 23 18721
A 46 24 19852
A 46 25 18748
A 46 26 19406
A 46 27 19879
A 46 28 16606
A 46 29 16566
A 46 30 31281
A 46 31 17804
A 46 32 17069
A 46 33 18174
A 46 34 19396
A 46 35 16793
A 46 36 19206
A 46 37 16098
A 46 38 17906
A 46 39 17854
A 46 40 28453
A 48 1 5711
A 48 2 9437
A 48 3 10754
A 48 4 6561
A 48 5 8915
A 48 6 6909
A 48 7 8022
A 48 8 6842
A 48 9 9058
A 48 10 13497
A 48 11 8374
A 48 12 6540
A 48 13 7086
A 48 14 7625
A 48 15 7704
A 48 16 9024
A 48 17 8627
A 48 18 7232
A 48 19 7459
A 48 20 15722
A 48 21 6923
A 48 22 7272
A 48 23 7072
A 48 24 8006
A 48 25 8212
A 48 26 6494
A 48 27 7253
A 48 28 9698
A 48 29 7407
A 48 30 14654
A 48 31 5172
A 48 32 6966
A 48 33 8281
A 48 34 8119
A 48 35 6637
A 48 36 6727
A 48 37 7858
A 48 38 7707
A 48 39 7259
A 48 40 16452
A 49 1 9014
A 49 2 7161
A 49 3 7775
A 49 4 6618
A 49 5 7961
A 49 6 7657
A 49 7 8711
A 49 8 7861
A 49 9 7505
A 49 10 15205
A 49 11 8685
A 49 12 9006
A 49 13 7499
A 49 14 8199
A 49 15 7058
A 49 16 5689
A 49 17 6936
A 49 18 7193
A 49 19 8105
A 49 20 14929
A 49 21 6273
A 49 22 8673
A 49 23 7123
A 49 24 7619
A 49 25 7967
A 49 26 8471
A 49 27 8049
A 49 28 8591
A 49 29 7686
A 49 30 14277
A 49 31 7493
A 49 32 8180
A 49 33 7105
A 49 34 8079
A 49 35 5385
A 49 36 9051
A 49 37 8077
A 49 38 8048
A 49 39 8104
A 49 40 13853
A 50 1 8965
A 50 2 6920
A 50 3 12741
A 50 4 9241
A 50 5 12129
A 50 6 8071
A 50 7 7243
A 50 8 9896
A 50 9 8974
A 50 10 25185
A 50 11 10556
A 50 12 9614
A 50 13 10968
A 50 14 11172
A 50 15 11390
A 50 16 7115
A 50 17 10669
A 50 18 10586
A 50 19 13475
A 50 20 22906
A 50 21 9781
A 50 22 12722
A 50 23 8668
A 50 24 10751
A 50 25 12918
A 50 26 7037
A 50 27 11996
A 50 28 9969
A 50 29 10278
A 50 30 23144
A 50 31 8332
A 50 32 8888
A 50 33 8838
A 50 34 11517
A 50 35 8620
A 50 36 9349
A 50 37 6553
A 50 38 12343
A 50 39 12859
A 50 40 22650
A 52 1 37360
A 52 2 35630
A 52 3 37710
A 52 4 37580
A 52 5 35560
A 52 6 36880
A 52 7 35640
A 52 8 35860
A 52 9 38630
A 52 10 67930
A 52 11 38440
A 52 12 37900
A 52 13 36120
A 52 14 36920
A 52 15 35650
A 52 16 36640
A 52 17 35630
A 52 18 38010
A 52 19 36550
A 52 20 64410
A 52 21 36900
A 52 22 36660
A 52 23 34760
A 52 24 36790
A 52 25 36920
A 52 26 35350
A 52 27 38000
A 52 28 37250
A 52 29 35130
A 52 30 67150
A 52 31 38120
A 52 32 34470
A 52 33 36260
A 52 34 35180
A 52 35 39440
A 52 36 35520
A 52 37 36540
A 52 38 37210
A 52 39 35130
A 52 40 63560
A 53 1 16932
A 53 2 14284
A 53 3 20670
A 53 4 14682
A 53 5 21039
A 53 6 18362
A 53 7 18051
A 53 8 19375
A 53 9 20018
A 53 10 32311
A 53 11 19755
A 53 12 16851
A 53 13 16387
A 53 14 18856
A 53 15 21308
A 53 16 15457
A 53 17 17446
A 53 18 14098
A 53 19 20519
A 53 20 32578
A 53 21 17710
A 53 22 23626
A 53 23 16527
A 53 24 17459
A 53 25 20206
A 53 26 19211
A 53 27 19772
A 53 28 17936
A 53 29 19499
A 53 30 32919
A 53 31 16286
A 53 32 19027
A 53 33 17318
A 53 34 18696
A 53 35 17531
A 53 36 16537
A 53 37 15224
A 53 38 20986
A 53 39 14601
A 53 40 32598
A 54 1 17132
A 54 2 15592
A 54 3 17360
A 54 4 14804
A 54 5 16893
A 54 6 16774
A 54 7 15021
A 54 8 13820
A 54 9 16187
A 54 10 29099
A 54 11 16756
A 54 12 16930
A 54 13 16628
A 54 14 18039
A 54 15 17599
A 54 16 14025
A 54 17 13974
A 54 18 14605
A 54 19 15096
A 54 20 32625
A 54 21 16966
A 54 22 17236
A 54 23 14363
A 54 24 16362
A 54 25 16818
A 54 26 15710
A 54 27 14910
A 54 28 16677
A 54 29 17148
A 54 30 32338
A 54 31 14784
A 54 32 15982
A 54 33 17465
A 54 34 16735
A 54 35 17220
A 54 36 16171
A 54 37 14916
A 54 38 18556
A 54 39 15419
A 54 40 31342
A 55 1 11706
A 55 2 9524
A 55 3 15441
A 55 4 9461
A 55 5 14366
A 55 6 11544
A 55 7 11349
A 55 8 9958
A 55 9 11117
A 55 10 23455
A 55 11 11368
A 55 12 13558
A 55 13 11446
A 55 14 13296
A 55 15 14270
A 55 16 9883
A 55 17 10555
A 55 18 9451
A 55 19 13239
A 55 20 25812
A 55 21 12312
A 55 22 14630
A 55 23 11155
A 55 24 9756
A 55 25 13054
A 55 26 9646
A 55 27 12337
A 55 28 13231
A 55 29 12632
A 55 30 24953
A 55 31 13923
A 55 32 12399
A 55 33 10919
A 55 34 12013
A 55 35 11659
A 55 36 12512
A 55 37 11403
A 55 38 13778
A 55 39 10105
A 55 40 25509
A 56 1 14352
A 56 2 12997
A 56 3 14450
A 56 4 13887
A 56 5 15556
A 56 6 14951
A 56 7 15168
A 56 8 15341
A 56 9 16707
A 56 10 26463
A 56 11 13580
A 56 12 13857
A 56 13 15554
A 56 14 15010
A 56 15 14539
A 56 16 12993
A 56 17 13380
A 56 18 13698
A 56 19 14967
A 56 20 25812
A 56 21 12710
A 56 22 16158
A 56 23 12121
A 56 24 12516
A 56 25 14747
A 56 26 13655
A 56 27 15026
A 56 28 13403
A 56 29 14306
A 56 30 25657
A 56 31 14299
A 56 32 15534
A 56 33 13231
A 56 34 13376
A 56 35 13099
A 56 36 15117
A 56 37 11360
A 56 38 15521
A 56 39 11499
A 56 40 24309
A 59 1 8463
A 59 2 8679
A 59 3 8881
A 59 4 8004
A 59 5 8728
A 59 6 7228
A 59 7 7028
A 59 8 9821
A 59 9 6736
A 59 10 13386
A 59 11 8035
A 59 12 8110
A 59 13 7105
A 59 14 8020
A 59 15 7983
A 59 16 9299
A 59 17 8102
A 59 18 8221
A 59 19 8230
A 59 20 14787
A 59 21 7510
A 59 22 8364
A 59 23 7378
A 59 24 10433
A 59 25 10048
A 59 26 8094
A 59 27 6020
A 59 28 6495
A 59 29 8231
A 59 30 14916
A 59 31 8628
A 59 32 8195
A 59 33 7952
A 59 34 9467
A 59 35 7154
A 59 36 7583
A 59 37 6834
A 59 38 8567
A 59 39 7607
A 59 40 15386
A 62 1 13949
A 62 2 11949
A 62 3 15053
A 62 4 12132
A 62 5 15474
A 62 6 10554
A 62 7 11861
A 62 8 13755
A 62 9 14044
A 62 10 28565
A 62 11 14608
A 62 12 14902
A 62 13 13440
A 62 14 15007
A 62 15 14713
A 62 16 11814
A 62 17 15438
A 62 18 11991
A 62 19 12359
A 62 20 27099
A 62 21 13702
A 62 22 14615
A 62 23 11951
A 62 24 11427
A 62 25 14449
A 62 26 14997
A 62 27 13573
A 62 28 12943
A 62 29 14522
A 62 30 26270
A 62 31 11379
A 62 32 14078
A 62 33 13306
A 62 34 12218
A 62 35 12344
A 62 36 13850
A 62 37 11938
A 62 38 14695
A 62 39 12276
A 62 40 30029
A 66 1 11411
A 66 2 9838
A 66 3 10628
A 66 4 11818
A 66 5 10770
A 66 6 11698
A 66 7 11446
A 66 8 9453
A 66 9 11790
A 66 10 20244
A 66 11 10711
A 66 12 11765
A 66 13 9975
A 66 14 12592
A 66 15 9632
A 66 16 7479
A 66 17 11777
A 66 18 10394
A 66 19 10600
A 66 20 17991
A 66 21 10720
A 66 22 12633
A 66 23 9677
A 66 24 10550
A 66 25 10200
A 66 26 11764
A 66 27 12371
A 66 28 9224
A 66 29 13874
A 66 30 20950
A 66 31 9472
A 66 32 10399
A 66 33 10638
A 66 34 10665
A 66 35 7926
A 66 36 8826
A 66 37 9737
A 66 38 9451
A 66 39 9056
A 66 40 20052
A 69 1 18587
A 69 2 18467
A 69 3 23562
A 69 4 15314
A 69 5 21816
A 69 6 18044
A 69 7 20008
A 69 8 18466
A 69 9 19392
A 69 10 48830
A 69 11 20346
A 69 12 18114
A 69 13 20098
A 69 14 19432
A 69 15 20247
A 69 16 18287
A 69 17 19286
A 69 18 17762
A 69 19 21248
A 69 20 46429
A 69 21 17735
A 69 22 23587
A 69 23 16624
A 69 24 15962
A 69 25 18789
A 69 26 17840
A 69 27 20546
A 69 28 22049
A 69 29 18333
A 69 30 47645
A 69 31 20654
A 69 32 19361
A 69 33 17230
A 69 34 19633
A 69 35 15253
A 69 36 20265
A 69 37 18239
A 69 38 20904
A 69 39 15702
A 69 40 46100
A 71 1 7628
A 71 2 7610
A 71 3 9134
A 71 4 8541
A 71 5 10577
A 71 6 7898
A 71 7 8214
A 71 8 9305
A 71 9 8585
A 71 10 21772
A 71 11 7968
A 71 12 8339
A 71 13 8054
A 71 14 7583
A 71 15 8847
A 71 16 8043
A 71 17 7574
A 71 18 7161
A 71 19 9691
A 71 20 18354
A 71 21 9056
A 71 22 11854
A 71 23 7051
A 71 24 8561
A 71 25 9079
A 71 26 9453
A 71 27 8172
A 71 28 9052
A 71 29 9404
A 71 30 19584
A 71 31 10393
A 71 32 8818
A 71 33 7987
A 71 34 10851
A 71 35 9536
A 71 36 7074
A 71 37 5422
A 71 38 9421
A 71 39 8067
A 71 40 18553
A 72 1 16317
A 72 2 14526
A 72 3 17127
A 72 4 14225
A 72 5 17444
A 72 6 14607
A 72 7 16072
A 72 8 15042
A 72 9 15203
A 72 10 27773
A 72 11 16260
A 72 12 14909
A 72 13 16858
A 72 14 14268
A 72 15 16679
A 72 16 14316
A 72 17 14437
A 72 18 15033
A 72 19 16970
A 72 20 25325
A 72 21 14004
A 72 22 16334
A 72 23 13947
A 72 24 15242
A 72 25 18034
A 72 26 16786
A 72 27 15862
A 72 28 16125
A 72 29 14612
A 72 30 25621
A 72 31 15811
A 72 32 14718
A 72 33 17227
A 72 34 14822
A 72 35 14370
A 72 36 14063
A 72 37 13934
A 72 38 16929
A 72 39 14919
A 72 40 24694
A 73 1 9582
A 73 2 8830
A 73 3 12041
A 73 4 10324
A 73 5 10752
A 73 6 9333
A 73 7 9950
A 73 8 8209
A 73 9 10518
A 73 10 20533
A 73 11 9362
A 73 12 10373
A 73 13 11259
A 73 14 10700
A 73 15 10928
A 73 16 10573
A 73 17 11457
A 73 18 12451
A 73 19 12226
A 73 20 22146
A 73 21 10575
A 73 22 11486
A 73 23 10570
A 73 24 7911
A 73 25 9790
A 73 26 10627
A 73 27 10931
A 73 28 11648
A 73 29 9941
A 73 30 20030
A 73 31 10084
A 73 32 11490
A 73 33 9999
A 73 34 11846
A 73 35 7703
A 73 36 9111
A 73 37 7367
A 73 38 11131
A 73 39 10514
A 73 40 17086
A 77 1 11756
A 77 2 5708
A 77 3 10356
A 77 4 8033
A 77 5 9627
A 77 6 9348
A 77 7 8418
A 77 8 10065
A 77 9 10428
A 77 10 21332
A 77 11 11082
A 77 12 10425
A 77 13 10369
A 77 14 9763
A 77 15 10576
A 77 16 8399
A 77 17 8441
A 77 18 7934
A 77 19 12095
A 77 20 19847
A 77 21 7915
A 77 22 10347
A 77 23 6811
A 77 24 8758
A 77 25 10284
A 77 26 7839
A 77 27 10934
A 77 28 8734
A 77 29 12033
A 77 30 23062
A 77 31 8382
A 77 32 9420
A 77 33 9116
A 77 34 12545
A 77 35 7114
A 77 36 8180
A 77 37 7125
A 77 38 13330
A 77 39 7747
A 77 40 20965
A 78 1 11097
A 78 2 7371
A 78 3 10521
A 78 4 7006
A 78 5 13118
A 78 6 9098
A 78 7 9769
A 78 8 11003
A 78 9 11965
A 78 10 20398
A 78 11 9507
A 78 12 10319
A 78 13 8670
A 78 14 10761
A 78 15 11313
A 78 16 9431
A 78 17 10367
A 78 18 8223
A 78 19 11554
A 78 20 18117
A 78 21 8984
A 78 22 13312
A 78 23 6769
A 78 24 9569
A 78 25 12209
A 78 26 9480
A 78 27 12470
A 78 28 9225
A 78 29 11086
A 78 30 21576
A 78 31 9685
A 78 32 8691
A 78 33 8861
A 78 34 10113
A 78 35 10942
A 78 36 7438
A 78 37 6996
A 78 38 11521
A 78 39 6527
A 78 40 20025
A 79 1 24507
A 79 2 21587
A 79 3 21037
A 79 4 22316
A 79 5 24261
A 79 6 20900
A 79 7 21936
A 79 8 21132
A 79 9 24283
A 79 10 37511
A 79 11 23313
A 79 12 20226
A 79 13 22007
A 79 14 24965
A 79 15 22297
A 79 16 20095
A 79 17 21783
A 79 18 21889
A 79 19 21565
A 79 20 41621
A 79 21 22261
A 79 22 24678
A 79 23 22923
A 79 24 18767
A 79 25 20691
A 79 26 22804
A 79 27 24196
A 79 28 22149
A 79 29 21836
A 79 30 41091
A 79 31 23559
A 79 32 22953
A 79 33 22807
A 79 34 23720
A 79 35 21702
A 79 36 25934
A 79 37 20578
A 79 38 21938
A 79 39 22548
A 79 40 43801
A 80 1 7515
A 80 2 5884
A 80 3 11441
A 80 4 6681
A 80 5 9582
A 80 6 6913
A 80 7 7229
A 80 8 7512
A 80 9 8498
A 80 10 15225
A 80 11 8370
A 80 12 8120
A 80 13 8028
A 80 14 8882
A 80 15 9722
A 80 16 7996
A 80 17 7321
A 80 18 7079
A 80 19 8026
A 80 20 16561
A 80 21 6482
A 80 22 8292
A 80 23 7544
A 80 24 6886
A 80 25 7214
A 80 26 8976
A 80 27 8948
A 80 28 8307
A 80 29 7371
A 80 30 15905
A 80 31 8309
A 80 32 7480
A 80 33 7033
A 80 34 8271
A 80 35 6626
A 80 36 8287
A 80 37 6101
A 80 38 9825
A 80 39 5855
A 80 40 15885
A 81 1 50400
A 81 2 51990
A 81 3 53190
A 81 4 51710
A 81 5 53190
A 81 6 49900
A 81 7 49610
A 81 8 49710
A 81 9 50600
A 81 10 81680
A 81 11 52770
A 81 12 49600
A 81 13 49030
A 81 14 50500
A 81 15 52180
A 81 16 50770
A 81 17 47650
A 81 18 50580
A 81 19 51150
A 81 20 78610
A 81 21 50560
A 81 22 51640
A 81 23 51560
A 81 24 54610
A 81 25 52470
A 81 26 52620
A 81 27 54180
A 81 28 48120
A 81 29 52620
A 81 30 82650
A 81 31 50410
A 81 32 49810
A 81 33 50560
A 81 34 52160
A 81 35 55740
A 81 36 51190
A 81 37 51100
A 81 38 51400
A 81 39 49900
A 81 40 83080
A 82 1 20732
A 82 2 18143
A 82 3 18558
A 82 4 20367
A 82 5 22256
A 82 6 19113
A 82 7 21619
A 82 8 20414
A 82 9 21025
A 82 10 33764
A 82 11 20657
A 82 12 21890
A 82 13 21926
A 82 14 19179
A 82 15 20915
A 82 16 22358
A 82 17 20026
A 82 18 21728
A 82 19 21069
A 82 20 31553
A 82 21 19589
A 82 22 19096
A 82 23 21209
A 82 24 17980
A 82 25 19042
A 82 26 19514
A 82 27 19447
A 82 28 18388
A 82 29 21967
A 82 30 34745
A 82 31 20736
A 82 32 21617
A 82 33 20135
A 82 34 21485
A 82 35 21723
A 82 36 17822
A 82 37 20486
A 82 38 20717
A 82 39 21057
A 82 40 33300
A 83 1 45180
A 83 2 42500
A 83 3 43340
A 83 4 42650
A 83 5 40330
A 83 6 41370
A 83 7 41330
A 83 8 44940
A 83 9 42830
A 83 10 74380
A 83 11 43890
A 83 12 44880
A 83 13 41490
A 83 14 43650
A 83 15 40820
A 83 16 42890
A 83 17 47930
A 83 18 41600
A 83 19 43490
A 83 20 73630
A 83 21 44510
A 83 22 44900
A 83 23 43600
A 83 24 42010
A 83 25 44270
A 83 26 44880
A 83 27 44080
A 83 28 44430
A 83 29 43380
A 83 30 75320
A 83 31 43480
A 83 32 42810
A 83 33 43260
A 83 34 42960
A 83 35 45790
A 83 36 40600
A 83 37 44780
A 83 38 44700
A 83 39 39780
A 83 40 75430
A 84 1 35730
A 84 2 33080
A 84 3 37580
A 84 4 36160
A 84 5 32720
A 84 6 34640
A 84 7 37280
A 84 8 35330
A 84 9 36590
A 84 10 60560
A 84 11 37450
A 84 12 38410
A 84 13 35380
A 84 14 32110
A 84 15 37770
A 84 16 33440
A 84 17 35250
A 84 18 36070
A 84 19 35420
A 84 20 56630
A 84 21 34460
A 84 22 34680
A 84 23 36930
A 84 24 35020
A 84 25 35900
A 84 26 36100
A 84 27 34150
A 84 28 37010
A 84 29 34600
A 84 30 58530
A 84 31 35540
A 84 32 36540
A 84 33 36470
A 84 34 34840
A 84 35 34090
A 84 36 34170
A 84 37 36610
A 84 38 40140
A 84 39 33740
A 84 40 59210
A 86 1 10579
A 86 2 9992
A 86 3 10392
A 86 4 8745
A 86 5 10265
A 86 6 12077
A 86 7 9596
A 86 8 8803
A 86 9 10714
A 86 10 21937
A 86 11 10710
A 86 12 11091
A 86 13 9450
A 86 14 10885
A 86 15 9790
A 86 16 10672
A 86 17 10608
A 86 18 8896
A 86 19 9081
A 86 20 21065
A 86 21 9861
A 86 22 11052
A 86 23 9774
A 86 24 10576
A 86 25 11278
A 86 26 10069
A 86 27 12143
A 86 28 9729
A 86 29 8894
A 86 30 21970
A 86 31 9150
A 86 32 9889
A 86 33 8544
A 86 34 10678
A 86 35 10087
A 86 36 9151
A 86 37 9848
A 86 38 10046
A 86 39 10355
A 86 40 21738
A 90 1 7743
A 90 2 9805
A 90 3 9740
A 90 4 10969
A 90 5 9941
A 90 6 9592
A 90 7 12210
A 90 8 9548
A 90 9 9140
A 90 10 9684
A 90 11 9479
A 90 12 7345
A 90 13 9804
A 90 14 10415
A 90 15 8983
A 90 16 10110
A 90 17 9787
A 90 18 8054
A 90 19 9931
A 90 20 10945
A 90 21 10396
A 90 22 6889
A 90 23 9175
A 90 24 7805
A 90 25 9864
A 90 26 8454
A 90 27 8451
A 90 28 9587
A 90 29 9267
A 90 30 9445
A 90 31 9112
A 90 32 10589
A 90 33 9646
A 90 34 9457
A 90 35 9254
A 90 36 9590
A 90 37 10094
A 90 38 9322
A 90 39 8792
A 90 40 10866
B 31 1 1688
B 31 2 3531
B 31 3 1998
B 31 4 1733
B 31 5 1593
B 31 6 3348
B 31 7 2642
B 31 8 4911
B 31 9 2745
B 31 10 1332
B 31 11 2582
B 31 12 3714
B 31 13 263
B 31 14 2320
B 31 15 1026
B 31 16 3044
B 31 17 2977
B 31 18 1401
B 31 19 2902
B 31 20 4039
B 31 21 2434
B 31 22 165
B 31 23 1077
B 31 24 4003
B 31 25 4035
B 31 26 2132
B 31 27 1644
B 31 28 2149
B 31 29 3380
B 31 30 2826
B 31 31 2233
B 31 32 1477
B 31 33 2280
B 31 34 2785
B 31 35 2353
B 31 36 3223
B 31 37 4557
B 31 38 2443
B 31 39 4239
B 31 40 4674
B 33 1 3127
B 33 2 1476
B 33 3 979
B 33 4 1835
B 33 5 4435
B 33 6 2849
B 33 7 2592
B 33 8 2622
B 33 9 2647
B 33 10 3441
B 33 11 2351
B 33 12 3738
B 33 13 4297
B 33 14 3740
B 33 15 1618
B 33 16 2490
B 33 17 988
B 33 18 4098
B 33 19 1765
B 33 20 4707
B 33 21 2438
B 33 22 1970
B 33 23 2843
B 33 24 1822
B 33 25 2511
B 33 26 4238
B 33 27 3586
B 33 28 2519
B 33 29 5031
B 33 30 4585
B 33 31 2473
B 33 32 3028
B 33 33 2815
B 33 34 1323
B 33 35 3422
B 33 36 3339
B 33 37 4029
B 33 38 1813
B 33 39 1984
B 33 40 4156
B 43 1 1508
B 43 2 2302
B 43 3 3273
B 43 4 1988
B 43 5 2741
B 43 6 2002
B 43 7 2040
B 43 8 1965
B 43 9 2631
B 43 10 3617
B 43 11 1234
B 43 12 2734
B 43 13 2040
B 43 14 2679
B 43 15 2144
B 43 16 2628
B 43 17 541
B 43 18 2267
B 43 19 2488
B 43 20 2070
B 43 21 2687
B 43 22 1076
B 43 23 2021
B 43 24 1818
B 43 25 4084
B 43 26 592
B 43 27 1529
B 43 28 3311
B 43 29 2959
B 43 30 3438
B 43 31 2498
B 43 32 1213
B 43 33 2944
B 43 34 3215
B 43 35 1297
B 43 36 2606
B 43 37 3378
B 43 38 1661
B 43 39 2824
B 43 40 4174
B 45 1 1221
B 45 2 768
B 45 3 1851
B 45 4 353
B 45 5 1807
B 45 6 170
B 45 7 1316
B 45 8 1804
B 45 9 2040
B 45 10 2326
B 45 11 3303
B 45 12 2853
B 45 13 1040
B 45 14 3604
B 45 15 2142
B 45 16 3162
B 45 17 2606
B 45 18 1112
B 45 19 394
B 45 20 1469
B 45 21 2301
B 45 22 1735
B 45 23 1019
B 45 24 1868
B 45 25 1879
B 45 26 2407
B 45 27 2531
B 45 28 1793
B 45 29 508
B 45 30 2097
B 45 31 2394
B 45 32 1703
B 45 33 1034
B 45 34 1322
B 45 35 2462
B 45 36 1630
B 45 37 1194
B 45 38 2578
B 45 39 1232
B 45 40 2567
B 55 1 2631
B 55 2 1173
B 55 3 2855
B 55 4 1897
B 55 5 1873
B 55 6 2361
B 55 7 1184
B 55 8 2934
B 55 9 1488
B 55 10 1980
B 55 11 1015
B 55 12 2620
B 55 13 2369
B 55 14 1249
B 55 15 1871
B 55 16 667
B 55 17 2551
B 55 18 2976
B 55 19 1887
B 55 20 2688
B 55 21 1432
B 55 22 2346
B 55 23 1013
B 55 24 1184
B 55 25 1490
B 55 26 2245
B 55 27 2870
B 55 28 2343
B 55 29 3545
B 55 30 3679
B 55 31 2017
B 55 32 472
B 55 33 2833
B 55 34 2408
B 55 35 2618
B 55 36 1292
B 55 37 1776
B 55 38 2175
B 55 39 113
B 55 40 3300
B 76 1 12471
B 76 2 13276
B 76 3 11666
B 76 4 11460
B 76 5 11558
B 76 6 13441
B 76 7 13881
B 76 8 11736
B 76 9 12633
B 76 10 15578
B 76 11 11019
B 76 12 11469
B 76 13 11876
B 76 14 12496
B 76 15 12041
B 76 16 11747
B 76 17 11739
B 76 18 11624
B 76 19 12699
B 76 20 14589
B 76 21 13369
B 76 22 12876
B 76 23 12538
B 76 24 11702
B 76 25 13633
B 76 26 12945
B 76 27 11267
B 76 28 13075
B 76 29 12774
B 76 30 14022
B 76 31 12709
B 76 32 12204
B 76 33 13125
B 76 34 12002
B 76 35 11729
B 76 36 13043
B 76 37 10894
B 76 38 12007
B 76 39 11238
B 76 40 14734
B 77 1 15483
B 77 2 12955
B 77 3 11100
B 77 4 13811
B 77 5 11944
B 77 6 14251
B 77 7 13072
B 77 8 15371
B 77 9 13809
B 77 10 13922
B 77 11 13912
B 77 12 12658
B 77 13 13107
B 77 14 12636
B 77 15 13008
B 77 16 11617
B 77 17 13869
B 77 18 12253
B 77 19 13108
B 77 20 15405
B 77 21 12974
B 77 22 11324
B 77 23 15065
B 77 24 13242
B 77 25 12453
B 77 26 13106
B 77 27 13313
B 77 28 13214
B 77 29 12547
B 77 30 13723
B 77 31 14419
B 77 32 12022
B 77 33 12823
B 77 34 13214
B 77 35 13713
B 77 36 12563
B 77 37 12845
B 77 38 13954
B 77 39 14411
B 77 40 13093
B 78 1 9779
B 78 2 10600
B 78 3 8602
B 78 4 9568
B 78 5 9796
B 78 6 9255
B 78 7 9295
B 78 8 11008
B 78 9 10594
B 78 10 9432
B 78 11 9775
B 78 12 10356
B 78 13 9180
B 78 14 8201
B 78 15 8725
B 78 16 7863
B 78 17 10579
B 78 18 7055
B 78 19 7041
B 78 20 8338
B 78 21 8620
B 78 22 7828
B 78 23 9968
B 78 24 8314
B 78 25 8391
B 78 26 9240
B 78 27 9926
B 78 28 8934
B 78 29 10105
B 78 30 9527
B 78 31 9119
B 78 32 9080
B 78 33 9750
B 78 34 7370
B 78 35 9228
B 78 36 7544
B 78 37 10722
B 78 38 10875
B 78 39 9913
B 78 40 9447
B 81 1 11050
B 81 2 9804
B 81 3 10059
B 81 4 9487
B 81 5 12708
B 81 6 9690
B 81 7 12217
B 81 8 9680
B 81 9 10217
B 81 10 13106
B 81 11 10831
B 81 12 10664
B 81 13 9633
B 81 14 12443
B 81 15 10533
B 81 16 12002
B 81 17 11372
B 81 18 8529
B 81 19 10889
B 81 20 12975
B 81 21 11044
B 81 22 9291
B 81 23 11112
B 81 24 9683
B 81 25 10977
B 81 26 9795
B 81 27 9731
B 81 28 10078
B 81 29 8629
B 81 30 12730
B 81 31 11043
B 81 32 9508
B 81 33 9761
B 81 34 10909
B 81 35 11445
B 81 36 10215
B 81 37 11860
B 81 38 11046
B 81 39 10846
B 81 40 12259
B 82 1 9820
B 82 2 9806
B 82 3 11790
B 82 4 10074
B 82 5 9636
B 82 6 9510
B 82 7 11149
B 82 8 10006
B 82 9 10179
B 82 10 11079
B 82 11 11414
B 82 12 10622
B 82 13 10580
B 82 14 11642
B 82 15 9359
B 82 16 9214
B 82 17 11154
B 82 18 8272
B 82 19 10816
B 82 20 11336
B 82 21 10665
B 82 22 9880
B 82 23 9115
B 82 24 9402
B 82 25 10407
B 82 26 9417
B 82 27 8716
B 82 28 9901
B 82 29 11406
B 82 30 11906
B 82 31 8425
B 82 32 9531
B 82 33 9298
B 82 34 10573
B 82 35 8869
B 82 36 8008
B 82 37 8845
B 82 38 10170
B 82 39 11520
B 82 40 11452
B 83 1 8135
B 83 2 7436
B 83 3 7361
B 83 4 8275
B 83 5 10189
B 83 6 8794
B 83 7 7953
B 83 8 8253
B 83 9 7298
B 83 10 11124
B 83 11 8076
B 83 12 8626
B 83 13 8536
B 83 14 8312
B 83 15 7657
B 83 16 7025
B 83 17 7683
B 83 18 10117
B 83 19 8657
B 83 20 10959
B 83 21 8182
B 83 22 9072
B 83 23 11033
B 83 24 8140
B 83 25 10181
B 83 26 7854
B 83 27 8366
B 83 28 9057
B 83 29 9231
B 83 30 9185
B 83 31 9481
B 83 32 8592
B 83 33 8815
B 83 34 7271
B 83 35 8892
B 83 36 6784
B 83 37 8476
B 83 38 8427
B 83 39 6919
B 83 40 10488
B 84 1 9017
B 84 2 9186
B 84 3 9666
B 84 4 9269
B 84 5 9538
B 84 6 11660
B 84 7 12026
B 84 8 11935
B 84 9 11500
B 84 10 13277
B 84 11 10731
B 84 12 11257
B 84 13 8477
B 84 14 9754
B 84 15 9518
B 84 16 9785
B 84 17 9308
B 84 18 8186
B 84 19 7129
B 84 20 11238
B 84 21 8122
B 84 22 8140
B 84 23 8420
B 84 24 9038
B 84 25 9041
B 84 26 10512
B 84 27 8543
B 84 28 10870
B 84 29 9105
B 84 30 11577
B 84 31 8761
B 84 32 7879
B 84 33 8685
B 84 34 10469
B 84 35 8836
B 84 36 10128
B 84 37 12299
B 84 38 8320
B 84 39 9769
B 84 40 11378
B 94 1 2407
B 94 2 2817
B 94 3 5241
B 94 4 3901
B 94 5 3810
B 94 6 3443
B 94 7 3503
B 94 8 3516
B 94 9 5544
B 94 10 4846
B 94 11 4643
B 94 12 2858
B 94 13 2756
B 94 14 4343
B 94 15 3961
B 94 16 3829
B 94 17 4284
B 94 18 4115
B 94 19 2508
B 94 20 7211
B 94 21 4188
B 94 22 4675
B 94 23 2955
B 94 24 5111
B 94 25 3542
B 94 26 4661
B 94 27 2851
B 94 28 6959
B 94 29 3589
B 94 30 3949
B 94 31 4231
B 94 32 4367
B 94 33 3271
B 94 34 2238
B 94 35 4312
B 94 36 3329
B 94 37 2712
B 94 38 2185
B 94 39 3350
B 94 40 4394
B 95 1 5764
B 95 2 4871
B 95 3 3683
B 95 4 6225
B 95 5 4439
B 95 6 5561
B 95 7 5714
B 95 8 5236
B 95 9 6531
B 95 10 6784
B 95 11 6412
B 95 12 5242
B 95 13 5306
B 95 14 7148
B 95 15 4219
B 95 16 5402
B 95 17 3147
B 95 18 5545
B 95 19 7732
B 95 20 6807
B 95 21 4431
B 95 22 5910
B 95 23 3830
B 95 24 8368
B 95 25 4679
B 95 26 4745
B 95 27 3853
B 95 28 6067
B 95 29 5402
B 95 30 4522
B 95 31 5494
B 95 32 6016
B 95 33 7943
B 95 34 6541
B 95 35 6374
B 95 36 5762
B 95 37 4245
B 95 38 5293
B 95 39 6662
B 95 40 6190
B 98 1 12350
B 98 2 14948
B 98 3 13735
B 98 4 13634
B 98 5 11938
B 98 6 14383
B 98 7 14112
B 98 8 13731
B 98 9 15560
B 98 10 16116
B 98 11 12684
B 98 12 12515
B 98 13 12643
B 98 14 13291
B 98 15 16603
B 98 16 13670
B 98 17 13651
B 98 18 15462
B 98 19 13595
B 98 20 16045
B 98 21 14716
B 98 22 14649
B 98 23 15709
B 98 24 13089
B 98 25 13090
B 98 26 14721
B 98 27 13685
B 98 28 14286
B 98 29 14452
B 98 30 17526
B 98 31 14134
B 98 32 12399
B 98 33 13921
B 98 34 15596
B 98 35 15127
B 98 36 14799
B 98 37 12885
B 98 38 15270
B 98 39 14611
B 98 40 15827
C 20 1 8407
C 20 2 7319
C 20 3 8201
C 20 4 5215
C 20 5 5886
C 20 6 6349
C 20 7 3859
C 20 8 4563
C 20 9 7750
C 20 10 11065
C 20 11 5310
C 20 12 6450
C 20 13 4173
C 20 14 6276
C 20 15 5660
C 20 16 4743
C 20 17 5051
C 20 18 4742
C 20 19 7352
C 20 20 11835
C 20 21 5796
C 20 22 7002
C 20 23 4405
C 20 24 7050
C 20 25 4694
C 20 26 5270
C 20 27 6188
C 20 28 6706
C 20 29 6376
C 20 30 10941
C 20 31 5454
C 20 32 4274
C 20 33 6577
C 20 34 5684
C 20 35 5678
C 20 36 5474
C 20 37 6505
C 20 38 6173
C 20 39 6729
C 20 40 11559
C 30 1 8412
C 30 2 7837
C 30 3 7296
C 30 4 8433
C 30 5 6450
C 30 6 6998
C 30 7 6676
C 30 8 7469
C 30 9 7378
C 30 10 16758
C 30 11 5312
C 30 12 7987
C 30 13 6832
C 30 14 7060
C 30 15 7231
C 30 16 8802
C 30 17 7796
C 30 18 4051
C 30 19 5353
C 30 20 13433
C 30 21 7485
C 30 22 7331
C 30 23 6374
C 30 24 7333
C 30 25 6320
C 30 26 7706
C 30 27 9760
C 30 28 5605
C 30 29 6720
C 30 30 18447
C 30 31 6701
C 30 32 5766
C 30 33 6931
C 30 34 7797
C 30 35 7704
C 30 36 4937
C 30 37 6956
C 30 38 6741
C 30 39 5392
C 30 40 15619
C 32 1 17142
C 32 2 18298
C 32 3 19864
C 32 4 15981
C 32 5 20278
C 32 6 18911
C 32 7 19077
C 32 8 18198
C 32 9 20721
C 32 10 34064
C 32 11 18760
C 32 12 16703
C 32 13 18260
C 32 14 18240
C 32 15 18693
C 32 16 18582
C 32 17 20271
C 32 18 17474
C 32 19 19594
C 32 20 34718
C 32 21 18880
C 32 22 19067
C 32 23 15709
C 32 24 17317
C 32 25 19853
C 32 26 19505
C 32 27 20721
C 32 28 17975
C 32 29 19854
C 32 30 34921
C 32 31 18071
C 32 32 19802
C 32 33 19552
C 32 34 19236
C 32 35 19608
C 32 36 19338
C 32 37 17862
C 32 38 19502
C 32 39 19856
C 32 40 32691
C 34 1 14444
C 34 2 16898
C 34 3 15143
C 34 4 14872
C 34 5 15280
C 34 6 15897
C 34 7 13942
C 34 8 15146
C 34 9 15613
C 34 10 27883
C 34 11 13178
C 34 12 13864
C 34 13 15232
C 34 14 13403
C 34 15 14529
C 34 16 14125
C 34 17 14975
C 34 18 15516
C 34 19 14363
C 34 20 31054
C 34 21 13968
C 34 22 15963
C 34 23 14222
C 34 24 15675
C 34 25 15303
C 34 26 15651
C 34 27 16580
C 34 28 13065
C 34 29 16179
C 34 30 30943
C 34 31 13758
C 34 32 14296
C 34 33 16254
C 34 34 14125
C 34 35 13726
C 34 36 17110
C 34 37 15880
C 34 38 16080
C 34 39 11973
C 34 40 29716
C 35 1 1936
C 35 2 3748
C 35 3 4734
C 35 4 2997
C 35 5 2787
C 35 6 3739
C 35 7 2691
C 35 8 2854
C 35 9 4024
C 35 10 8357
C 35 11 5371
C 35 12 3641
C 35 13 2511
C 35 14 4109
C 35 15 3828
C 35 16 2962
C 35 17 3357
C 35 18 5809
C 35 19 3998
C 35 20 7597
C 35 21 5992
C 35 22 2374
C 35 23 4583
C 35 24 3194
C 35 25 4016
C 35 26 2627
C 35 27 3441
C 35 28 4270
C 35 29 3108
C 35 30 5986
C 35 31 3069
C 35 32 3958
C 35 33 4719
C 35 34 2163
C 35 35 5671
C 35 36 3927
C 35 37 2842
C 35 38 3530
C 35 39 4445
C 35 40 9093
C 36 1 2488
C 36 2 1786
C 36 3 2209
C 36 4 2356
C 36 5 2245
C 36 6 2167
C 36 7 2147
C 36 8 3693
C 36 9 4247
C 36 10 7113
C 36 11 2679
C 36 12 2270
C 36 13 3687
C 36 14 2314
C 36 15 2559
C 36 16 2387
C 36 17 1820
C 36 18 2290
C 36 19 4070
C 36 20 7383
C 36 21 1684
C 36 22 2447
C 36 23 4140
C 36 24 2818
C 36 25 3636
C 36 26 3142
C 36 27 2873
C 36 28 3337
C 36 29 2500
C 36 30 6525
C 36 31 2110
C 36 32 918
C 36 33 4026
C 36 34 3708
C 36 35 2287
C 36 36 4200
C 36 37 2276
C 36 38 3733
C 36 39 1771
C 36 40 7226
C 40 1 4698
C 40 2 4728
C 40 3 3653
C 40 4 3635
C 40 5 6403
C 40 6 5421
C 40 7 5616
C 40 8 2594
C 40 9 4427
C 40 10 10402
C 40 11 4356
C 40 12 4680
C 40 13 5188
C 40 14 4457
C 40 15 3431
C 40 16 4592
C 40 17 6472
C 40 18 3774
C 40 19 3306
C 40 20 10475
C 40 21 4330
C 40 22 3269
C 40 23 4044
C 40 24 3308
C 40 25 4206
C 40 26 2952
C 40 27 4300
C 40 28 4756
C 40 29 5533
C 40 30 12306
C 40 31 4705
C 40 32 4174
C 40 33 5575
C 40 34 4227
C 40 35 6766
C 40 36 5544
C 40 37 5310
C 40 38 4049
C 40 39 3463
C 40 40 10506
C 41 1 9351
C 41 2 8796
C 41 3 8299
C 41 4 8144
C 41 5 10426
C 41 6 8889
C 41 7 8508
C 41 8 8570
C 41 9 10197
C 41 10 18917
C 41 11 7637
C 41 12 7531
C 41 13 8668
C 41 14 9547
C 41 15 8250
C 41 16 5695
C 41 17 8654
C 41 18 7672
C 41 19 8740
C 41 20 19098
C 41 21 8533
C 41 22 8333
C 41 23 8150
C 41 24 8752
C 41 25 8233
C 41 26 8901
C 41 27 8979
C 41 28 11439
C 41 29 8164
C 41 30 19651
C 41 31 10033
C 41 32 8499
C 41 33 7553
C 41 34 8175
C 41 35 8582
C 41 36 8091
C 41 37 7999
C 41 38 9673
C 41 39 8424
C 41 40 18518
C 43 1 6808
C 43 2 6703
C 43 3 5963
C 43 4 6524
C 43 5 6522
C 43 6 6527
C 43 7 6108
C 43 8 8628
C 43 9 8145
C 43 10 15806
C 43 11 7792
C 43 12 8724
C 43 13 5747
C 43 14 7029
C 43 15 8194
C 43 16 8144
C 43 17 6084
C 43 18 5897
C 43 19 7167
C 43 20 17237
C 43 21 7121
C 43 22 7880
C 43 23 6625
C 43 24 6744
C 43 25 6700
C 43 26 7352
C 43 27 7386
C 43 28 7589
C 43 29 6719
C 43 30 15446
C 43 31 8180
C 43 32 6890
C 43 33 6395
C 43 34 8469
C 43 35 7125
C 43 36 6371
C 43 37 6093
C 43 38 5828
C 43 39 7399
C 43 40 16356
C 44 1 11327
C 44 2 11872
C 44 3 10062
C 44 4 7950
C 44 5 11216
C 44 6 9327
C 44 7 11885
C 44 8 12054
C 44 9 10167
C 44 10 20030
C 44 11 12292
C 44 12 10745
C 44 13 10832
C 44 14 9610
C 44 15 11235
C 44 16 10098
C 44 17 10876
C 44 18 11918
C 44 19 10644
C 44 20 21400
C 44 21 9869
C 44 22 10446
C 44 23 9675
C 44 24 9820
C 44 25 11308
C 44 26 11230
C 44 27 10990
C 44 28 10328
C 44 29 8994
C 44 30 21016
C 44 31 12050
C 44 32 9892
C 44 33 10344
C 44 34 9356
C 44 35 10978
C 44 36 10539
C 44 37 9822
C 44 38 12131
C 44 39 9066
C 44 40 21710
C 45 1 5873
C 45 2 4254
C 45 3 5493
C 45 4 4467
C 45 5 5473
C 45 6 6716
C 45 7 8010
C 45 8 4340
C 45 9 4727
C 45 10 14582
C 45 11 4785
C 45 12 4341
C 45 13 4743
C 45 14 4703
C 45 15 4147
C 45 16 6440
C 45 17 4903
C 45 18 3588
C 45 19 5927
C 45 20 12962
C 45 21 4604
C 45 22 5779
C 45 23 6018
C 45 24 5752
C 45 25 5811
C 45 26 6321
C 45 27 6692
C 45 28 6148
C 45 29 7107
C 45 30 11306
C 45 31 6210
C 45 32 5446
C 45 33 4295
C 45 34 4806
C 45 35 5235
C 45 36 7198
C 45 37 4461
C 45 38 7420
C 45 39 4206
C 45 40 13702
C 51 1 6840
C 51 2 5804
C 51 3 3814
C 51 4 6943
C 51 5 6686
C 51 6 6588
C 51 7 5708
C 51 8 6629
C 51 9 9508
C 51 10 9803
C 51 11 7959
C 51 12 8669
C 51 13 7393
C 51 14 5261
C 51 15 6356
C 51 16 8266
C 51 17 8035
C 51 18 7144
C 51 19 7528
C 51 20 9717
C 51 21 7067
C 51 22 8267
C 51 23 8178
C 51 24 9071
C 51 25 7700
C 51 26 6223
C 51 27 8249
C 51 28 6484
C 51 29 6721
C 51 30 10339
C 51 31 6908
C 51 32 8130
C 51 33 6557
C 51 34 5327
C 51 35 9451
C 51 36 5691
C 51 37 7708
C 51 38 7464
C 51 39 5969
C 51 40 8881
C 56 1 3964
C 56 2 4410
C 56 3 5611
C 56 4 5949
C 56 5 4909
C 56 6 4396
C 56 7 5410
C 56 8 3433
C 56 9 3886
C 56 10 14251
C 56 11 4969
C 56 12 3870
C 56 13 4201
C 56 14 6553
C 56 15 5708
C 56 16 3235
C 56 17 6300
C 56 18 3207
C 56 19 4792
C 56 20 14129
C 56 21 5807
C 56 22 5166
C 56 23 3348
C 56 24 5234
C 56 25 4330
C 56 26 4427
C 56 27 4846
C 56 28 4465
C 56 29 4616
C 56 30 11658
C 56 31 3411
C 56 32 5447
C 56 33 5987
C 56 34 5439
C 56 35 4150
C 56 36 3566
C 56 37 4381
C 56 38 5715
C 56 39 5676
C 56 40 12591
C 57 1 4950
C 57 2 3730
C 57 3 4949
C 57 4 5040
C 57 5 4177
C 57 6 4915
C 57 7 4550
C 57 8 6485
C 57 9 4895
C 57 10 14600
C 57 11 4820
C 57 12 4989
C 57 13 5227
C 57 14 4934
C 57 15 5835
C 57 16 5912
C 57 17 5883
C 57 18 4651
C 57 19 6629
C 57 20 15497
C 57 21 4961
C 57 22 5633
C 57 23 5289
C 57 24 5676
C 57 25 6194
C 57 26 4592
C 57 27 4943
C 57 28 4287
C 57 29 5089
C 57 30 14589
C 57 31 6582
C 57 32 5518
C 57 33 6736
C 57 34 5199
C 57 35 5233
C 57 36 5046
C 57 37 2705
C 57 38 5792
C 57 39 3995
C 57 40 13311
C 73 1 2547
C 73 2 3269
C 73 3 1877
C 73 4 2455
C 73 5 3683
C 73 6 3358
C 73 7 2432
C 73 8 2238
C 73 9 4507
C 73 10 7752
C 73 11 2396
C 73 12 3045
C 73 13 4121
C 73 14 2789
C 73 15 2678
C 73 16 2017
C 73 17 2959
C 73 18 1103
C 73 19 3312
C 73 20 7483
C 73 21 3059
C 73 22 3147
C 73 23 4494
C 73 24 3129
C 73 25 2342
C 73 26 2306
C 73 27 2797
C 73 28 2679
C 73 29 2902
C 73 30 8259
C 73 31 4034
C 73 32 2597
C 73 33 2419
C 73 34 4165
C 73 35 3674
C 73 36 3975
C 73 37 3629
C 73 38 4190
C 73 39 1570
C 73 40 7178
C 77 1 14955
C 77 2 17557
C 77 3 13741
C 77 4 16138
C 77 5 17005
C 77 6 15493
C 77 7 14719
C 77 8 15209
C 77 9 16021
C 77 10 20617
C 77 11 15870
C 77 12 15162
C 77 13 17559
C 77 14 14750
C 77 15 15582
C 77 16 14509
C 77 17 15855
C 77 18 15143
C 77 19 14867
C 77 20 19781
C 77 21 17069
C 77 22 14566
C 77 23 14322
C 77 24 15421
C 77 25 16608
C 77 26 16210
C 77 27 16242
C 77 28 16703
C 77 29 17545
C 77 30 21353
C 77 31 17367
C 77 32 15578
C 77 33 16700
C 77 34 15668
C 77 35 14307
C 77 36 14186
C 77 37 16212
C 77 38 14956
C 77 39 13835
C 77 40 19498
C 78 1 3769
C 78 2 3773
C 78 3 4330
C 78 4 5266
C 78 5 3844
C 78 6 4612
C 78 7 4384
C 78 8 3745
C 78 9 4767
C 78 10 13109
C 78 11 5919
C 78 12 3636
C 78 13 5238
C 78 14 5650
C 78 15 5174
C 78 16 2975
C 78 17 4994
C 78 18 3619
C 78 19 4561
C 78 20 13112
C 78 21 3830
C 78 22 5601
C 78 23 2993
C 78 24 3658
C 78 25 3018
C 78 26 3633
C 78 27 7066
C 78 28 6192
C 78 29 4083
C 78 30 14228
C 78 31 3867
C 78 32 3337
C 78 33 3330
C 78 34 3263
C 78 35 3501
C 78 36 3462
C 78 37 3168
C 78 38 5250
C 78 39 4598
C 78 40 11464
C 80 1 4849
C 80 2 5901
C 80 3 6673
C 80 4 5672
C 80 5 3949
C 80 6 3226
C 80 7 6191
C 80 8 5682
C 80 9 5710
C 80 10 12560
C 80 11 3670
C 80 12 4201
C 80 13 4501
C 80 14 2898
C 80 15 3601
C 80 16 3351
C 80 17 2941
C 80 18 4162
C 80 19 4929
C 80 20 12089
C 80 21 3984
C 80 22 4958
C 80 23 3949
C 80 24 4571
C 80 25 4741
C 80 26 5085
C 80 27 4639
C 80 28 3702
C 80 29 3448
C 80 30 12776
C 80 31 4707
C 80 32 3558
C 80 33 4278
C 80 34 3356
C 80 35 5658
C 80 36 4837
C 80 37 3626
C 80 38 4645
C 80 39 2469
C 80 40 13181
C 82 1 5728
C 82 2 5625
C 82 3 8576
C 82 4 6061
C 82 5 6832
C 82 6 7390
C 82 7 8009
C 82 8 4681
C 82 9 5051
C 82 10 13724
C 82 11 4742
C 82 12 7498
C 82 13 6840
C 82 14 6364
C 82 15 5134
C 82 16 6794
C 82 17 6162
C 82 18 6282
C 82 19 6622
C 82 20 15904
C 82 21 4582
C 82 22 5813
C 82 23 5104
C 82 24 4896
C 82 25 5132
C 82 26 6053
C 82 27 5679
C 82 28 5233
C 82 29 4584
C 82 30 13758
C 82 31 7656
C 82 32 5162
C 82 33 6780
C 82 34 6366
C 82 35 7043
C 82 36 5886
C 82 37 6456
C 82 38 5760
C 82 39 5093
C 82 40 14081
D 38 1 10611
D 38 2 4306
D 38 3 11678
D 38 4 7403
D 38 5 10195
D 38 6 6178
D 38 7 7608
D 38 8 7967
D 38 9 7245
D 38 10 19409
D 38 11 8748
D 38 12 11160
D 38 13 9862
D 38 14 8098
D 38 15 10764
D 38 16 5830
D 38 17 8785
D 38 18 7713
D 38 19 11506
D 38 20 20371
D 38 21 5710
D 38 22 10733
D 38 23 6652
D 38 24 8797
D 38 25 10512
D 38 26 7207
D 38 27 10509
D 38 28 10033
D 38 29 8653
D 38 30 18531
D 38 31 9969
D 38 32 10145
D 38 33 7172
D 38 34 10754
D 38 35 7262
D 38 36 9496
D 38 37 6609
D 38 38 10682
D 38 39 6444
D 38 40 18396
D 49 1 4436
D 49 2 3728
D 49 3 5606
D 49 4 3170
D 49 5 5624
D 49 6 3372
D 49 7 5189
D 49 8 6728
D 49 9 5717
D 49 10 7516
D 49 11 6685
D 49 12 4054
D 49 13 3880
D 49 14 5617
D 49 15 7001
D 49 16 3434
D 49 17 4127
D 49 18 4403
D 49 19 3813
D 49 20 8795
D 49 21 4618
D 49 22 5200
D 49 23 3209
D 49 24 5104
D 49 25 4373
D 49 26 5769
D 49 27 5871
D 49 28 4924
D 49 29 5116
D 49 30 8961
D 49 31 4041
D 49 32 5027
D 49 33 5316
D 49 34 4835
D 49 35 4380
D 49 36 5087
D 49 37 5591
D 49 38 4054
D 49 39 3115
D 49 40 8441
D 59 1 4421
D 59 2 3644
D 59 3 2885
D 59 4 2017
D 59 5 2766
D 59 6 3717
D 59 7 2937
D 59 8 2632
D 59 9 2727
D 59 10 6360
D 59 11 2000
D 59 12 1279
D 59 13 2329
D 59 14 3681
D 59 15 2216
D 59 16 3943
D 59 17 2611
D 59 18 2217
D 59 19 3279
D 59 20 5195
D 59 21 2422
D 59 22 4144
D 59 23 1027
D 59 24 3270
D 59 25 2405
D 59 26 3308
D 59 27 3129
D 59 28 3777
D 59 29 2576
D 59 30 5304
D 59 31 2036
D 59 32 1722
D 59 33 2668
D 59 34 2928
D 59 35 3920
D 59 36 3300
D 59 37 2413
D 59 38 1691
D 59 39 4022
D 59 40 4859
D 71 1 10132
D 71 2 10761
D 71 3 7710
D 71 4 7098
D 71 5 9363
D 71 6 8641
D 71 7 10422
D 71 8 8531
D 71 9 10664
D 71 10 16048
D 71 11 10182
D 71 12 9379
D 71 13 7198
D 71 14 10982
D 71 15 10496
D 71 16 7018
D 71 17 11232
D 71 18 7836
D 71 19 9955
D 71 20 14784
D 71 21 6819
D 71 22 9851
D 71 23 8396
D 71 24 8216
D 71 25 10142
D 71 26 9830
D 71 27 8912
D 71 28 7877
D 71 29 9839
D 71 30 14851
D 71 31 8192
D 71 32 8517
D 71 33 8599
D 71 34 9751
D 71 35 9353
D 71 36 8342
D 71 37 5921
D 71 38 8905
D 71 39 6420
D 71 40 16911
D 80 1 5565
D 80 2 2485
D 80 3 6118
D 80 4 5225
D 80 5 3848
D 80 6 4832
D 80 7 3253
D 80 8 5851
D 80 9 5533
D 80 10 11910
D 80 11 4107
D 80 12 5895
D 80 13 4484
D 80 14 4938
D 80 15 4811
D 80 16 4582
D 80 17 5466
D 80 18 3955
D 80 19 6552
D 80 20 10005
D 80 21 3991
D 80 22 4579
D 80 23 4298
D 80 24 7181
D 80 25 4664
D 80 26 5594
D 80 27 5127
D 80 28 5827
D 80 29 6107
D 80 30 10597
D 80 31 5293
D 80 32 6816
D 80 33 5034
D 80 34 7421
D 80 35 3234
D 80 36 5297
D 80 37 5612
D 80 38 5173
D 80 39 5209
D 80 40 10597
1961 1962 1 189
1961 1962 2 3099
1961 1962 3 1601
1961 1962 4 1725
1961 1962 5 1534
1961 1962 6 -565
1961 1962 7 1308
1961 1962 8 1097
1961 1962 9 1006
1961 1962 10 2140
1961 1962 11 -90
1961 1962 12 2735
1961 1962 13 2561
1961 1962 14 1587
1961 1962 15 472
1961 1962 16 2195
1961 1962 17 2730
1961 1962 18 -935
1961 1962 19 1174
1961 1962 20 2585
1961 1962 21 402
1961 1962 22 2238
1961 1962 23 758
1961 1962 24 1224
1961 1962 25 2789
1961 1962 26 355
1961 1962 27 -700
1961 1962 28 2817
1961 1962 29 2520
1961 1962 30 1292
1961 1962 31 1529
1961 1962 32 -457
1961 1962 33 781
1961 1962 34 1114
1961 1962 35 1463
1961 1962 36 2347
1961 1962 37 1197
1961 1962 38 2279
1961 1962 39 1430
1961 1962 40 1916
2070 2071 1 3625
2070 2071 2 2742
2070 2071 3 2933
2070 2071 4 3857
2070 2071 5 3570
2070 2071 6 2223
2070 2071 7 2368
2070 2071 8 1852
2070 2071 9 4672
2070 2071 10 6950
2070 2071 11 2548
2070 2071 12 5440
2070 2071 13 3335
2070 2071 14 2401
2070 2071 15 3539
2070 2071 16 2438
2070 2071 17 3850
2070 2071 18 3571
2070 2071 19 2872
2070 2071 20 6305
2070 2071 21 3851
2070 2071 22 3878
2070 2071 23 1843
2070 2071 24 1322
2070 2071 25 4488
2070 2071 26 3156
2070 2071 27 3367
2070 2071 28 4771
2070 2071 29 3003
2070 2071 30 7031
2070 2071 31 3595
2070 2071 32 6142
2070 2071 33 4742
2070 2071 34 5305
2070 2071 35 3093
2070 2071 36 3009
2070 2071 37 1871
2070 2071 38 3524
2070 2071 39 2538
2070 2071 40 5844
2347 2348 1 5798
2347 2348 2 2307
2347 2348 3 2260
2347 2348 4 2766
2347 2348 5 2738
2347 2348 6 2821
2347 2348 7 4257
2347 2348 8 3017
2347 2348 9 2812
2347 2348 10 6686
2347 2348 11 2364
2347 2348 12 1835
2347 2348 13 3048
2347 2348 14 3564
2347 2348 15 3627
2347 2348 16 3323
2347 2348 17 1758
2347 2348 18 1412
2347 2348 19 3877
2347 2348 20 6625
2347 2348 21 428
2347 2348 22 3728
2347 2348 23 1638
2347 2348 24 2390
2347 2348 25 4207
2347 2348 26 3013
2347 2348 27 4816
2347 2348 28 2596
2347 2348 29 2239
2347 2348 30 7211
2347 2348 31 2975
2347 2348 32 2004
2347 2348 33 3555
2347 2348 34 2709
2347 2348 35 3019
2347 2348 36 1843
2347 2348 37 1431
2347 2348 38 1579
2347 2348 39 2796
2347 2348 40 6060
