ref
429162
429162
429162
429162
429162
429162
429162
429162
429162
429162
429162
429162
429162
429162
429162
429162
429162
429162
429162
429162
429162
429162
429162
429162
429162
429162
429162
429162
429162
429162
429162
429162
429162
429162
429162
429162
429162
429162
429162
429162
997955
997955
997955
997955
997955
997955
997955
997955
997955
997955
997955
997955
997955
997955
997955
997955
997955
997955
997955
997955
997955
997955
997955
997955
997955
997955
997955
997955
997955
997955
997955
997955
997955
997955
997955
997955
997955
997955
997955
997955
378006
378006
378006
378006
378006
378006
378006
378006
378006
378006
378006
378006
378006
378006
378006
378006
378006
378006
378006
378006
378006
378006
378006
378006
378006
378006
378006
378006
378006
378006
378006
378006
378006
378006
378006
378006
378006
378006
378006
378006
437029
437029
437029
437029
437029
437029
437029
437029
437029
437029
437029
437029
437029
437029
437029
437029
437029
437029
437029
437029
437029
437029
437029
437029
437029
437029
437029
437029
437029
437029
437029
437029
437029
437029
437029
437029
437029
437029
437029
437029
1521330
1521330
1521330
1521330
1521330
1521330
1521330
1521330
1521330
1521330
1521330
1521330
1521330
1521330
1521330
1521330
1521330
1521330
1521330
1521330
1521330
1521330
1521330
1521330
1521330
1521330
1521330
1521330
1521330
1521330
1521330
1521330
1521330
1521330
1521330
1521330
1521330
1521330
1521330
1521330
1120590
1120590
1120590
1120590
1120590
1120590
1120590
1120590
1120590
1120590
1120590
1120590
1120590
1120590
1120590
1120590
1120590
1120590
1120590
1120590
1120590
1120590
1120590
1120590
1120590
1120590
1120590
1120590
1120590
1120590
1120590
1120590
1120590
1120590
1120590
1120590
1120590
1120590
1120590
1120590
1708800
1708800
1708800
1708800
1708800
1708800
1708800
1708800
1708800
1708800
1708800
1708800
1708800
1708800
1708800
1708800
1708800
1708800
1708800
1708800
1708800
1708800
1708800
1708800
1708800
1708800
1708800
1708800
1708800
1708800
1708800
1708800
1708800
1708800
1708800
1708800
1708800
1708800
1708800
1708800
2220140
2220140
2220140
2220140
2220140
2220140
2220140
2220140
2220140
2220140
2220140
2220140
2220140
2220140
2220140
2220140
2220140
2220140
2220140
2220140
2220140
2220140
2220140
2220140
2220140
2220140
2220140
2220140
2220140
2220140
2220140
2220140
2220140
2220140
2220140
2220140
2220140
2220140
2220140
2220140
220041
220041
220041
220041
220041
220041
220041
220041
220041
220041
220041
220041
220041
220041
220041
220041
220041
220041
220041
220041
220041
220041
220041
220041
220041
220041
220041
220041
220041
220041
220041
220041
220041
220041
220041
220041
220041
220041
220041
220041
893398
893398
893398
893398
893398
893398
893398
893398
893398
893398
893398
893398
893398
893398
893398
893398
893398
893398
893398
893398
893398
893398
893398
893398
893398
893398
893398
893398
893398
893398
893398
893398
893398
893398
893398
893398
893398
893398
893398
893398
430675
430675
430675
430675
430675
430675
430675
430675
430675
430675
430675
430675
430675
430675
430675
430675
430675
430675
430675
430675
430675
430675
430675
430675
430675
430675
430675
430675
430675
430675
430675
430675
430675
430675
430675
430675
430675
430675
430675
430675
343393
343393
343393
343393
343393
343393
343393
343393
343393
343393
343393
343393
343393
343393
343393
343393
343393
343393
343393
343393
343393
343393
343393
343393
343393
343393
343393
343393
343393
343393
343393
343393
343393
343393
343393
343393
343393
343393
343393
343393
1049710
1049710
1049710
1049710
1049710
1049710
1049710
1049710
1049710
1049710
1049710
1049710
1049710
1049710
1049710
1049710
1049710
1049710
1049710
1049710
1049710
1049710
1049710
1049710
1049710
1049710
1049710
1049710
1049710
1049710
1049710
1049710
1049710
1049710
1049710
1049710
1049710
1049710
1049710
1049710
291017
291017
291017
291017
291017
291017
291017
291017
291017
291017
291017
291017
291017
291017
291017
291017
291017
291017
291017
291017
291017
291017
291017
291017
291017
291017
291017
291017
291017
291017
291017
291017
291017
291017
291017
291017
291017
291017
291017
291017
896977
896977
896977
896977
896977
896977
896977
896977
896977
896977
896977
896977
896977
896977
896977
896977
896977
896977
896977
896977
896977
896977
896977
896977
896977
896977
896977
896977
896977
896977
896977
896977
896977
896977
896977
896977
896977
896977
896977
896977
1253510
1253510
1253510
1253510
1253510
1253510
1253510
1253510
1253510
1253510
1253510
1253510
1253510
1253510
1253510
1253510
1253510
1253510
1253510
1253510
1253510
1253510
1253510
1253510
1253510
1253510
1253510
1253510
1253510
1253510
1253510
1253510
1253510
1253510
1253510
1253510
1253510
1253510
1253510
1253510
740081
740081
740081
740081
740081
740081
740081
740081
740081
740081
740081
740081
740081
740081
740081
740081
740081
740081
740081
740081
740081
740081
740081
740081
740081
740081
740081
740081
740081
740081
740081
740081
740081
740081
740081
740081
740081
740081
740081
740081
750845
750845
750845
750845
750845
750845
750845
750845
750845
750845
750845
750845
750845
750845
750845
750845
750845
750845
750845
750845
750845
750845
750845
750845
750845
750845
750845
750845
750845
750845
750845
750845
750845
750845
750845
750845
750845
750845
750845
750845
335275
335275
335275
335275
335275
335275
335275
335275
335275
335275
335275
335275
335275
335275
335275
335275
335275
335275
335275
335275
335275
335275
335275
335275
335275
335275
335275
335275
335275
335275
335275
335275
335275
335275
335275
335275
335275
335275
335275
335275
336868
336868
336868
336868
336868
336868
336868
336868
336868
336868
336868
336868
336868
336868
336868
336868
336868
336868
336868
336868
336868
336868
336868
336868
336868
336868
336868
336868
336868
336868
336868
336868
336868
336868
336868
336868
336868
336868
336868
336868
455024
455024
455024
455024
455024
455024
455024
455024
455024
455024
455024
455024
455024
455024
455024
455024
455024
455024
455024
455024
455024
455024
455024
455024
455024
455024
455024
455024
455024
455024
455024
455024
455024
455024
455024
455024
455024
455024
455024
455024
1581320
1581320
1581320
1581320
1581320
1581320
1581320
1581320
1581320
1581320
1581320
1581320
1581320
1581320
1581320
1581320
1581320
1581320
1581320
1581320
1581320
1581320
1581320
1581320
1581320
1581320
1581320
1581320
1581320
1581320
1581320
1581320
1581320
1581320
1581320
1581320
1581320
1581320
1581320
1581320
782633
782633
782633
782633
782633
782633
782633
782633
782633
782633
782633
782633
782633
782633
782633
782633
782633
782633
782633
782633
782633
782633
782633
782633
782633
782633
782633
782633
782633
782633
782633
782633
782633
782633
782633
782633
782633
782633
782633
782633
706064
706064
706064
706064
706064
706064
706064
706064
706064
706064
706064
706064
706064
706064
706064
706064
706064
706064
706064
706064
706064
706064
706064
706064
706064
706064
706064
706064
706064
706064
706064
706064
706064
706064
706064
706064
706064
706064
706064
706064
528730
528730
528730
528730
528730
528730
528730
528730
528730
528730
528730
528730
528730
528730
528730
528730
528730
528730
528730
528730
528730
528730
528730
528730
528730
528730
528730
528730
528730
528730
528730
528730
528730
528730
528730
528730
528730
528730
528730
528730
610895
610895
610895
610895
610895
610895
610895
610895
610895
610895
610895
610895
610895
610895
610895
610895
610895
610895
610895
610895
610895
610895
610895
610895
610895
610895
610895
610895
610895
610895
610895
610895
610895
610895
610895
610895
610895
610895
610895
610895
349716
349716
349716
349716
349716
349716
349716
349716
349716
349716
349716
349716
349716
349716
349716
349716
349716
349716
349716
349716
349716
349716
349716
349716
349716
349716
349716
349716
349716
349716
349716
349716
349716
349716
349716
349716
349716
349716
349716
349716
593282
593282
593282
593282
593282
593282
593282
593282
593282
593282
593282
593282
593282
593282
593282
593282
593282
593282
593282
593282
593282
593282
593282
593282
593282
593282
593282
593282
593282
593282
593282
593282
593282
593282
593282
593282
593282
593282
593282
593282
460191
460191
460191
460191
460191
460191
460191
460191
460191
460191
460191
460191
460191
460191
460191
460191
460191
460191
460191
460191
460191
460191
460191
460191
460191
460191
460191
460191
460191
460191
460191
460191
460191
460191
460191
460191
460191
460191
460191
460191
876172
876172
876172
876172
876172
876172
876172
876172
876172
876172
876172
876172
876172
876172
876172
876172
876172
876172
876172
876172
876172
876172
876172
876172
876172
876172
876172
876172
876172
876172
876172
876172
876172
876172
876172
876172
876172
876172
876172
876172
388278
388278
388278
388278
388278
388278
388278
388278
388278
388278
388278
388278
388278
388278
388278
388278
388278
388278
388278
388278
388278
388278
388278
388278
388278
388278
388278
388278
388278
388278
388278
388278
388278
388278
388278
388278
388278
388278
388278
388278
661442
661442
661442
661442
661442
661442
661442
661442
661442
661442
661442
661442
661442
661442
661442
661442
661442
661442
661442
661442
661442
661442
661442
661442
661442
661442
661442
661442
661442
661442
661442
661442
661442
661442
661442
661442
661442
661442
661442
661442
451366
451366
451366
451366
451366
451366
451366
451366
451366
451366
451366
451366
451366
451366
451366
451366
451366
451366
451366
451366
451366
451366
451366
451366
451366
451366
451366
451366
451366
451366
451366
451366
451366
451366
451366
451366
451366
451366
451366
451366
424647
424647
424647
424647
424647
424647
424647
424647
424647
424647
424647
424647
424647
424647
424647
424647
424647
424647
424647
424647
424647
424647
424647
424647
424647
424647
424647
424647
424647
424647
424647
424647
424647
424647
424647
424647
424647
424647
424647
424647
435087
435087
435087
435087
435087
435087
435087
435087
435087
435087
435087
435087
435087
435087
435087
435087
435087
435087
435087
435087
435087
435087
435087
435087
435087
435087
435087
435087
435087
435087
435087
435087
435087
435087
435087
435087
435087
435087
435087
435087
970169
970169
970169
970169
970169
970169
970169
970169
970169
970169
970169
970169
970169
970169
970169
970169
970169
970169
970169
970169
970169
970169
970169
970169
970169
970169
970169
970169
970169
970169
970169
970169
970169
970169
970169
970169
970169
970169
970169
970169
346191
346191
346191
346191
346191
346191
346191
346191
346191
346191
346191
346191
346191
346191
346191
346191
346191
346191
346191
346191
346191
346191
346191
346191
346191
346191
346191
346191
346191
346191
346191
346191
346191
346191
346191
346191
346191
346191
346191
346191
2171100
2171100
2171100
2171100
2171100
2171100
2171100
2171100
2171100
2171100
2171100
2171100
2171100
2171100
2171100
2171100
2171100
2171100
2171100
2171100
2171100
2171100
2171100
2171100
2171100
2171100
2171100
2171100
2171100
2171100
2171100
2171100
2171100
2171100
2171100
2171100
2171100
2171100
2171100
2171100
867343
867343
867343
867343
867343
867343
867343
867343
867343
867343
867343
867343
867343
867343
867343
867343
867343
867343
867343
867343
867343
867343
867343
867343
867343
867343
867343
867343
867343
867343
867343
867343
867343
867343
867343
867343
867343
867343
867343
867343
1858260
1858260
1858260
1858260
1858260
1858260
1858260
1858260
1858260
1858260
1858260
1858260
1858260
1858260
1858260
1858260
1858260
1858260
1858260
1858260
1858260
1858260
1858260
1858260
1858260
1858260
1858260
1858260
1858260
1858260
1858260
1858260
1858260
1858260
1858260
1858260
1858260
1858260
1858260
1858260
1516400
1516400
1516400
1516400
1516400
1516400
1516400
1516400
1516400
1516400
1516400
1516400
1516400
1516400
1516400
1516400
1516400
1516400
1516400
1516400
1516400
1516400
1516400
1516400
1516400
1516400
1516400
1516400
1516400
1516400
1516400
1516400
1516400
1516400
1516400
1516400
1516400
1516400
1516400
1516400
450193
450193
450193
450193
450193
450193
450193
450193
450193
450193
450193
450193
450193
450193
450193
450193
450193
450193
450193
450193
450193
450193
450193
450193
450193
450193
450193
450193
450193
450193
450193
450193
450193
450193
450193
450193
450193
450193
450193
450193
379258
379258
379258
379258
379258
379258
379258
379258
379258
379258
379258
379258
379258
379258
379258
379258
379258
379258
379258
379258
379258
379258
379258
379258
379258
379258
379258
379258
379258
379258
379258
379258
379258
379258
379258
379258
379258
379258
379258
379258
103895
103895
103895
103895
103895
103895
103895
103895
103895
103895
103895
103895
103895
103895
103895
103895
103895
103895
103895
103895
103895
103895
103895
103895
103895
103895
103895
103895
103895
103895
103895
103895
103895
103895
103895
103895
103895
103895
103895
103895
115740
115740
115740
115740
115740
115740
115740
115740
115740
115740
115740
115740
115740
115740
115740
115740
115740
115740
115740
115740
115740
115740
115740
115740
115740
115740
115740
115740
115740
115740
115740
115740
115740
115740
115740
115740
115740
115740
115740
115740
94227
94227
94227
94227
94227
94227
94227
94227
94227
94227
94227
94227
94227
94227
94227
94227
94227
94227
94227
94227
94227
94227
94227
94227
94227
94227
94227
94227
94227
94227
94227
94227
94227
94227
94227
94227
94227
94227
94227
94227
71576
71576
71576
71576
71576
71576
71576
71576
71576
71576
71576
71576
71576
71576
71576
71576
71576
71576
71576
71576
71576
71576
71576
71576
71576
71576
71576
71576
71576
71576
71576
71576
71576
71576
71576
71576
71576
71576
71576
71576
81434
81434
81434
81434
81434
81434
81434
81434
81434
81434
81434
81434
81434
81434
81434
81434
81434
81434
81434
81434
81434
81434
81434
81434
81434
81434
81434
81434
81434
81434
81434
81434
81434
81434
81434
81434
81434
81434
81434
81434
500899
500899
500899
500899
500899
500899
500899
500899
500899
500899
500899
500899
500899
500899
500899
500899
500899
500899
500899
500899
500899
500899
500899
500899
500899
500899
500899
500899
500899
500899
500899
500899
500899
500899
500899
500899
500899
500899
500899
500899
531309
531309
531309
531309
531309
531309
531309
531309
531309
531309
531309
531309
531309
531309
531309
531309
531309
531309
531309
531309
531309
531309
531309
531309
531309
531309
531309
531309
531309
531309
531309
531309
531309
531309
531309
531309
531309
531309
531309
531309
368955
368955
368955
368955
368955
368955
368955
368955
368955
368955
368955
368955
368955
368955
368955
368955
368955
368955
368955
368955
368955
368955
368955
368955
368955
368955
368955
368955
368955
368955
368955
368955
368955
368955
368955
368955
368955
368955
368955
368955
429861
429861
429861
429861
429861
429861
429861
429861
429861
429861
429861
429861
429861
429861
429861
429861
429861
429861
429861
429861
429861
429861
429861
429861
429861
429861
429861
429861
429861
429861
429861
429861
429861
429861
429861
429861
429861
429861
429861
429861
404945
404945
404945
404945
404945
404945
404945
404945
404945
404945
404945
404945
404945
404945
404945
404945
404945
404945
404945
404945
404945
404945
404945
404945
404945
404945
404945
404945
404945
404945
404945
404945
404945
404945
404945
404945
404945
404945
404945
404945
344901
344901
344901
344901
344901
344901
344901
344901
344901
344901
344901
344901
344901
344901
344901
344901
344901
344901
344901
344901
344901
344901
344901
344901
344901
344901
344901
344901
344901
344901
344901
344901
344901
344901
344901
344901
344901
344901
344901
344901
392327
392327
392327
392327
392327
392327
392327
392327
392327
392327
392327
392327
392327
392327
392327
392327
392327
392327
392327
392327
392327
392327
392327
392327
392327
392327
392327
392327
392327
392327
392327
392327
392327
392327
392327
392327
392327
392327
392327
392327
156393
156393
156393
156393
156393
156393
156393
156393
156393
156393
156393
156393
156393
156393
156393
156393
156393
156393
156393
156393
156393
156393
156393
156393
156393
156393
156393
156393
156393
156393
156393
156393
156393
156393
156393
156393
156393
156393
156393
156393
224085
224085
224085
224085
224085
224085
224085
224085
224085
224085
224085
224085
224085
224085
224085
224085
224085
224085
224085
224085
224085
224085
224085
224085
224085
224085
224085
224085
224085
224085
224085
224085
224085
224085
224085
224085
224085
224085
224085
224085
571143
571143
571143
571143
571143
571143
571143
571143
571143
571143
571143
571143
571143
571143
571143
571143
571143
571143
571143
571143
571143
571143
571143
571143
571143
571143
571143
571143
571143
571143
571143
571143
571143
571143
571143
571143
571143
571143
571143
571143
258726
258726
258726
258726
258726
258726
258726
258726
258726
258726
258726
258726
258726
258726
258726
258726
258726
258726
258726
258726
258726
258726
258726
258726
258726
258726
258726
258726
258726
258726
258726
258726
258726
258726
258726
258726
258726
258726
258726
258726
315189
315189
315189
315189
315189
315189
315189
315189
315189
315189
315189
315189
315189
315189
315189
315189
315189
315189
315189
315189
315189
315189
315189
315189
315189
315189
315189
315189
315189
315189
315189
315189
315189
315189
315189
315189
315189
315189
315189
315189
813162
813162
813162
813162
813162
813162
813162
813162
813162
813162
813162
813162
813162
813162
813162
813162
813162
813162
813162
813162
813162
813162
813162
813162
813162
813162
813162
813162
813162
813162
813162
813162
813162
813162
813162
813162
813162
813162
813162
813162
655817
655817
655817
655817
655817
655817
655817
655817
655817
655817
655817
655817
655817
655817
655817
655817
655817
655817
655817
655817
655817
655817
655817
655817
655817
655817
655817
655817
655817
655817
655817
655817
655817
655817
655817
655817
655817
655817
655817
655817
164071
164071
164071
164071
164071
164071
164071
164071
164071
164071
164071
164071
164071
164071
164071
164071
164071
164071
164071
164071
164071
164071
164071
164071
164071
164071
164071
164071
164071
164071
164071
164071
164071
164071
164071
164071
164071
164071
164071
164071
127265
127265
127265
127265
127265
127265
127265
127265
127265
127265
127265
127265
127265
127265
127265
127265
127265
127265
127265
127265
127265
127265
127265
127265
127265
127265
127265
127265
127265
127265
127265
127265
127265
127265
127265
127265
127265
127265
127265
127265
205630
205630
205630
205630
205630
205630
205630
205630
205630
205630
205630
205630
205630
205630
205630
205630
205630
205630
205630
205630
205630
205630
205630
205630
205630
205630
205630
205630
205630
205630
205630
205630
205630
205630
205630
205630
205630
205630
205630
205630
386266
386266
386266
386266
386266
386266
386266
386266
386266
386266
386266
386266
386266
386266
386266
386266
386266
386266
386266
386266
386266
386266
386266
386266
386266
386266
386266
386266
386266
386266
386266
386266
386266
386266
386266
386266
386266
386266
386266
386266
318414
318414
318414
318414
318414
318414
318414
318414
318414
318414
318414
318414
318414
318414
318414
318414
318414
318414
318414
318414
318414
318414
318414
318414
318414
318414
318414
318414
318414
318414
318414
318414
318414
318414
318414
318414
318414
318414
318414
318414
465103
465103
465103
465103
465103
465103
465103
465103
465103
465103
465103
465103
465103
465103
465103
465103
465103
465103
465103
465103
465103
465103
465103
465103
465103
465103
465103
465103
465103
465103
465103
465103
465103
465103
465103
465103
465103
465103
465103
465103
248988
248988
248988
248988
248988
248988
248988
248988
248988
248988
248988
248988
248988
248988
248988
248988
248988
248988
248988
248988
248988
248988
248988
248988
248988
248988
248988
248988
248988
248988
248988
248988
248988
248988
248988
248988
248988
248988
248988
248988
295031
295031
295031
295031
295031
295031
295031
295031
295031
295031
295031
295031
295031
295031
295031
295031
295031
295031
295031
295031
295031
295031
295031
295031
295031
295031
295031
295031
295031
295031
295031
295031
295031
295031
295031
295031
295031
295031
295031
295031
223428
223428
223428
223428
223428
223428
223428
223428
223428
223428
223428
223428
223428
223428
223428
223428
223428
223428
223428
223428
223428
223428
223428
223428
223428
223428
223428
223428
223428
223428
223428
223428
223428
223428
223428
223428
223428
223428
223428
223428
244043
244043
244043
244043
244043
244043
244043
244043
244043
244043
244043
244043
244043
244043
244043
244043
244043
244043
244043
244043
244043
244043
244043
244043
244043
244043
244043
244043
244043
244043
244043
244043
244043
244043
244043
244043
244043
244043
244043
244043
138561
138561
138561
138561
138561
138561
138561
138561
138561
138561
138561
138561
138561
138561
138561
138561
138561
138561
138561
138561
138561
138561
138561
138561
138561
138561
138561
138561
138561
138561
138561
138561
138561
138561
138561
138561
138561
138561
138561
138561
644888
644888
644888
644888
644888
644888
644888
644888
644888
644888
644888
644888
644888
644888
644888
644888
644888
644888
644888
644888
644888
644888
644888
644888
644888
644888
644888
644888
644888
644888
644888
644888
644888
644888
644888
644888
644888
644888
644888
644888
206035
206035
206035
206035
206035
206035
206035
206035
206035
206035
206035
206035
206035
206035
206035
206035
206035
206035
206035
206035
206035
206035
206035
206035
206035
206035
206035
206035
206035
206035
206035
206035
206035
206035
206035
206035
206035
206035
206035
206035
208920
208920
208920
208920
208920
208920
208920
208920
208920
208920
208920
208920
208920
208920
208920
208920
208920
208920
208920
208920
208920
208920
208920
208920
208920
208920
208920
208920
208920
208920
208920
208920
208920
208920
208920
208920
208920
208920
208920
208920
275133
275133
275133
275133
275133
275133
275133
275133
275133
275133
275133
275133
275133
275133
275133
275133
275133
275133
275133
275133
275133
275133
275133
275133
275133
275133
275133
275133
275133
275133
275133
275133
275133
275133
275133
275133
275133
275133
275133
275133
389697
389697
389697
389697
389697
389697
389697
389697
389697
389697
389697
389697
389697
389697
389697
389697
389697
389697
389697
389697
389697
389697
389697
389697
389697
389697
389697
389697
389697
389697
389697
389697
389697
389697
389697
389697
389697
389697
389697
389697
205944
205944
205944
205944
205944
205944
205944
205944
205944
205944
205944
205944
205944
205944
205944
205944
205944
205944
205944
205944
205944
205944
205944
205944
205944
205944
205944
205944
205944
205944
205944
205944
205944
205944
205944
205944
205944
205944
205944
205944
123770
123770
123770
123770
123770
123770
123770
123770
123770
123770
123770
123770
123770
123770
123770
123770
123770
123770
123770
123770
123770
123770
123770
123770
123770
123770
123770
123770
123770
123770
123770
123770
123770
123770
123770
123770
123770
123770
123770
123770
384073
384073
384073
384073
384073
384073
384073
384073
384073
384073
384073
384073
384073
384073
384073
384073
384073
384073
384073
384073
384073
384073
384073
384073
384073
384073
384073
384073
384073
384073
384073
384073
384073
384073
384073
384073
384073
384073
384073
384073
227071
227071
227071
227071
227071
227071
227071
227071
227071
227071
227071
227071
227071
227071
227071
227071
227071
227071
227071
227071
227071
227071
227071
227071
227071
227071
227071
227071
227071
227071
227071
227071
227071
227071
227071
227071
227071
227071
227071
227071
55428
55428
55428
55428
55428
55428
55428
55428
55428
55428
55428
55428
55428
55428
55428
55428
55428
55428
55428
55428
55428
55428
55428
55428
55428
55428
55428
55428
55428
55428
55428
55428
55428
55428
55428
55428
55428
55428
55428
55428
147455
147455
147455
147455
147455
147455
147455
147455
147455
147455
147455
147455
147455
147455
147455
147455
147455
147455
147455
147455
147455
147455
147455
147455
147455
147455
147455
147455
147455
147455
147455
147455
147455
147455
147455
147455
147455
147455
147455
147455
127124
127124
127124
127124
127124
127124
127124
127124
127124
127124
127124
127124
127124
127124
127124
127124
127124
127124
127124
127124
127124
127124
127124
127124
127124
127124
127124
127124
127124
127124
127124
127124
127124
127124
127124
127124
127124
127124
127124
127124
